"Longitude","Latitude"
39.3473453313735,48.5367457742801
39.3474142608169,48.5367794969876
39.354011214012,48.5454529773599
39.3988356255503,48.5634109935647
39.3509397991102,48.5736289739411
39.3941038219985,48.5709783691306
39.3735223011511,48.5708933879076
39.4101299175756,48.5795344944807
39.3118953241299,48.5601034704118
39.3137178997053,48.576290370018
39.330733335528,48.5321729751413
39.3898119504821,48.5692679534055
39.3957865113507,48.567726151218
39.3914905851612,48.5711361914017
39.3914378744104,48.5711874499172
39.4054285240723,48.5640598184572
39.3448942814617,48.532692304837
39.3987545320875,48.5634851835212
39.3448456253841,48.572165408435
39.3020607144342,48.5669491800369
39.383421785617,48.5666551180274
39.3452004092836,48.5324292677184
39.2583736387111,48.5424476096664
39.2876889254973,48.5665391119136
39.4053859500044,48.5639357188936
39.3057950683941,48.5721343835441
39.3915189678731,48.5710889796112
39.3458369929663,48.5648813036122
39.3299791663244,48.5512128158031
39.3961108852017,48.5680161665026
39.3957013632148,48.5716164027567
39.3256163380281,48.5527627114404
39.3044772996243,48.5720386110548
39.3474548075482,48.5368051262453
39.4055197542179,48.5639613481513
39.3510188652364,48.5736235783079
39.3582159100559,48.557945217131
39.4254058986222,48.5093669825045
39.3831460678436,48.5747512656471
39.3957256912536,48.567905556022
39.3721254662551,48.5704590394349
39.3971123894667,48.5721289879109
39.3883259127771,48.5594101315454
39.3723809106628,48.5707733350689
39.345386924248,48.5320030126955
39.3038346339319,48.5681578018742
39.3952310211308,48.5714302534113
39.3448415707109,48.5722274582169
39.2880558734162,48.5657526983744
39.3899031806277,48.5693097695628
39.3306562967384,48.532104180818
39.3230091832005,48.5586506961722
39.3959608622956,48.5717202686959
39.3582382107582,48.5375281410944
39.3799996414887,48.5595693027248
39.3592883711009,48.5063117052039
39.4220810666492,48.5106605855647
39.3445151695233,48.5330092982877
39.288372137921,48.5667320058006
39.3880015389261,48.5604595822032
39.3583618782889,48.5735251080019
39.396678539441,48.571990050356
39.4077031957026,48.5170732956254
39.3009335153018,48.5736626966486
39.2473023537083,48.528804751115
39.3901160509675,48.5693907040609
39.3854308761568,48.5624586643045
39.3962953728295,48.5799877276697
39.3037434037863,48.5681510573327
39.2964855388697,48.5704077809195
39.3604013788772,48.5225120938931
39.3881779172076,48.5598984363501
39.2880579007528,48.5659712215191
39.3974205446252,48.5723893272129
39.4101258629024,48.5795722639132
39.3150944612356,48.5690305455446
39.3056977562388,48.5721276390026
39.3732060366463,48.5625382498943
39.3963602475997,48.5800794534342
39.3020647691073,48.5669033171547
39.2913827327258,48.553178175197
39.2981114627979,48.5389337035435
39.2786632230926,48.5694419625763
39.3898585792232,48.5692922337549
39.2931931442818,48.5455703323821
39.3715983587472,48.570481970876
39.3447564225751,48.5328420336584
39.306279601834,48.5721667573433
39.3987910241458,48.5180593475931
39.2273614712167,48.5634109935647
39.3581814453343,48.5735129678272
39.4055967930075,48.5638831114699
39.2771934040801,48.5332494039652
39.3941727514418,48.5710039983883
39.3144740962455,48.5744639481791
39.3913547536111,48.5712832224065
39.358262538797,48.5735237590936
39.3831987785944,48.5665741835294
39.3459343051216,48.5648853503371
39.3933435707851,48.5706789114879
39.2741787546022,48.5292161681466
39.3958088120529,48.5716528232808
39.4101177535562,48.5796005909875
39.3939051430147,48.5708933879076
39.385378165406,48.5711483315764
39.3588829037871,48.5655773402953
39.2966213704198,48.5704711796096
39.3968792457613,48.5720750315789
39.3223462441425,48.5632005638698
39.3897166656634,48.5728911211007
39.335544205206,48.5420955445999
39.3603608321458,48.5225323275176
39.3602797386831,48.5218781069918
39.3451598625523,48.5317952808172
39.3117169185118,48.5687756018758
39.2934343973335,48.5132747698511
39.396664348085,48.5720885206619
39.3015498256188,48.5375186987363
39.3446773564489,48.5319045423895
39.3592701250718,48.5064209667762
39.2737570685958,48.5275988270943
39.287798401672,48.566451432874
39.3718031197407,48.5705264848499
39.3921758249215,48.5701514883424
39.3922244809991,48.5784000626
39.3136327515694,48.5747364276558
39.4217323647594,48.5107617536873
39.3002198928296,48.5831832914336
39.3145146429769,48.5731285289616
39.3794988893562,48.5607671332957
39.3955371489527,48.5676519612615
39.3445557162547,48.5333532699043
39.3896862556149,48.5729167503584
39.3446854657951,48.5328325913003
39.3159074231997,48.5630966979307
39.3027378448482,48.5636551459671
39.1689924240617,48.5538566760721
39.3592660703986,48.506469527475
39.3042847026502,48.568098449909
39.3763179982796,48.5720251219718
39.3931854385328,48.569521548166
39.2421346727942,48.5616870887566
39.393090153714,48.5696254141052
39.3082866650372,48.5704806219677
39.4101339722487,48.5794899805068
39.3958148940626,48.5679015092971
39.2876909528338,48.5664932490314
39.3881860265539,48.5595598603667
39.3590694187514,48.5377857825798
39.2979411665262,48.5389782175174
39.3958615228037,48.5679541167208
39.3969380385218,48.5721060564698
39.3721173569088,48.5704927621424
39.248616067805,48.5321271122591
39.3192829385869,48.5587140948623
39.2779719013226,48.5688781189067
39.3881475071591,48.5599416014158
39.3640465300281,48.4899912636759
39.3956081057326,48.5741172787459
39.3926664403711,48.5704630861598
39.3293608286709,48.552038347683
39.3958169213992,48.5678138302576
39.4005466976144,48.5810560630437
39.345918086429,48.5317035550528
39.3824932654684,48.5551327433244
39.3081589428334,48.5704307123606
39.2952995469769,48.5377817358549
39.2787017424874,48.5638372485876
39.3021357258872,48.5670044852773
39.2721696640624,48.5921481359989
39.2703612798429,48.5426378057367
39.2220985054839,48.5644698865806
39.2893695875129,48.4850839352787
39.3893781004564,48.573260721975
39.2884694500763,48.5388986319277
39.248808664779,48.5602127319842
39.393913252361,48.5791014949163
39.2779536552934,48.591497962198
39.3223421894694,48.5699383608309
39.3934935936912,48.5707342167282
39.4053352665901,48.5639910241339
39.3744325752705,48.5559056677806
39.3461147380762,48.5576012455144
39.4055238088911,48.5637819433473
39.2737732872884,48.5277337179243
39.405491371506,48.5715934713156
39.3227780668317,48.558340447263
39.403830982856,48.5179770641867
39.340825416968,48.5385641026692
39.386864203111,48.56798649052
39.3054463665042,48.5682319918307
39.3672781045189,48.5601736136434
39.3307901009519,48.5320030126955
39.3953526613249,48.5740134128067
39.2885748715779,48.5667266101674
39.3227456294466,48.5632275420358
39.392352203203,48.5701649774254
39.3585565025995,48.537970583017
39.358248347441,48.5734387778707
39.3024925371233,48.5649716804684
39.3581510352857,48.5579384725895
39.3704671049418,48.5608521145186
39.33870887759,48.6017752945396
39.2472090962262,48.5288748943466
39.2878815224713,48.5664365948827
39.2878065110183,48.5664905512148
39.2933654678902,48.5197522275102
39.3926806317271,48.5698978935819
39.3594262299876,48.5063373344616
39.3968184256642,48.5720494023212
39.4055075901985,48.5637158468406
39.1754211083217,48.5570805669104
39.3630328617436,48.4909543842025
39.3592802617546,48.5063413811865
39.1897199131421,48.5588597769587
39.3743413451249,48.5250089231573
39.3182611609562,48.5596907044719
39.3591444302045,48.5062550510552
39.3602452739614,48.522543118784
39.3051706487308,48.5698129123589
39.2888303159856,48.5785578848712
39.3229240350646,48.5584051948615
39.345386924248,48.532077202652
39.1886231240583,48.5865043036695
39.2616477872698,48.5478230092439
39.3445861263033,48.5328191022173
39.2533357073374,48.5591295586188
39.3292979812372,48.5520329520498
39.3966035279879,48.5720143307054
39.371975443349,48.5702661455479
39.3800381608835,48.5595787450829
39.3570420821825,48.5579344258646
39.389323362369,48.5733173761237
39.3453017761121,48.5330902327857
39.3467655131148,48.5310075183697
39.3040029028672,48.5509592210426
39.2940628716699,48.5550059459442
39.3603912421944,48.5378235520122
39.4239158062441,48.5099389196239
39.3479575870173,48.5371936118359
39.3656542079272,48.5595666049082
39.3402942547869,48.5380582620565
39.3770863588392,48.5571817350329
39.2998002341598,48.5385101463372
39.2966963818729,48.5704226189108
39.3224982943852,48.5633948066651
39.3051787580771,48.5697589560269
39.3958513861209,48.5742117023269
39.3456322319728,48.5648678145292
39.39559188704,48.5666052084203
39.2952245355238,48.5377628511387
39.2740814424469,48.5291230934739
39.358996434635,48.5377601533221
39.374462985319,48.5250547860395
39.306307984546,48.5779077110703
39.2868171707726,48.5663259844021
39.3722268330836,48.6050963067755
39.2794052282768,48.4523472797334
39.3006537428553,48.5736343695743
39.2699274298172,48.5249644091834
39.3089050026907,48.5649622381103
39.330719144172,48.5320475266694
39.3988031881652,48.5634460651805
39.3242945145852,48.5349975891226
39.37713906959,48.5572019686574
39.3594343393338,48.5063103562956
39.3156925255234,48.5644968647466
39.288005190002,48.5659874084187
39.4023773825361,48.5825088372834
39.3793873858449,48.6054551163835
39.2805283727359,48.4545460002633
39.3305022191592,48.5508094922213
39.3630774631481,48.5122671353506
39.2503474132348,48.5253016362585
39.3914845031515,48.5712157769915
39.3770012107033,48.5571385699673
39.3454294983159,48.5331199087683
39.3722410244395,48.5706924005709
39.3601418797964,48.5225458166006
39.2776880742029,48.5218754091752
39.329981193661,48.5511750463707
39.2877659642869,48.5663583582013
39.31818209483,48.4557303417511
39.3542504397272,48.5520275564166
39.3305447932271,48.5320340375864
39.3801476370582,48.5596273057817
39.3601216064307,48.5377156393482
39.3083961412119,48.568273807988
39.3850416275355,48.5632585669267
39.390057258207,48.569261208864
39.2706086149043,48.5256982152989
39.2545622459616,48.558066618878
39.2919341682725,48.5705979769898
39.3831116031219,48.5745786053847
39.2880092446752,48.5658538664969
39.412216046905,48.5802332289804
39.3901890350839,48.5694190311352
39.3587207168616,48.5220602096124
39.3939578537655,48.5599038319833
39.2119091118886,48.5610261236894
39.343844121119,48.5334706249264
39.3967211135089,48.5720561468627
39.3724579494524,48.5710147896547
39.3952979232376,48.5714599293939
39.2091215241064,48.5774720136893
39.4003378819478,48.581097879201
39.3444279940509,48.5333006624806
39.3422425252296,48.5406859354259
39.3316780743691,48.5579007031571
39.405462988794,48.5638493887623
39.3792130349,48.5190049323117
39.4056657224509,48.5703362887795
39.2115279726137,48.5855883949335
39.3473392493638,48.5368132196951
39.3543112598242,48.5455568432991
39.3317267304468,48.5579060987903
39.3906188304366,48.5181079082919
39.2870746425169,48.5661047634408
39.3900450941876,48.5693650748032
39.3541227175233,48.5472537699411
39.3934185822382,48.5707072385622
39.3302001460104,48.5324130808188
39.1558816384707,48.5471053900281
39.3112263030621,48.5627958913797
39.3966765121044,48.5718659507923
39.3625868476985,48.4825776636563
39.4102211477212,48.5775772285367
39.3622949112325,48.5376576362912
39.3882407646412,48.5598336887517
39.2778948625329,48.5355182677266
39.293464807382,48.5191694991244
39.270849867956,48.5262337318942
39.2137965622342,48.5603894389715
39.293375604573,48.562276561684
39.3003759977454,48.5811531844414
39.3938301315617,48.5708677586499
39.3157168535622,48.5639249276272
39.2776414454618,48.4485811277584
39.257518102679,48.5386167100929
39.2981134901345,48.5693812617028
39.2750971380679,48.5243101886576
39.3743920285391,48.5250939043802
39.2884066026427,48.5182549392966
39.3722146690641,48.5703861983867
39.3386460301564,48.573305235949
39.4055846289881,48.5703929429282
39.297184969986,48.5557046804438
39.2706552436454,48.5422182952553
39.2953846951128,48.5377952249379
39.2878653037788,48.574579954293
39.2988879327038,48.5690116608284
39.3286999169494,48.5518751297787
39.2779536552934,48.5687985333169
39.2879565339244,48.5658525175886
39.2105974251285,48.5875294739779
39.3858789175385,48.5702688433645
39.3228571329579,48.5583701232457
39.2915530289976,48.553452003582
39.3475845570887,48.5576943201871
39.322729410754,48.5583013289223
39.344681411122,48.5332494039652
39.3591383481948,48.5063090073873
39.3954114540854,48.5797004102017
39.2966173157467,48.570414525461
39.2731630589811,48.540367593067
39.3961514319331,48.5679500699959
39.3385264172988,48.5680863097343
39.3003111229752,48.5827543385941
39.3464634399661,48.5312570664053
39.3361949802446,48.5441162092341
39.3029892345827,48.5680337023106
39.4097244502618,48.6562860278718
39.3630551624459,48.5123588611151
39.4269973578288,48.5089312851235
39.3383520663539,48.5675980049295
39.2717378413732,48.5263861585321
39.3915696512874,48.5710404189124
39.2475111693749,48.5613876311139
39.410113698883,48.578552489238
39.294965036443,48.5280628515497
39.3737959915879,48.57100264948
39.2999239016905,48.5384737258131
39.2747382994952,48.5288694987134
39.340209106651,48.5493418799903
39.3857005119204,48.5702513075566
39.2932539643789,48.5190089790366
39.3541085261674,48.5456202419892
39.3716530968346,48.5705062512254
39.4014143976659,48.6422155653891
39.3594302846607,48.5062604466884
39.3879427461656,48.5605175852601
39.2879342332221,48.5666267909531
39.3594201479779,48.5496588734409
39.2886985391086,48.5667616817832
39.3899761647442,48.5693380966371
39.3038042238834,48.5359188934919
39.2936837597315,48.554753700092
39.3915960066628,48.5778375678387
39.2955225539995,48.5321662305998
39.359189031609,48.5376859633656
39.288372137921,48.5666888407349
39.3857795780466,48.5702850302641
39.2718310988554,48.525815570321
39.3536321020737,48.5452034293243
39.3299953850169,48.551054993532
39.379259663641,48.55462825162
39.3441725496432,48.5332736843146
39.3452166279762,48.5331630738339
39.3388386271304,48.5644833756636
39.2631926177353,48.5600346760885
39.3450868784358,48.5325614607319
39.2914313888034,48.5525752131866
39.2546332027415,48.5582419769571
39.2715513264089,48.5260988410641
39.4057468159136,48.5701879088665
39.3855180516292,48.5623628918152
39.2764635629153,48.4850839352787
39.3893760731198,48.5734010084383
39.3341737256854,48.5436616271368
39.3873629279069,48.568287297071
39.3162439610701,48.5623777298065
39.3678599501142,48.5280304777505
39.2885708169047,48.5666753516519
39.410024496074,48.5795978931709
39.3909209035853,48.5717499446785
39.2936837597315,48.5548953354635
39.306382995999,48.5721802464263
39.3024884824502,48.5650323813419
39.331232060324,48.5464943345679
39.2885241881637,48.5668803857136
39.4007433492616,48.5811383464501
39.3591687582433,48.5378114118375
39.3856721292085,48.5701879088665
39.3571515583573,48.5579465660393
39.3006983442599,48.5380447729735
39.315637787436,48.5557748236755
39.3855079149464,48.562478897929
39.2761412164009,48.6147828172815
39.3015356342628,48.5718659507923
39.3357834309211,48.5569348848139
39.2153130099878,48.5622657704175
39.394529562678,48.568013468686
39.3382648908815,48.5673025940117
39.391190539349,48.5715273748089
39.4184217241424,48.5811275551837
39.2882727984291,48.5666079062369
39.3989207736862,48.5770700390157
39.3963075368489,48.5180620454097
39.3968650544053,48.5721262900943
39.3218333279906,48.5558058485664
39.268479911507,48.5213169611388
39.3541632642547,48.545668802688
39.2912428465025,48.4849976051474
39.2395944200734,48.5622860040421
39.4057184332017,48.5704887154175
39.350376199544,48.5439152218973
39.3769464726159,48.5641097280644
39.2977343781961,48.5390645476487
39.3705340070485,48.5609182110253
39.3968062616448,48.5721047075615
39.3742663336719,48.5558584559901
39.3748806166522,48.5560702345933
39.3092760052828,48.5642243852699
39.3474122334803,48.5368644782105
39.3104255051174,48.5627581219472
39.3533138102324,48.5572478315396
39.356997480778,48.5578400022836
39.3134725919805,48.5729315883497
39.3358483056913,48.5769108678362
39.2771832673973,48.53407898257
39.2301571683452,48.5633570372327
39.3601702625083,48.537737221881
39.3592417423598,48.5065652999644
39.3760990459301,48.5591727236845
39.4116990760799,48.57490773901
39.34562209529,48.531969289988
39.3733317315136,48.5626205333006
39.3894166198512,48.573220254726
39.4282907985597,48.4776824754337
39.2075402015826,48.5637225913821
39.4057346518942,48.5702283761155
39.2846722486828,48.5387934170803
39.3402597900652,48.5493688581563
39.3857978240757,48.5702378184736
39.3881170971105,48.5724945420604
39.3578935635415,48.5370856991718
39.3959142335545,48.5678583442315
39.349036130072,48.5653439791593
39.3381270319948,48.5394651734139
39.3920116106594,48.5707895219685
39.352421782142,48.4500352509064
39.3678498134313,48.5281464838643
39.3538165897014,48.5498841411271
39.3801537190679,48.5595355800173
39.3856782112182,48.5676128429208
39.2799019257361,48.5965361347004
39.2705599588267,48.5255983960846
39.3166920024519,48.5667522394251
39.343783301022,48.5336540764553
39.3958899055157,48.5716919416215
39.2645266051977,48.5252422842933
39.3008443124928,48.5737031638976
39.330658324075,48.5322201869319
39.3442597251157,48.5332588463233
39.322861187631,48.568713552094
39.3892726789548,48.5733834726304
39.3598925173984,48.5129078667934
39.3789758365214,48.5649595402937
39.3067195338695,48.6624100715561
39.3141395857116,48.5686960162861
39.2967186825751,48.5704806219677
39.3925833195718,48.5839629604313
39.3930333882901,48.5608440210688
39.3943673757524,48.5787939438238
39.36227869254,48.53757130616
39.371872049184,48.5655732935704
39.391176347993,48.5714639761188
39.3134807013267,48.5728722363845
39.3162216603679,48.562411452514
39.397534075473,48.5724270966453
39.3989187463496,48.5771469267888
39.2609828208752,48.5415613769129
39.2318358030243,48.5632841961844
39.298567613526,48.5388622114036
39.3009862260526,48.5736653944652
39.3709516383817,48.5603004110237
39.4119545204876,48.5793416005938
39.3417154177217,48.5704064320112
39.2870949158826,48.56613713724
39.4080417609096,48.6380771147231
39.1942956117781,48.5595436734671
39.2617978101759,48.5265723078776
39.3227861761779,48.5584429642939
39.3165946902966,48.5667495416085
39.3583720149717,48.5734050551632
39.3454416623353,48.5321028319097
39.2885444615293,48.5663691494677
39.2137843982148,48.5603327848229
39.3853741107328,48.5624181970555
39.1861781561562,48.5616722507653
39.2754478672943,48.5283070039521
39.2472800530061,48.529379386051
39.3928022719213,48.5697468158522
39.400694693184,48.5811923027821
39.3788846063758,48.5649258175862
39.3969866945994,48.5721222433694
39.3948600185387,48.5605769372253
39.2542601728128,48.5583229114551
39.3996242594756,48.5621659512033
39.3912331134169,48.5714046241535
39.3382628635449,48.5673538525271
39.4004412761128,48.5811005770176
39.3450807964261,48.5317318821271
39.4055542189396,48.5639235787189
39.3454416623353,48.5321621838749
39.3955189029236,48.5740808582218
39.4053575672924,48.5638817625616
39.2884147119889,48.634943600741
39.3957054178879,48.5676641014362
39.4101299175756,48.579441419808
39.4099798946695,48.5795682171883
39.3378432048751,48.5397066279997
39.3955898597035,48.5665552988132
39.3305042464957,48.5507487913477
39.2221045874936,48.5645170983711
39.2948677242877,48.5264792332049
39.2734854054956,48.5279724746935
39.2983506885131,48.5389377502684
39.3704954876537,48.5608831394095
39.3724843048278,48.5708057088681
39.2771771853876,48.5327732393351
39.2779009445427,48.5353901214381
39.270347088487,48.6096030094075
39.3768491604606,48.5657081844005
39.2917334619522,48.5728371647687
39.3821790283002,48.5742373315846
39.3767782036807,48.5640382359244
39.3572083237812,48.5579438682227
39.3912837968311,48.5713466210966
39.3240147421387,48.5592145398418
39.3604297615892,48.5225714458583
39.3039481647798,48.568165895324
39.2892459199822,48.4741807094856
39.2934526433626,48.5191209384256
39.2473084357181,48.5289436886699
39.4230136414709,48.5839265399072
39.3646871683838,48.5716366363812
39.2773251809571,48.5334396000355
39.2206854518953,48.5936980316362
39.3023790062755,48.565656925885
39.2488269108082,48.5320556201192
39.3138942779868,48.568754019343
39.3974631186931,48.5724163053789
39.2770616272031,48.5308321602906
39.3444847594748,48.5334153196861
39.3602878480293,48.5739540608415
39.359969556188,48.5377453153308
39.3890395352494,48.5739378739419
39.3541146081771,48.5469907328225
39.2770332444912,48.531076312693
39.2732522617902,48.6286212675365
39.2886843477526,48.5667104232677
39.3157107715525,48.5639829306841
39.3457619815132,48.5318451904243
39.2886600197138,48.5859822761572
39.330540738554,48.5321837664077
39.3591241568388,48.5064277113177
39.3230254018931,48.5634298782809
39.2952954923038,48.5398887306203
39.3989126643399,48.5633192678002
39.2884653954032,48.5663799407341
39.4023834645458,48.565495056889
39.3024763184308,48.5650863376739
39.3194775628975,48.5732310459924
39.3414944380357,48.5703551734957
39.3925265541479,48.5702310739321
39.3935037303741,48.4935442881395
39.3453402955069,48.5331509336592
39.1578461276059,48.568318321962
39.2875389025912,48.5664797599484
39.3089232487199,48.5649163752281
39.2882930717948,48.5666605136606
39.2944379289351,48.5496197551002
39.3582240194022,48.5739014534178
39.3452896120927,48.5319382650971
39.2803276664156,48.4544313430577
39.3582686208067,48.5374121349805
39.3089739321341,48.5649541446605
39.3708381075339,48.5604015791462
39.3598742713693,48.5130481532566
39.3405314531655,48.570289076989
39.3942903369628,48.5710485123622
39.3404807697513,48.5381391965545
39.2683298886009,48.5429763817202
39.3894855492945,48.5732216036343
39.3020465230782,48.5669990896441
39.35882208369,48.5222719882156
39.2485167283131,48.5320461777611
39.302334404871,48.5801738770152
39.2778989172061,48.5354332865037
39.3051645667211,48.5698736132325
39.3924109959635,48.578346106268
39.3054767765527,48.5728452582185
39.3219225307996,48.5591470944268
39.2096182215658,48.5818289874999
39.3406206559745,48.5381918039782
39.4192610414819,48.5118746030352
39.2837923846119,48.5388042083467
39.2731833323468,48.5404161537658
39.3121386045181,48.5726253861655
39.3598844080521,48.5130036392827
39.3446976298146,48.5721370813607
39.3272726720049,48.5664716664986
39.385495750927,48.5566920813198
39.3940348925551,48.5709513909646
39.2938905480615,48.50413996284
39.2884836414323,48.5666065573286
39.3951762830434,48.5713965307037
39.3719957167147,48.5194257917015
39.3156195414069,48.5647018988083
39.2591014525393,48.4911904431551
39.3919771459377,48.5845335486425
39.3795739008092,48.5865150949359
39.3025837672689,48.5649447023024
39.2842505626764,48.4630495181897
39.2146926449977,48.551724052049
39.294965036443,48.5288573585387
39.2921774486608,48.5673160830947
39.2884937781151,48.566671304927
39.3005604853732,48.5736208804913
39.2890898150664,48.4738151553361
39.3630612444556,48.5123278362242
39.3270111455875,48.5608966284925
39.2546129293758,48.5576781332875
39.2611551444836,48.5483369433064
39.3923197658179,48.5180404628768
39.3779641955735,48.5883091429756
39.4102576397794,48.5953207683217
39.2487762273939,48.5322498629145
39.4113017181124,48.5688484429241
39.3754361068721,48.5635715136524
39.3594363666704,48.5062253750726
39.2881349395424,48.56579586344
39.3049091223134,48.5638777158367
39.2881389942156,48.5658673555799
39.250191308319,48.559808059494
39.3447564225751,48.5721694551599
39.3420641196116,48.5401193939397
39.3264982294356,48.4787642998907
39.2091681528475,48.5792782019036
39.3826189603357,48.5661789533973
39.3159094505363,48.5649109795949
39.3826047689797,48.5663097975025
39.2748173656214,48.5662437009958
39.3859539289915,48.5759167224188
39.3422749626147,48.5436562315036
39.2936046936053,48.5572707629807
39.3382608362083,48.5673862263263
39.3083839771925,48.568219851656
39.3442333697403,48.531408144135
39.2705295487782,48.5256469567835
39.2772400328212,48.5340574000372
39.3222631233432,48.5366877712232
39.2366588367217,48.5671609586401
39.3960581744509,48.5803546307275
39.3730316857014,48.5691222713091
39.3151248712841,48.5686488044956
39.4055724649687,48.5636497503339
39.2099608414459,48.5699788280799
39.3446145090152,48.5332885223059
39.3224618023269,48.5699019403068
39.3159276965654,48.5648813036122
39.3391346182695,48.5500149852323
39.3569346333444,48.5581947651666
39.2932924837737,48.5192841563299
39.3996546695241,48.5731865320185
39.3384777612212,48.5680660761098
39.3732384740314,48.5624168481472
39.3050023797956,48.5709271106152
39.3073155708207,48.5715057922761
39.3605311284176,48.5102437728999
39.2546980775117,48.5583067245555
39.2767027886304,48.5682185027477
39.3126292199678,48.5544596380825
39.3010450188131,48.5736653944652
39.3300825604894,48.5502146236607
39.2861278763392,48.6046187932371
39.2927633489292,48.553505959914
39.3957398826096,48.5715664931496
39.3369714501505,48.5701069743684
39.2883701105844,48.5667711241413
39.3223361074597,48.5698884512238
39.3929421581445,48.5705575097408
39.3980530736347,48.5723744892216
39.3597364124826,48.5018387252794
39.3036724470064,48.5681497084244
39.3930800170312,48.5787426853083
39.3930394702998,48.5696672302625
39.3955513403087,48.5666699560187
39.3474831902602,48.5368995498264
39.1758123842795,48.5945370525991
39.2545034532011,48.5579870332883
39.2183621241874,48.5376927079071
39.2877152808727,48.5663664516511
39.307309488811,48.5715597486081
39.3166980844616,48.5585481791413
39.2665438050837,48.5282962126857
39.2200995516269,48.5636133298098
39.3961595412793,48.5678421573319
39.3177320261117,48.5602680372245
39.2707059270597,48.5423032764782
39.2544649338062,48.5581313664765
39.3518885926244,48.5732944446826
39.1980563211134,48.5636065852683
39.2936837597315,48.5548305878651
39.3519879321163,48.5660143865847
39.2442512121722,48.5612432979258
39.3900187388122,48.5728735852928
39.3305853399585,48.5321513926085
39.2884309306815,48.5668426162812
39.3397894479813,48.5779185023367
39.4004879048539,48.5811545333497
39.3601074150747,48.5377722934968
39.3145592443814,48.5612217153929
39.2868414988115,48.6059393744633
39.2876848708241,48.5665890215207
39.3448071059893,48.5318478882409
39.2634095427482,48.5466103406818
39.1954775489977,48.5880973643724
39.3067884633128,48.5722557852912
39.3151552813326,48.5712036368168
39.2732056330491,48.5271928056958
39.343990089352,48.569247719781
39.1569034161014,48.5476692336977
39.3045928578087,48.5720494023212
39.2479044726693,48.5261527973961
39.3828014206269,48.5558274310992
39.3051807854137,48.5697319778609
39.3600161849291,48.5376913589988
39.3959953270173,48.5678974625722
39.3162480157433,48.5623264712911
39.3478298648135,48.5372246367268
39.3204040557095,48.5528247612222
39.3454862637399,48.5330632546197
39.287915987193,48.5665714857128
39.3516311208802,48.5445154860911
39.3069040214972,48.5683466490363
39.2619883798134,48.5263848096238
39.4057691166159,48.5705156935835
39.29302284801,48.565616458636
39.3521075449739,48.5735493883514
39.3247912120446,48.5616816931234
39.2989325341084,48.5685840568972
39.3326593052685,48.550507336762
39.3451740539082,48.5318870065816
39.3224901850389,48.569687463887
39.3298798268325,48.5537730437575
39.4101299175756,48.5794117438254
39.2866935032419,48.5662423520875
39.3594850227481,48.5144429244394
39.3070155250085,48.5579937778298
39.185582119205,48.5856976565058
39.3590369813663,48.5655678979372
39.263198699745,48.5352808598657
39.3860309677811,48.567685683969
39.3395765776415,48.5726361774319
39.3223401621328,48.5698533796079
39.3400388103792,48.5696793704372
39.3399860996284,48.569727931136
39.391162156637,48.5716622656389
39.3225428957897,48.5631965171449
39.4033302307235,48.5722207136753
39.2904298845384,48.5159604462775
39.40271189307,48.5654788699894
39.324831758776,48.5616412258744
39.3449936209536,48.5742575652091
39.2955489093749,48.5488360393776
39.3688391536769,48.5607738778372
39.317227219306,48.5377345240644
39.3018721721333,48.5676627525279
39.3228915976795,48.568659595762
39.3072750240893,48.57251072896
39.3942335715389,48.5710282787377
39.2965139215817,48.5704603883432
39.4059231941951,48.5931287923333
39.2932397730229,48.518979303054
39.3103281929621,48.5627540752223
39.4018644663842,48.5753043180503
39.395441864134,48.5740565778724
39.3856498285062,48.5702324228404
39.2935195454694,48.5674415315666
39.3539767492904,48.5463203253972
39.2768021281223,48.5390470118408
39.3299832209975,48.5511116476806
39.3956425704543,48.5715894245907
39.3014930601949,48.545229058582
39.3765896613798,48.5916004792289
39.3224820756926,48.5364598057204
39.260871317364,48.5416773830268
39.2913786780527,48.4848235959766
39.3794421239322,48.5607455507629
39.3723261725754,48.5707490547195
39.3749698194613,48.5120917772716
39.3295493709718,48.5519749489929
39.2110110017886,48.5628147760959
39.3056551821708,48.5721235922777
39.261872821629,48.5266249153013
39.2920172890719,48.4905335248127
39.3580881878521,48.5735224101853
39.2878105656914,48.5665391119136
39.4057427612405,48.5706006748064
39.3734026882935,48.562604346401
39.3965528445737,48.5719940970809
39.3223482714791,48.5697670494767
39.3940044825066,48.5791433110736
39.3003719430723,48.5810587608603
39.3451781085814,48.5331967965414
39.3912128400512,48.5697899809178
39.3951722283703,48.5666416289444
39.1965662287352,48.5631843769702
39.3044793269608,48.5681915245817
39.2584486501641,48.5515149712624
39.2583209279603,48.5424084913257
39.2249327220072,48.5567325485688
39.3001590727325,48.5707234254618
39.3118203126768,48.5725592896588
39.3915311318926,48.5778105896727
39.2791984399467,48.4519088845358
39.352642761828,48.5575270555578
39.4026389089535,48.5655112437886
39.2866772845494,48.5662018848384
39.2872733215006,48.5661668132226
39.3218008906055,48.5591187673524
39.2917091339134,48.5534681904816
39.3896396268738,48.5729680088738
39.3826088236529,48.5662787726116
39.3088867566616,48.5650269857087
39.2050911790074,48.5635998407268
39.1898010066048,48.5588854062165
39.3480488171629,48.5428441887067
39.2742963401232,48.5290489035173
39.3799185480259,48.5594425053446
39.3231206867118,48.5621403219456
39.345255147371,48.5331253044015
39.292580888638,48.5774059171825
39.3909878056921,48.6190210871617
39.4243192462213,48.5097891908026
39.2933249211588,48.5133138881918
39.3472541012279,48.536776799171
39.2288779189702,48.5236222454244
39.2935012994403,48.519334065937
39.3936334799145,48.5788303643479
39.3073459808693,48.5713533656381
39.2872023647207,48.5658808446629
39.364898011387,48.5670489992512
39.2915631656804,48.5522825000854
39.3223401621328,48.569974781355
39.1752305386842,48.5944520713761
39.4122038828856,48.5798973508136
39.3009031052533,48.5372448703513
39.3591302388485,48.5063440790031
39.2898926403477,48.4760610876565
39.3763990917423,48.5571655481333
39.3222773146992,48.5630818599394
39.2873098135589,48.5663205887689
39.2885404068562,48.566437943791
39.2744747457412,48.5401854904464
39.3925204721382,48.565728418025
39.3563223777006,48.501854912179
39.328085633969,48.5333573166292
39.1896509836987,48.5588233564346
39.280382404503,48.6156569098602
39.4033302307235,48.5630103677994
39.3449997029633,48.5325897878062
39.3983754201491,48.5775826241699
39.3373566440986,48.5742373315846
39.3399475802336,48.5493175996409
39.3018295980653,48.5677328957595
39.2771954314167,48.533132048943
39.2191365667567,48.5610490551305
39.3079704005325,48.5517186564158
39.3544856107692,48.5452951550888
39.2542277354277,48.5582756996646
39.3156458967823,48.5644496529561
39.2932701830714,48.5191344275086
39.3037535404692,48.5680755184679
39.3249169069119,48.5393882856408
39.1613027364559,48.5499502376338
39.1924365441444,48.5637886878888
39.2879463972415,48.5657526983744
39.1591760603951,48.5488751577183
39.3617130656373,48.4742508527172
39.3882711746898,48.5597999660442
39.2876463514293,48.572317835073
39.3605960031878,48.5378087140209
39.2212977075392,48.5358770773346
39.3704346675567,48.5608116472696
39.3340804682033,48.5437061411108
39.377435060729,48.5640584695489
39.3123818849064,48.5602086852593
39.2885201334905,48.5667913577658
39.3012558618163,48.537764200047
39.3704975149903,48.5609627249992
39.3407058041104,48.5380879380391
39.3001935374542,48.5833384158882
39.3384189684607,48.5680417957604
39.2928282236994,48.553559916246
39.3682289253697,48.5719913992643
39.2789328588562,48.4510685146646
39.3151086525916,48.5715165835425
39.2954191598345,48.5391670646795
39.3224739663463,48.5698520306996
39.3139976721518,48.5760691490567
39.3706130731747,48.560974865174
39.3087265970727,48.5587370263034
39.3749657647881,48.5561322843751
39.2838430680261,48.4622415221177
39.2799728825161,48.6200003945879
39.405580574315,48.570356522404
39.3223543534888,48.5366000921836
39.3604905816862,48.5225485144172
39.3223705721813,48.5630832088477
39.298318251128,48.5615589424681
39.3236660402489,48.5495509607769
39.2773332903034,48.5363276127069
39.3053652730415,48.5728223267774
39.2933168118125,48.5193623930113
39.3827061358082,48.5876185019257
39.2773778917079,48.4478095522105
39.380228730521,48.5596664241225
39.4008649894557,48.5811882560572
39.2839748449031,48.53887300267
39.2503332218788,48.5598701092758
39.3919284898601,48.5708866433661
39.3804375461876,48.5869292097842
39.381597182705,48.573974294466
39.2952448088895,48.529460320549
39.2074753268124,48.5636537970588
39.3569305786713,48.5579249835065
39.3949613853671,48.5814418508177
39.3767498209688,48.5910690093585
39.3907141152553,48.5719779101813
39.316813642646,48.5574501677847
39.305616662776,48.5515824166775
39.4121045433937,48.5794387219914
39.3959081515448,48.5677382913927
39.2772197594555,48.5334072262363
39.3107883983632,48.562766215397
39.1690410801394,48.5449242053061
39.3703474920842,48.5695633643233
39.3110215420687,48.5627378883227
39.3947302689983,48.5662113271966
39.3760463351793,48.5564856983498
39.3926056202741,48.5704590394349
39.1781438213337,48.5945330058742
39.379377249162,48.5607158747803
39.402359136507,48.558479384818
39.2904785406161,48.5871274993043
39.2951779067828,48.5294953921648
39.2774691218535,48.4483261840896
39.2879362605587,48.566482457765
39.3501025091072,48.528719769892
39.3358503330279,48.5569375826305
39.4063448802015,48.5646816651838
39.2914557168423,48.5527748516151
39.2948859703168,48.5281275991481
39.4061725565931,48.575823647746
39.3909006302196,48.5718187390018
39.2641292472302,48.5461436184098
39.3073682815715,48.5721667573433
39.3442881078276,48.5904417669987
39.3747042383707,48.5138440091539
39.2890999517492,48.4848006645355
39.323007155864,48.5584456621105
39.3087691711406,48.5587896337271
39.3051483480286,48.5699127315732
39.2472212602456,48.529146024915
39.2693374748756,48.5239230519754
39.2608895633931,48.5416396135944
39.3727944873228,48.5705912324483
39.2107535300443,48.5840951534448
39.3385831827228,48.567699173052
39.2872794035104,48.5662005359302
39.1805279691387,48.5903109228936
39.2776941562126,48.5219064340661
39.3319558194791,48.556630031538
39.3660779212701,48.5597041935549
39.3226827820129,48.5584132883113
39.2707180910791,48.5207760489103
39.2778908078598,48.535556037159
39.3848693039272,48.5920564102344
39.3684559870654,48.5719981438058
39.3218495466831,48.5631358162714
39.3772404364184,48.5715381660753
39.3443347365687,48.533378899162
39.2940871997087,48.5559339948549
39.3515459727443,48.4500325530898
39.2693050374905,48.5240458026307
39.310488352551,48.5627689132136
39.2506697597493,48.5276406432516
39.3878859807417,48.5681200324418
39.391397327679,48.5712346617077
39.3194572895318,48.5374849760288
39.364752043154,48.5716622656389
39.3011200302662,48.5736707900984
39.3461086560665,48.5648934437869
39.1755488305255,48.5944817473588
39.2938864933884,48.5189266956303
39.2984459733318,48.5704374569021
39.3960602017875,48.57175668922
39.3526062697698,48.5574717503175
39.3456160132803,48.5940689814188
39.3926542763517,48.5657850721736
39.2637136432335,48.5464147489782
39.34493077352,48.5320475266694
39.2965706870056,48.5704671328847
39.304572584443,48.5681294747999
39.2949589544333,48.5289490843031
39.3583213315575,48.5734037062549
39.3718882678765,48.5651268049229
39.2588237074294,48.5398819860788
39.4407629731316,48.4995550235266
39.3790346292819,48.5649811228265
39.4052115990594,48.570154186159
39.3287242449882,48.5517658682063
39.3024398263725,48.5648098114723
39.2776191447596,48.5390024978669
39.3224759936829,48.5698115634506
39.347093941639,48.5366918179481
39.3050550905464,48.5638844603782
39.2917618446642,48.4888999968608
39.362353703993,48.4955447191492
39.3510654939774,48.5736235783079
39.3049598057277,48.5712292660745
39.2885627075585,48.5666294887697
39.2918814575217,48.5571655481333
39.2955225539995,48.5322053489406
39.3054260931385,48.5682751568963
39.3945173986585,48.5711267490436
39.2913239399653,48.5084065597946
39.3583213315575,48.5579533105808
39.3042401012457,48.5569186979143
39.3721741223328,48.5708084066847
39.3565129473381,48.5088382104507
39.2542054347254,48.558219045516
39.2947846034884,48.5103031248651
39.299583309147,48.5385492646779
39.2949062436825,48.5286415332106
39.4097062042327,48.5772548394529
39.3453504321897,48.53215813715
39.3970434600234,48.5721559660769
39.3595944989228,48.5143390585002
39.2608652353542,48.4959332047397
39.2545115625473,48.5582837931144
39.3004753372373,48.5816725141371
39.286768514695,48.468598926938
39.305235523501,48.5696442988214
39.2658727566794,48.5453639494121
39.3586234047063,48.5378734616193
39.3855464343412,48.5708839455495
39.330879303761,48.5319625454465
39.3541490728987,48.5520181140585
39.2887917965908,48.5797975315993
39.4081958384889,48.6368050941957
39.2689097068596,48.5623952656144
39.3321220610777,48.5566421717127
39.3854876415807,48.5709419486065
39.4098379811097,48.5809022874975
39.3156256234166,48.5662140250132
39.3376992639787,48.5644145813403
39.3264941747625,48.4786860632093
39.3562230382087,48.5018603078122
39.3934489922867,48.5691735298245
39.3858099880951,48.5701514883424
39.3622888292228,48.5376158201339
39.3076034526135,48.5683061817873
39.3296020817226,48.552065325849
39.3917967129831,48.5846441591231
39.3090428615774,48.5649568424771
39.3285357026873,48.5500068917825
39.3088948660079,48.5649986586344
39.3406186286379,48.5380542153316
39.3357834309211,48.5771185997145
39.2933715498999,48.5197926947592
39.3876994657773,48.5608143450862
39.3943369657039,48.5180269737938
39.3166555103936,48.5667495416085
39.3356394900247,48.5416342179612
39.2779009445427,48.5354629624863
39.394736351008,48.567672194886
39.3303136768583,48.5323888004694
39.2997150860239,48.5407547297492
39.3445719349473,48.5330659524363
39.322480048356,48.5697657005684
39.3954378094608,48.5796666874942
39.3850639282378,48.5756024267847
39.3709435290354,48.5611353852617
39.3305569572465,48.5322633519975
39.3149809303877,48.5709473442397
39.2041707682051,48.5636295167094
39.3718335297892,48.5687162499106
39.2873057588858,48.5660400158424
39.334956277601,48.5426755751692
39.3936375345876,48.5687553682513
39.3956506798005,48.5677558272006
39.380745701346,48.5541412957235
39.3700089268772,48.5195957541473
39.334410924064,48.5699221739313
39.360308121395,48.5225539100504
39.2544852071719,48.5579357747729
39.3001834007714,48.570674864763
39.3625483283037,48.4939718920707
39.2986730350275,48.5705790922736
39.2122557864419,48.5591889105841
39.3577111032503,48.5228236917105
39.3221678385244,48.5367754502627
39.3867121528683,48.5184464842753
39.3224962670486,48.5696429499131
39.2784239973774,48.5389485415348
39.3974813647223,48.580509755182
39.3055639520252,48.5682373874639
39.2878896318176,48.5658579132218
39.2717297320269,48.5264589995804
39.2473773651614,48.5289868537355
39.3640546393743,48.4899292138941
39.3075466871896,48.570616861706
39.3136286968963,48.574795779621
39.3955979690498,48.5677355935761
39.300923378619,48.5379179755932
39.3450828237626,48.5331954476331
39.4055400275836,48.5636834730414
39.3962304980593,48.5661883957554
39.2909711834023,48.4864341924875
39.3475987484446,48.5733025381324
39.339988126965,48.5780088791929
39.2912083817809,48.5532132468128
39.2541689426672,48.5581542979176
39.2975255625295,48.604694332102
39.3570765469042,48.5578480957334
39.2874517271187,48.5657095333088
39.3793407571038,48.554479871707
39.3569690980661,48.5576376660385
39.2934972447672,48.5192882030548
39.302409416324,48.5654869634392
39.3273355194385,48.5664069189001
39.3937713388012,48.5708407804839
39.2091580161646,48.5781248853067
39.2183884795628,48.560548610151
39.2739760209453,48.5308051821246
39.3944261685129,48.5681024966339
39.2773454543228,48.5335029987257
39.3491050595153,48.5802413224302
39.3463701824839,48.5312759511215
39.3155303385979,48.5649217708613
39.3073500355424,48.5712953625812
39.3020870698096,48.5850339936219
39.2880274907043,48.5658929848376
39.3442353970768,48.5322808878054
39.1776734792497,48.5899332285694
39.3342386004556,48.5436009262633
39.4173431810877,48.5794832359653
39.3231794794723,48.5585265966085
39.3206230080589,48.5526291695187
39.2883518645553,48.5666213953199
39.4055217815545,48.5805623626057
39.2785395555619,48.5695471774237
39.3024154983337,48.5654343560155
39.387042608729,48.5607563420293
39.2912022997712,48.5533548821843
39.4025578154908,48.5823739464533
39.3601195790941,48.5214221759862
39.3121771239129,48.5724783551607
39.3963075368489,48.5717755739362
39.2935276548157,48.5182360545804
39.2472415336113,48.5287575393244
39.279413337623,48.5080828218024
39.3959750536516,48.5662720280701
39.3800705982686,48.5733133293988
39.3631991033423,48.5204887314423
39.3172393833255,48.5394503354226
39.3223361074597,48.5699221739313
39.2233453174737,48.5351014550618
39.358925477855,48.5377426175142
39.4017732362386,48.5752665486179
39.2915773570364,48.4858636042763
39.3454599083645,48.5330875349691
39.3969441205315,48.5721694551599
39.2052979673374,48.5883927752902
39.3925204721382,48.5704428525353
39.3049618330642,48.5711753097425
39.2178978641131,48.5636645883252
39.3772343544087,48.5639532547015
39.2095310460933,48.581744006277
39.3300744511431,48.5476220219072
39.3706799752815,48.5610220769645
39.3630612444556,48.5123049047831
39.2964328281189,48.57045499271
39.3602432466248,48.5377709445885
39.3594465033532,48.5061862567319
39.3961777873085,48.5678826245809
39.3962730721272,48.5679028582054
39.2872753488372,48.566289563878
39.2730393914504,48.5270565659575
39.3160310907304,48.5667090743594
39.2884998601248,48.5667522394251
39.3809261343007,48.5598606669177
39.3603162307413,48.5497290166726
39.3067316978889,48.5751249132464
39.3044124248541,48.5681834311319
39.3038184152394,48.5565194210574
39.3223077247477,48.5366378616161
39.3930637983386,48.5608183918111
39.3482028947422,48.5429453568293
39.2915895210558,48.5521975188625
39.3358361416719,48.5770066403256
39.2935459008448,48.5781626547391
39.2933269484954,48.5194810969418
39.339635370402,48.5645238429126
39.3222671780163,48.5631965171449
39.3671057809105,48.4830808064524
39.3451112064746,48.5320731559271
39.271085038998,48.4869171016591
39.3398604047612,48.5779225490616
39.4014022336465,48.5737557713213
39.2810656169267,48.5567851559926
39.2902494515838,48.5709918582136
39.3897308570194,48.5692436730561
39.3605635658027,48.5378963930604
39.3471425977166,48.536722842839
39.2984581373512,48.5388878406613
39.2846012919028,48.5757683425057
39.4012745114427,48.6471228937864
39.2942068125663,48.5543193516192
39.3581510352857,48.5735466905348
39.2779475732837,48.4989925287653
39.2618890403215,48.5239500301414
39.3423033453267,48.5406319790939
39.287930178549,48.6104919399776
39.2986730350275,48.5705237870333
39.4055988203441,48.5705345782997
39.2718371808651,48.5257494738143
39.3657920668139,48.5801158739583
39.3839103737301,48.5750507232898
39.1714434739735,48.5551259987829
39.3689405205054,48.4937803470921
39.2934566980358,48.5200368471616
39.2782861384907,48.4894382112727
39.2868131160995,48.5662450499041
39.191822261164,48.5596084210655
39.3586842248033,48.5234226069959
39.4068861790654,48.5173322860191
39.370461022932,48.5158457890719
39.3377661660855,48.6005896041435
39.3823594612549,48.5547145817513
39.302555384557,48.5647855311229
39.3586781427936,48.5233686506639
39.288240361044,48.5668129402986
39.3788420323079,48.56490693287
39.2872895401932,48.5662369564543
39.3291114662729,48.5765291267872
39.3049739970837,48.5638817625616
39.3345305369215,48.5699302673811
39.3881069604277,48.5596542839478
39.2714986156581,48.526048931457
39.2771386659928,48.5313312563618
39.3932766686784,48.5706492355053
39.3167284945101,48.4852282684668
39.2738543807511,48.56545458964
39.3603709688287,48.5226254021903
39.2951596607536,48.5294697629071
39.3740331899664,48.5624546175796
39.3382202894769,48.5649797739182
39.345358541536,48.5322889812552
39.3729951936432,48.5692544643225
39.2807817898071,48.5832817617396
39.2881471035618,48.5665809280709
39.3014727868292,48.5840142189468
39.3959973543538,48.5679676058038
39.3006213054702,48.5736802324565
39.3006598248651,48.5381216607466
39.3462647609823,48.5314391690259
39.3156580608017,48.5670449525263
39.3483853550334,48.5577212983531
39.3755597744028,48.5563049446376
39.3200654905025,48.5765291267872
39.353216498077,48.5555536027142
39.2914780175445,48.5526804280341
39.3448314340281,48.5725768254667
39.3602270279323,48.5101075331615
39.205624368525,48.5635620712943
39.2892013185777,48.5785686761376
39.3451699992351,48.5722517385663
39.3567582550629,48.5570765201855
39.2880619554259,48.5666254420448
39.287549039274,48.566563392263
39.2092168089251,48.5801023848753
39.3330992373039,48.5306001480629
39.2869063735817,48.5663097975025
39.2386071071644,48.5611434787115
39.3718740765206,48.5705251359416
39.3871216748552,48.5679136494718
39.3762044674317,48.5934822063081
39.3794684793076,48.5864746276869
39.3586700334474,48.5204212860273
39.2771406933293,48.5332170301659
39.276939987009,48.53072154981
39.3871946589717,48.5678853223975
39.2929356725376,48.5454961424255
39.3621854350578,48.5528787175543
39.3301291892305,48.5324724327841
39.27290964191,48.5299243450044
39.2968058580476,48.5710593036286
39.3916223620382,48.5709743224057
39.3093631807553,48.5642297809031
39.2931343515213,48.5651052223901
39.2929863559518,48.5454772577093
39.3833913755685,48.5747256363894
39.3382730002277,48.567999979603
39.3630004243585,48.491181000797
39.3703028906797,48.4998720169772
39.2642265593855,48.5460019830382
39.3223604354985,48.5696888127953
39.4017286348341,48.582251195798
39.2584912242321,48.489426071098
39.3983064907058,48.572605152541
39.3151471719864,48.5699653389969
39.3173285861345,48.5561741005324
39.3218860387414,48.563385364307
39.2918023913956,48.5572154577404
39.3526812812228,48.544461529759
39.3606365499192,48.5378599725363
39.3418593586181,48.5959925246553
39.3403672389034,48.5380892869474
39.374961710115,48.5121484314202
39.3087225423995,48.5717027328879
39.3931246184357,48.5607468996712
39.2880457367334,48.5665445075468
39.3347616532904,48.4514556513468
39.3450463317044,48.5684707485999
39.3427067853039,48.5305178646566
39.3247202552647,48.5617531852633
39.321963077531,48.5370276961149
39.3458613210051,48.5318155144417
39.3261535822189,48.5765682451279
39.3040839963299,48.5681631975074
39.2976532847334,48.5390429651159
39.3415552581328,48.5702135381242
39.2911009329427,48.553137707948
39.3093084426679,48.5724648660777
39.4053149932245,48.5637630586311
39.4325623967104,48.5084524226768
39.3185835074706,48.5589825276141
39.3739399324843,48.5557181695268
39.2885545982122,48.5665863237041
39.2898804763282,48.4834706409512
39.3959953270173,48.5676897306939
39.3708401348704,48.5610908712878
39.2777448396268,48.4834193824358
39.3768592971435,48.6078157059094
39.3158364664198,48.5670476503429
39.3396455070849,48.4736559841567
39.4052582278005,48.6320582858862
39.1621136710834,48.5504210066307
39.2740956338028,48.5309063502472
39.3048401928701,48.557069775644
39.3252777728211,48.5986040111251
39.400577107663,48.5811936516904
39.357806388069,48.5579614040306
39.3299365922564,48.5516323262846
39.4117801695427,48.5793550896768
39.2395498186689,48.5177490986839
39.3138192665337,48.5687486237098
39.3959405889299,48.5742454250344
39.2677622343616,48.5806473438287
39.312957648492,48.5653938887664
39.1704561610644,48.5591160695358
39.3744001378854,48.5249792471747
39.3708847362749,48.5603489717225
39.3232930103202,48.5621281817709
39.3396941631625,48.5378114118375
39.3777148331755,48.5735547839846
39.3805936511034,48.5543072114445
39.2397018689116,48.520267510481
39.3294439494702,48.5764090739484
39.2610598596649,48.5416220777865
39.2935033267769,48.5779090599786
39.4013495228957,48.5650526149664
39.3141355310385,48.5761500835548
39.3007733557129,48.5736910237229
39.3366937050406,48.6113579391065
39.3896700369223,48.5692220905233
39.3928347093064,48.570522438125
39.2973512115846,48.6018090172472
39.2677906170736,48.5806743219947
39.300392216438,48.5421616411067
39.3961352132405,48.5800052634776
39.3946775582475,48.5680957520924
39.3518744012684,48.573372681364
39.3544916927789,48.5454853511591
39.3443793379732,48.5333303384632
39.3405375351752,48.5645697057948
39.2878997685004,48.5665323673721
39.4205240721643,48.5111785663521
39.2091458521452,48.5748160132455
39.3679065788552,48.5280979231655
39.3878190786349,48.568138917158
39.2762932666435,48.5637738498975
39.3270780476943,48.5609357468332
39.2782232910571,48.5697710962016
39.3367970992056,48.5746514464329
39.3003395056872,48.498703862389
39.328791147095,48.5518481516127
39.3196721872081,48.5580113136377
39.2948839429803,48.5302979926036
39.3403064188063,48.5493931385057
39.3135131387118,48.5766154569184
39.31541680775,48.5687594149762
39.2973349928921,48.6022743906108
39.3927049597659,48.5703093106135
39.2882991538045,48.5667171678092
39.3506093432494,48.5637441739149
39.3678112940365,48.5280722939078
39.3723444186045,48.6050113255526
39.4054569067843,48.5804665901164
39.3375127490144,48.5925244814147
39.2545419725959,48.5583593319793
39.2865596990284,48.5818128006003
39.2876260780636,48.5663812896424
39.3752252638689,48.5079357907977
39.3701630044564,48.5617761167045
39.3168156699826,48.5586142756481
39.3350333163906,48.5425703603217
39.3107843436901,48.5906036359948
39.2153109826512,48.5623183778413
39.3049516963814,48.5712859202231
39.3382344808329,48.5674307403002
39.3592356603501,48.5378370410952
39.3688797004083,48.4776554972677
39.3457417081475,48.5648705123458
39.2887269218205,48.5668331739231
39.3248804148536,48.5394274039815
39.3443022991836,48.5331711672837
39.3455957399146,48.5329634354054
39.3618934985919,48.4710728247612
39.3828987327822,48.5653035119103
39.3041265703979,48.5680997988173
39.358761263593,48.5655571066708
39.3223462441425,48.5698034700008
39.372328199912,48.5656488324352
39.3577982787227,48.5223380847223
39.2706207789238,48.5256429100586
39.4059515769071,48.5930802316345
39.3807639473752,48.5656919975009
39.4099393479381,48.5773600543003
39.393043524973,48.5715921224073
39.2916320951238,48.5727481368208
39.2942311406051,48.5494646306457
39.4026693190021,48.5582676062148
39.3922244809991,48.5700867407439
39.303998848194,48.5510010371999
39.3854633135419,48.5623264712911
39.3243066786046,48.5488967402511
39.3472196365063,48.5367444253718
39.3728654441028,48.5624033590642
39.2581465770154,48.542270902679
39.2614409989398,48.5366405594327
39.3446266730346,48.5316172249215
39.3023911702949,48.5655921782866
39.358187527344,48.5220696519705
39.4118815363711,48.5793807189345
39.3137037083493,48.5747580101886
39.3185632341049,48.5593238014141
39.3581064338812,48.5738029831119
39.3400894937935,48.5493432288986
39.3924454606851,48.5657000909507
39.3607744088059,48.5055279894813
39.2778989172061,48.5356072956745
39.1965662287352,48.5631101870137
39.2131944432733,48.5623804276231
39.3224577476538,48.5699531988222
39.412615432209,48.5781882839968
39.3492064263438,48.5633813175821
39.3228490236116,48.5687863931422
39.3266644710342,48.5464201446114
39.2870746425169,48.566069691825
39.310295755577,48.5634555075386
39.2676831682354,48.5616816931234
39.1923736967107,48.5638008280635
39.2936432130001,48.5607199215052
39.277014998462,48.5405996052947
39.2645407965536,48.5253016362585
39.3824243360251,48.5547307686509
39.3883705141817,48.5746514464329
39.3155384479442,48.5648826525205
39.3055963894103,48.5721235922777
39.2880153266849,48.5745071132447
39.4208383093325,48.510993765915
39.3043678234496,48.572030517605
39.2750099625954,48.5397713755981
39.411774087533,48.5749374149926
39.287591613342,48.6162490806042
39.3510837400066,48.5668682455389
39.3586761154571,48.5233335790481
39.2385969704815,48.5615252197606
39.4042972702669,48.556930838089
39.2514604210111,48.5595585114584
39.3162358517239,48.5624397795883
39.294081117699,48.5550747402675
39.276131079718,48.5297773139996
39.3880927690717,48.5599861153897
39.2705984782215,48.5421737812814
39.358144953276,48.5733969617134
39.4055055628619,48.5704199210942
39.2934506160261,48.5190885646263
39.3163270818695,48.5688309071162
39.4007230758959,48.5752287791855
39.3989633477541,48.5777512377075
39.3188734166,48.5587060014125
39.20877079488,48.5636403079758
39.3299710569781,48.5512802612181
39.1597274959419,48.5490343288978
39.2761574350934,48.5843379569389
39.2988453586359,48.5127136239981
39.3722471064492,48.5708596652001
39.4224763972801,48.5104528536864
39.3755820751051,48.5636376101592
39.2731164302401,48.5911108255158
39.3538774097985,48.5453491114208
39.3004753372373,48.5818208940501
39.4101806009898,48.5796815254855
39.3569305786713,48.5578332577421
39.3154938465396,48.565302163002
39.306721561206,48.5722476918414
39.3592397150232,48.5707315189116
39.2905251693572,48.5159631440941
39.3154532998083,48.561670901857
39.3330404445434,48.5307053629104
39.3165135968338,48.5667441459753
39.3255149711997,48.5527411289076
39.3892301048869,48.5734212420628
39.2739212828579,48.5290812773166
39.3417154177217,48.5409638105358
39.3966015006514,48.5719617232817
39.3708259435144,48.5708030110515
39.4163639775249,48.5156677331762
39.2742578207284,48.529173003081
39.3928772833743,48.5786968224261
39.1691992123917,48.5540293363346
39.2679974054036,48.5214653410519
39.1639666567074,48.551189884362
39.3928914747303,48.5705386250246
39.2883498372187,48.5665647411713
39.2885424341928,48.5665391119136
39.2867036399248,48.566303052961
39.4203517485559,48.5155719606869
39.400416948074,48.5612810673582
39.3056065260932,48.5347939039692
39.3345629743067,48.5430532694933
39.2980283419986,48.5390915258147
39.3719571973199,48.5701595817922
39.3022999401493,48.5656259009941
39.375713851982,48.5634474140888
39.310295755577,48.568480190958
39.3155587213098,48.5648030669308
39.1605830319739,48.608967673598
39.3792495269582,48.5189145554556
39.3230659486245,48.5584712913682
39.3400043456576,48.5492649922172
39.3195140549558,48.5907088508422
39.3730174943454,48.5624627110294
39.3734026882935,48.5708475250254
39.2911009329427,48.553218642446
39.4110564103876,48.5775340634711
39.3891956401652,48.5878343272538
39.2880741194454,48.5667063765428
39.3490118020332,48.5655705957538
39.2992852906713,48.539546107912
39.3016836298323,48.5746676333325
39.3160777194715,48.5667009809096
39.2784016966752,48.5818141495086
39.2779475732837,48.5947812050015
39.3902376911616,48.5775327145628
39.3458532116588,48.5608116472696
39.259150108617,48.5471472061854
39.3291621496871,48.5494821664536
39.3923055744619,48.570468481793
39.2882606344097,48.5665526009966
39.4031214150569,48.5630629752232
39.3223097520843,48.5699936660712
39.3356739547464,48.5417043611928
39.316371683274,48.5378464834533
39.2778157964068,48.5356720432729
39.3257683882708,48.5346563153226
39.2877051441898,48.5742899390083
39.236506786479,48.5629375267512
39.3639593545556,48.4960546064867
39.3424128215014,48.5705750455487
39.3610805366278,48.5039551624029
39.2726602795121,48.5411958227635
39.4126073228628,48.5782327979707
39.3159358059117,48.5648030669308
39.2384895216434,48.562276561684
39.170119623194,48.5591106739026
39.3958899055157,48.5741658394447
39.3479190676225,48.5427888834664
39.3832048606041,48.5800861979757
39.2641434385861,48.546081568628
39.2721980467744,48.530393765093
39.2880761467819,48.5666659092938
39.3017910786705,48.5677221044931
39.2880579007528,48.5665863237041
39.3471446250532,48.5366338148912
39.2771102832808,48.5320043616038
39.2678352184781,48.5603300870063
39.4120011492287,48.5784256918577
39.3489550366092,48.5709770202223
39.3105937740526,48.5595814428995
39.4047331476292,48.5733160272154
39.403976951089,48.5750372342068
39.2942331679417,48.5522474284696
39.3394894021691,48.6067756976097
39.25922512007,48.5388662581285
39.3050733365755,48.5709230638903
39.2885404068562,48.5664838066733
39.2584709508664,48.5425217996229
39.2875307932449,48.5657027887673
39.3574272761306,48.5654464961902
39.3210528034115,48.5633219656169
39.3600425403045,48.5377547576889
39.2896047585549,48.5571561057752
39.308146778814,48.5704752263345
39.3533786850026,48.5546606254192
39.3189241000142,48.5732323949007
39.3854207394739,48.5623723341733
39.2879504519147,48.5745435337688
39.3001611000691,48.5834045123949
39.3671118629202,48.5199464703055
39.3538510544231,48.5454179057441
39.2951515514074,48.5294185043917
39.2568227262359,48.5288789410715
39.4023834645458,48.5586115778314
39.3901626797086,48.572713065205
39.307206094646,48.568358789211
39.3805693230645,48.5598053616774
39.3314753407122,48.5746042346424
39.3688067162918,48.5747229385728
39.3437042348958,48.5327354699027
39.2874659184747,48.5664878533982
39.4241874693443,48.5157675523905
39.2544324964211,48.5580720145112
39.2915104549296,48.5531660350223
39.2715391623895,48.5258722244696
39.2555394221878,48.5586628363469
39.3544045173064,48.5454907467923
39.3147031852778,48.5612999520744
39.1932616701279,48.5660359691175
39.3002847675998,48.5828595534415
39.3870182806902,48.5760556599737
39.3929908142222,48.583714761304
39.3964758057841,48.5719576765567
39.3871318115381,48.5678542975066
39.2725082292694,48.5628714302445
39.4045162226163,48.5732256503592
39.2881876502932,48.5667360525255
39.2932377456863,48.4989372235249
39.3285721947456,48.5499718201666
39.3226868366861,48.569508059083
39.298656816335,48.5388379310542
39.347154761736,48.530968400029
39.2617045526938,48.5264994668294
39.2095472647858,48.5819193643561
39.3024864551136,48.5786388193692
39.3727802959669,48.605363390619
39.3642999470992,48.4940528265688
39.2451412129259,48.5609249555668
39.3136996536762,48.5748052219791
39.3845510120859,48.5633921088485
39.3699318880876,48.4832291863654
39.3993789517507,48.6515661977283
39.2955184993263,48.5319935703374
39.2356917971783,48.5286064615948
39.2840964850972,48.5388918873862
39.3945660547362,48.5711523783013
39.3381391960142,48.5702000490412
39.3014342674344,48.5840951534448
39.3589416965476,48.5376104245007
39.3161608402708,48.5667198656258
39.2702234209563,48.5430937367423
39.3472601832376,48.5576565507547
39.2918186100881,48.5535221468136
39.2903670371048,48.5727454390043
39.2924146470394,48.5667023298179
39.3933151880732,48.4936468051703
39.3472135544965,48.5366702354153
39.3882123819293,48.5594721813272
39.3909857783555,48.5716730569053
39.2935053541134,48.5782908010277
39.3578165247519,48.5579168900567
39.3720565368118,48.5703039149803
39.3041711718024,48.5568728350321
39.3458471296491,48.5575526848155
39.2100459895818,48.5644348149648
39.4293794782972,48.5087478335946
39.3424695869253,48.5930073905863
39.2990420102831,48.5385384734115
39.3760544445256,48.5592037485754
39.4033342853967,48.5628228695457
39.385378165406,48.5566057511886
39.4126073228628,48.5782746141281
39.3787852668839,48.5648732101624
39.3723444186045,48.5709176682571
39.2156515751948,48.5455784258319
39.2911272883181,48.5420820555169
39.3853396460112,48.5711119110523
39.2878288117205,48.5665782302543
39.2989690261666,48.5394260550732
39.1901659271872,48.5590958359113
39.3386703581952,48.5627554241306
39.2872510207984,48.5849260809579
39.3848591672443,48.5713870883456
39.1911714861254,48.5559205057719
39.3736358319989,48.5777809136901
39.3039055907118,48.5638615289371
39.2582479438438,48.54236532626
39.2932681557349,48.5190993558927
39.2867178312808,48.5663718472843
39.2948940796631,48.5278025122477
39.3967069221529,48.5720197263386
39.3767842856904,48.5657999101649
39.4042526688624,48.5717324088706
39.1816653049539,48.5795142608562
39.2334799729816,48.5633044298089
39.2806094661987,48.4545608382546
39.4087533560453,48.5885546442863
39.2935540101911,48.5197131091695
39.2912104091174,48.4837444693362
39.3156681974846,48.5647666464067
39.3954844382019,48.5663394734851
39.3156864435137,48.5668965726132
39.3050855005949,48.5638021769718
39.3027398721847,48.5635404887615
39.3224820756926,48.5697306289526
39.2694368143675,48.5287831685822
39.2640339624114,48.5462056681916
39.3369856415065,48.5747431721973
39.2729582979877,48.5274234690152
39.2386172438472,48.5614361918127
39.3190477675449,48.5585090608006
39.3019411015766,48.5668925258883
39.3024824004405,48.5865501665517
39.3561622181116,48.5018495165458
39.3018133793728,48.5677989922663
39.3743494544712,48.5558328267324
39.2950603212618,48.537791178213
39.2870016584004,48.5661870468471
39.3918149590122,48.5706424909637
39.330098779182,48.5506206450592
39.4119626298339,48.5792026630388
39.3805490496989,48.5596947511968
39.2823448663017,48.5388918873862
39.322212439929,48.5367322851971
39.2741098251588,48.5236343855991
39.3882529286607,48.559426318445
39.3022391200522,48.5492150826101
39.2543818130069,48.5579708463887
39.3461025740568,48.5433824031186
39.2906893836192,48.4802858684537
39.3146748025658,48.5612446468341
39.3840218772414,48.5644725843972
39.2768893035948,48.5419201865209
39.2722446755154,48.5268623231622
39.3152444841417,48.5686771315699
39.3750022568464,48.5117734349126
39.2713546747617,48.5637725009892
39.3236092748249,48.5353874236215
39.3791947888708,48.5546039712706
39.3946593122184,48.5678462040568
39.2746085499548,48.5553984782596
39.2987764291926,48.5388082550716
39.2771062286076,48.5399359424108
39.3629720416466,48.4996278645748
39.3895646154207,48.5730435477387
39.2869793576982,48.5661330905151
39.213040365694,48.5592077953003
39.2923173348841,48.5680377490355
39.1966209668226,48.5629483180176
39.3959628896322,48.5678003411746
39.3136246422231,48.5687364835351
39.3891388747413,48.5735669241593
39.3925711555524,48.5783784800672
39.4099393479381,48.6401935518466
39.3155242565882,48.5650040542676
39.2869023189085,48.5662868660614
39.3406916127544,48.5382093397862
39.2936918690778,48.5546929992185
39.2878571944325,48.5745273468692
39.3768552424703,48.5640706097236
39.3007895744055,48.5679608612623
39.3310435180231,48.5757197818069
39.376565333341,48.5915154980059
39.2920801365055,48.5698452861581
39.300217865493,48.5833640451459
39.2732644258096,48.5272400174864
39.3579483016288,48.5371018860714
39.2932296363401,48.518938835805
39.2756222182392,48.5394449397894
39.3948052804513,48.57120903245
39.2165192752463,48.5628282651789
39.3603182580779,48.5378019694794
39.2938925753981,48.5190076301283
39.3548039026105,48.5582662573065
39.315680361504,48.5669599713033
39.4001310936178,48.5733875193553
39.3765551966581,48.5909718879608
39.2799363904578,48.5731689962106
39.3009416246481,48.5737058617142
39.3720099080707,48.611705957448
39.276116888362,48.6147544902072
39.3143463740416,48.5611313385368
39.2105406597046,48.5836756429633
39.3853416733477,48.562451919763
39.2739030368288,48.5307404345262
39.3580983245349,48.5579398214978
39.3361382148207,48.5441364428586
39.3330688272554,48.5443171965709
39.1560134153476,48.5506341341422
39.3791096407349,48.6033049565524
39.2630628681949,48.5353105358483
39.2119233032446,48.559946997049
39.4102698037988,48.5777606800656
39.3375026123315,48.5924759207159
39.3357185561509,48.556930838089
39.3166129363257,48.5687189477272
39.3917764396174,48.5708218957677
39.3155708853293,48.5655260817799
39.2980242873255,48.569373168253
39.3019836756445,48.5673781328765
39.2922869248355,48.5673349678109
39.3455693845392,48.5330012048379
39.3225834425211,48.5362938899994
39.3853477553574,48.5625395988026
39.2990805296779,48.512582779893
39.3004915559298,48.5817467040936
39.3072811060991,48.5683601381193
39.3648676013385,48.5729019123671
39.2281379411226,48.5333991327865
39.2976857221185,48.5390038467752
39.3066283037239,48.5722247604003
39.3904262334625,48.5637994791552
39.2718290715188,48.4782139453041
39.3104336144637,48.5685422407398
39.2934850807477,48.5198372087331
39.2736536744308,48.5293281275356
39.3436028680674,48.5696213673803
39.3223523261522,48.5697265822277
39.3708786542652,48.6040967657248
39.3980753743369,48.5869683281249
39.2914111154378,48.5530851005242
39.2885910902704,48.5667792175911
39.41867716855,48.6014434630977
39.3876082356317,48.5754311154306
39.2938885207249,48.5189604183378
39.3782054486252,48.5707409612697
39.2932296363401,48.5888325193962
39.1946280949754,48.5633921088485
39.3989613204175,48.5728627940264
39.3288681858846,48.5518063354553
39.3018802814795,48.5677855031833
39.2867867607241,48.4687351666764
39.2868921822257,48.5661897446637
39.3025736305861,48.5650040542676
39.2386111618375,48.5612379022926
39.2398660831736,48.5194837947584
39.3002381388587,48.5830160268044
39.3155141199053,48.5660211311262
39.3860836785319,48.570343033321
39.3924231599829,48.57045499271
39.3592356603501,48.5496750603405
39.2674135324718,48.5330079493794
39.3830447010152,48.5664716664986
39.2753039263979,48.5750075582242
39.3588119470072,48.5655705957538
39.3225672238285,48.5442672869638
39.3969988586189,48.6328298614341
39.293037039366,48.4974372374948
39.3872108776642,48.5679433254544
39.2874679458113,48.5714815119267
39.3771329875803,48.5723502088722
39.360425706916,48.5111677750857
39.2848830916859,48.5074677196174
39.1965358186867,48.5634244826477
39.4283739193591,48.5143687344828
39.3827000537985,48.5071358881755
39.3184355119011,48.5740053193569
39.2718554268942,48.5265588187946
39.3451476985328,48.5722045267757
39.4117011034165,48.5793402516855
39.2783185758758,48.4895164479541
39.3800381608835,48.5597824302363
39.3031311481425,48.5903567857758
39.387837324664,48.5605270276182
39.3226503446278,48.5443077542128
39.3957844840141,48.580388353435
39.2108042134586,48.5874809132791
39.2743470235374,48.5289814581023
39.3104680791854,48.5631209782801
39.3605493744467,48.53777768913
39.3565393027135,48.5495415184188
39.3724397034233,48.4868510051523
39.2738766814534,48.5283164463102
39.3506681360099,48.5637455228232
39.2734448587642,48.5296140960953
39.1879946497219,48.5580369428954
39.2933816865827,48.5183021510871
39.3929360761348,48.5697090464198
39.3436717975107,48.5695728066814
39.2645306598708,48.5252733091842
39.3200573811562,48.5764522390141
39.3960095183732,48.5677652695587
39.2737651779421,48.5238771890932
39.3083434304612,48.5586075311065
39.292167311978,48.5694014953273
39.2361053738383,48.5304153476258
39.2879504519147,48.5664311992495
39.3826027416431,48.5553458708359
39.3026851340974,48.5635553267528
39.3806220338153,48.5598795516339
39.3911155278959,48.5697562582103
39.2706836263574,48.5256874240325
39.268804285358,48.5766707621587
39.4027869045231,48.5654505429151
39.3583253862307,48.5030325091253
39.3597850685603,48.5018441209126
39.353790234326,48.5498261380702
39.3015356342628,48.5912254827213
39.2870969432192,48.566249096629
39.307206094646,48.5726307817987
39.3273618748139,48.5505059878537
39.3797239237153,48.5691816232743
39.258886554863,48.5399265000527
39.3924941167628,48.565714928942
39.2757256124042,48.5286685113766
39.3159175598825,48.5667104232677
39.3205621879619,48.5577159027199
39.2881572402447,48.5666969341847
39.3382142074672,48.5679878394283
39.3627470072874,48.52455434106
39.3874460487062,48.5683264154118
39.288357946565,48.566837220648
39.3290972749169,48.6009012019609
39.3478764935546,48.5665552988132
39.3925894015815,48.5657540472827
39.3145734357374,48.5744801350787
39.2934769714015,48.5192045707402
39.291565193017,48.5535046110057
39.3948843465775,48.5675103258899
39.3435075832486,48.6070077098373
39.3001387993668,48.5707611948942
39.3208460150815,48.5568674393989
39.2952204808507,48.5295533952217
39.3527826480513,48.5450240245204
39.2869185376011,48.5663624049262
39.1912890716464,48.5559758110122
39.3586821974668,48.5232863672575
39.3825905776237,48.5744059451222
39.3453544868629,48.532189162041
39.2871902007013,48.5661479285064
39.3979699528354,48.6338091688603
39.305235523501,48.5695970870308
39.3955999963863,48.567865088773
39.4118450443129,48.5744491101878
39.3371295824029,48.594675990154
39.2545886013369,48.5581435066512
39.3007956564152,48.5736411141158
39.3287506003636,48.5518602917874
39.3890516992688,48.5585522258662
39.2932215269938,48.5793132735195
39.3539524212515,48.54551637605
39.3937693114646,48.5707638927108
39.3071331105295,48.5683574403027
39.3637262108502,48.5591848638592
39.313503002029,48.5377871314881
39.2915246462856,48.5530945428823
39.3155080378956,48.5652387643119
39.3384108591144,48.5701568839756
39.2745315111652,48.5657351625665
39.2699781132314,48.5250197144237
39.3807112366244,48.5599092276165
39.3920947314587,48.4943981470937
39.2741260438514,48.5290691371419
39.4057853353084,48.5723218817979
39.2709836721696,48.5262580122436
39.2796991920793,48.5722814145489
39.3447888599602,48.5411634489643
39.3354002643096,48.5433837520269
39.2680541708275,48.5614834036032
39.2942210039222,48.5497141786812
39.3643404938306,48.5723461621473
39.2884694500763,48.5665445075468
39.1753683975709,48.5569915389625
39.3507836941944,48.5641920114707
39.4203801312679,48.5154748392893
39.4095419899706,48.577210325479
39.3159824346527,48.5667009809096
39.4011184065269,48.5735170145521
39.3676815444961,48.490467428306
39.3091726111178,48.5649581913854
39.3462100228949,48.5648974905119
39.3260947894584,48.5561592625411
39.3220745810423,48.5633867132153
39.3538023983455,48.5445249284492
39.4034741716199,48.5629550625591
39.3949228659723,48.5180660921346
39.3687154861462,48.5607576909376
39.3410200412786,48.5669478311286
39.380096953644,48.5487348712551
39.3443245998859,48.533446344577
39.2934323699969,48.519926236681
39.3164730501024,48.5667374014338
39.3003881617648,48.5812381656643
39.2937506618383,48.5550261795687
39.3167507952124,48.5667535883334
39.2577796290964,48.555233911447
39.4057366792308,48.5637225913821
39.1866789082887,48.56189077391
39.3445516615816,48.5330146939209
39.4057528979233,48.5699505010056
39.3375188310241,48.5698102145423
39.3594019019487,48.5064452471256
39.250059531442,48.5272413663947
39.2743145861523,48.529146024915
39.39269076841,48.5839332844487
39.3969846672629,48.5801833193733
39.3446591104197,48.5315335926069
39.3423438920581,48.5359768965488
39.4012704567695,48.5736748368233
39.2912022997712,48.5532752965946
39.269655766717,48.5285875768786
39.2952245355238,48.5304139987175
39.2750545639999,48.538998451142
39.372534988242,48.5710323254626
39.2894750090145,48.4748173942034
39.3857430859884,48.5701231612681
39.2917415712985,48.5571034983515
39.3099835457454,48.5636106319932
39.3648351639534,48.5716959883464
39.3156580608017,48.5670962110417
39.3589416965476,48.503920090787
39.3592843164277,48.537710243715
39.3803767260905,48.5596353992315
39.4229467393641,48.5150350951833
39.3592539063792,48.5064992034576
39.3260299146882,48.5765736407611
39.292670091447,48.5535437293464
39.1961850894603,48.5608062516364
39.1672732426513,48.5945802176647
39.3806727172296,48.5433270978783
39.3933638441508,48.5649285154028
39.3875818802564,48.5680485403019
39.391087145184,48.5715570507915
39.3916750727889,48.5709230638903
39.3524278641517,48.5707895219685
39.2665194770449,48.54387340574
39.3183807738137,48.5780911625992
39.2474625132973,48.5614334939961
39.2878470577496,48.5659159162787
39.4057265425479,48.572331324156
39.3528150854364,48.5612662293669
39.2932661283983,48.5783407106348
39.3760544445256,48.5595800939912
39.3236254935175,48.5633570372327
39.2881552129081,48.5666321865863
39.318741639723,48.5588287520678
39.3299487562759,48.551589161219
39.4021158561187,48.502470014364
39.3262671130667,48.5343096458894
39.2950035558378,48.5768528647793
39.3228023948705,48.5690588726189
39.3226037158867,48.555260889613
39.3639086711414,48.4573530784367
39.2180235589804,48.5604150682292
39.3082380089596,48.6013449927918
39.3067945453225,48.5747350787475
39.388453634981,48.5595949319825
39.3523629893815,48.5696186695637
39.2884735047494,48.5858622233185
39.288682320416,48.5651308516478
39.3971103621301,48.5721721529765
39.3249858363552,48.5393221891341
39.2716810759493,48.5238556065604
39.3074088283029,48.5709014813574
39.3536057466983,48.5578845162575
39.2873686063194,48.5661870468471
39.4253612972177,48.5093575401464
39.3510269745826,48.5383159035419
39.2887958512639,48.5654586363649
39.2981601188756,48.5693826106111
39.2992082518817,48.567739640301
39.4052845831759,48.5639559525181
39.2696496847073,48.5286617668351
39.3446266730346,48.5720898695702
39.2718290715188,48.5258506419368
39.2734306674082,48.5827826656684
39.3065978936753,48.5631182804635
39.2604435493479,48.5256901218491
39.3385264172988,48.570167675242
39.2939736688608,48.5042465265958
39.3061397156108,48.5783555486261
39.254531835913,48.5583148180053
39.385599145092,48.5702013979495
39.2961692743649,48.5667711241413
39.3387068502535,48.5677625717421
39.405801554001,48.5703821516617
39.3956648711565,48.5740795093135
39.3853801927425,48.5625126206365
39.3810112824366,48.5657203245752
39.354730918494,48.5452789681892
39.2860163728279,48.538953937168
39.2777002382223,48.5219603903981
39.358511901195,48.5655301285048
39.4054183873895,48.563906042911
39.1930163624031,48.5536786201765
39.3386967135706,48.5673552014354
39.3153032769022,48.5674212979421
39.3439596793035,48.5325277380244
39.3088563466131,48.5683385555865
39.3256670214423,48.5784095049581
39.3836630386687,48.5667090743594
39.3114209273727,48.5656919975009
39.3538388904037,48.5490478179808
39.3094686022569,48.5648813036122
39.354246385054,48.5490019550986
39.3525697777116,48.5746352595333
39.2719811217615,48.5260920965226
39.2912813658973,48.4853092029648
39.3754361068721,48.5665188782891
39.3074189649857,48.5707922197851
39.3827223545007,48.5664419905159
39.2688286133969,48.5766343416346
39.2941399104595,48.505867914373
39.2878774677982,48.5657864210819
39.2748153382848,48.5287642838659
39.3094240008524,48.5724850997022
39.3924819527434,48.5704630861598
39.385659965189,48.5700867407439
39.2904420485578,48.5160238449676
39.3444523220897,48.5334396000355
39.2933938506021,48.5778591503715
39.3500396616736,48.5286914428177
39.2718392082017,48.5256793305827
39.3714584725239,48.5075891213645
39.361013634521,48.5043908597839
39.2948352869026,48.5267962266555
39.2903487910757,48.5726712490477
39.3475521197036,48.5368604314856
39.4143325862829,48.5756186136843
39.3409977405763,48.5388824450281
39.3798293452169,48.5696793704372
39.3826534250574,48.5071197012759
39.3525859964041,48.5575270555578
39.2934202059775,48.5189455803465
39.2190737193231,48.560943840283
39.3123393108384,48.5686582468537
39.2887715232251,48.5654060289411
39.3003719430723,48.5809751285457
39.2542946375345,48.5583755188789
39.3168460800311,48.5558827363395
39.4057893899816,48.5700934852854
39.3743859465294,48.480973811687
39.2999016009883,48.567838110607
39.3957277185902,48.5677086154101
39.2932478823692,48.5784149005913
39.3004043804574,48.5822687316059
39.2935296821523,48.5535545206128
39.2948697516243,48.5274936122469
39.3004408725156,48.5736168337664
39.279366708882,48.5255808602767
39.3328519022425,48.6093575080968
39.3482819608684,48.5650040542676
39.3592336330135,48.5376994524486
39.3246614625042,48.5375429790857
39.2770271624815,48.541036651584
39.3449206368371,48.5724136075623
39.2934566980358,48.5779117577952
39.2934465613529,48.5199559126636
39.3476636232148,48.5580477341618
39.3443874473195,48.5719347451156
39.3328316288768,48.5446018162223
39.2776495548081,48.5235736847256
39.4008224153878,48.5737045128059
39.2932823470908,48.5191883838406
39.2499155905456,48.5599645328569
39.2809115393475,48.4557289928428
39.2770879825785,48.5313204650954
39.3153762610186,48.5687850442339
39.2962929418957,48.5671798433563
39.37644774782,48.591839235998
39.402123965465,48.5779265957865
39.3654839116554,48.5669464822203
39.3896173261715,48.569220741615
39.3156418421092,48.5672095193389
39.3972563303631,48.5722355516667
39.3956020237229,48.566931644229
39.3974347359812,48.5644091857071
39.2987399371343,48.5387097847656
39.2888911360826,48.5787561743913
39.3081893528819,48.6012788962851
39.3788825790392,48.5741698861696
39.3278666816196,48.5535491249796
39.387630536334,48.5680620293849
39.3629132488861,48.5599699284901
39.3980409096153,48.5792849464451
39.2970511657724,48.5599429503241
39.3217218244793,48.5380083524494
39.3579827663505,48.5061201602252
39.2919564689748,48.5572775075222
39.3594221753144,48.506388592977
39.3972928224213,48.5723326730643
39.2879585612609,48.5663381245768
39.3105349812921,48.5725565918422
39.3844942466619,48.5639424634351
39.2630973329166,48.5600036511976
39.3783514168582,48.5739945280905
39.348669182153,48.5648556743545
39.3001185260012,48.5708259424926
39.2868171707726,48.5662774237033
39.2731265669229,48.5272521576611
39.1658277516777,48.5581084350354
39.3805267489966,48.5598377354766
39.3653947088464,48.4851432872439
39.2934445340164,48.571303456031
39.4117680055232,48.5745435337688
39.3395684682952,48.5377763402217
39.3676734351498,48.5666213953199
39.2125700236101,48.6276176797609
39.3472358551988,48.5930154840361
39.2898196562312,48.5867079888229
39.2916868332111,48.5726078503576
39.2945879518412,48.5815214364074
39.1776896979423,48.5891994224539
39.2873321142611,48.5658592621301
39.3693216597803,48.5627432839559
39.3526022150967,48.5573287660377
39.3345710836529,48.5432259297558
39.3344028147177,48.5429817773534
39.2872429114521,48.5660723896416
39.3919487632257,48.5706249551558
39.3586416507354,48.5496318952749
39.3612224501876,48.5212076995665
39.3583862063277,48.5374296707885
39.4060569984087,48.5687445769849
39.3603162307413,48.5224918602685
39.4188616561778,48.5692180437984
39.4024868587109,48.5587086992291
39.4002709798411,48.5810789944848
39.2569909951711,48.5582487214986
39.3540456787337,48.5483558280226
39.2507184158269,48.559534231109
39.2880153266849,48.5657095333088
39.3817978890253,48.509252325299
39.3675842323408,48.5404377362986
39.2933147844759,48.5182940576373
39.393649698607,48.5834314905609
39.2924288383953,48.5412781061698
39.3271044030697,48.4786253623358
39.2876179687174,48.5665080870227
39.2487660907111,48.5320165017785
39.2936087482784,48.5564492778257
39.3272665899952,48.5663907320005
39.287591613342,48.5663799407341
39.3475318463379,48.5369265279924
39.3156925255234,48.5641218682391
39.3957946206969,48.5741874219775
39.1755772132375,48.5571588035918
39.2557198551424,48.557958706214
39.2897527541244,48.5784108538664
39.2873969890314,48.565849819772
39.1886251513949,48.586605471792
39.3203209349102,48.5908275547727
39.2916706145186,48.572686087039
39.2508664113965,48.5548602638477
39.2070029573919,48.5636349123426
39.3320754323366,48.5427443694925
39.2962057664232,48.5676168896457
39.3505728511912,48.5686784804782
39.3946289021698,48.5711834031923
39.3155952133681,48.565315652085
39.3707671507539,48.480273728279
39.3398887874731,48.5376697764659
39.3477690447164,48.5371963096525
39.3895362327088,48.5730786193545
39.2878957138273,48.5664919001231
39.3159540519408,48.5379152777766
39.2384611389314,48.5611434787115
39.2936797050584,48.5555589983474
39.3109120658939,48.5628336608121
39.3206757188097,48.5906832215845
39.3156884708503,48.5668426162812
39.4054082507066,48.5638278062295
39.3467492944223,48.5311275712084
39.302070851117,48.5668655477223
39.2951718247731,48.5315862000306
39.3025067284793,48.5783946669668
39.2707586378104,48.5246231353834
39.3381108133022,48.5673916219595
39.3993282683365,48.5770322695833
39.3065472102611,48.5683075306956
39.2152907092855,48.5623817765314
39.3470027114934,48.5366486528825
39.3049699424105,48.5711348424934
39.2883498372187,48.5665215761057
39.2925079045215,48.5412942930694
39.3184882226519,48.5594978105849
39.3749738741344,48.6068674233741
39.3311773222366,48.5317858384591
39.3223259707768,48.5700219931455
39.3907262792747,48.6215435456837
39.4120862973646,48.57949537614
39.3089232487199,48.5648772568873
39.3852524705387,48.5563238293538
39.4120579146526,48.5785983521202
39.3033886198868,48.5658538664969
39.1888481584174,48.5865043036695
39.3880218122918,48.5685503341896
39.3251723513195,48.5525536306538
39.2212875708563,48.5575176131997
39.2925423692432,48.5812071407734
39.3085765741666,48.4927079649932
39.2680136240962,48.5717472468619
39.4057893899816,48.570414525461
39.3220076789355,48.5369521572501
39.3226706179935,48.5552015376477
39.3632457320834,48.5749994647744
39.2949467904139,48.5278294904137
39.4003885653621,48.5811235084588
39.2932174723206,48.5793861145677
39.2919767423405,48.5535356358966
39.2796383719822,48.5962690508569
39.2365493605469,48.5628957105939
39.2107393386884,48.5655544088542
39.3502403679939,48.5702162359408
39.2910238941531,48.5255134148617
39.3024418537091,48.5657742809072
39.3294946328844,48.5764104228568
39.328673561574,48.5501121066299
39.3681904059749,48.5594681346023
39.3767802310173,48.5718160411852
39.3200837365316,48.5553107992201
39.3979658981622,48.5872138294356
39.333837187815,48.5435550633811
39.2782699197982,48.449885522085
39.3751583617622,48.5192706672469
39.2778948625329,48.5356504607401
39.3300906698357,48.5507798162387
39.2545358905862,48.558026151629
39.2991677051503,48.5125841288013
39.4118288256203,48.5910771028083
39.2986953357298,48.5127217174479
39.3905965297343,48.5634447162722
39.2645489058999,48.5627163057899
39.3124345956572,48.5374175306138
39.360247301298,48.5376441472082
39.322611825233,48.5415829594457
39.2821340232985,48.586676963932
39.3275828545,48.5501552716955
39.3148207707988,48.5745610695767
39.3009132419362,48.5789059032127
39.38536397405,48.571070094895
39.2802567096357,48.5112851301079
39.3822662037727,48.5761581770046
39.2931100234825,48.5642108961869
39.2862920906013,48.5668655477223
39.3417904291748,48.540874782588
39.3020485504147,48.5676425189034
39.4057833079719,48.570616861706
39.3874947047839,48.5694298224016
39.2783956146655,48.5696510433629
39.3474629168945,48.5576133856891
39.3329532690709,48.5444709721171
39.3011950417192,48.5718362748097
39.3408193349583,48.5422425756047
39.2794518570179,48.5081758964752
39.3249554263067,48.561509032861
39.3444705681188,48.5719873525394
39.2922970615184,48.568767508426
39.3407564875246,48.5387880214471
39.3250324650963,48.5392641860772
39.3588383023826,48.5377183371648
39.3671159175934,48.5304059052677
39.3154411357889,48.5665579966298
39.3300399864215,48.5326369995967
39.2967166552386,48.5672176127887
39.3110418154344,48.5906184739861
39.3956283790983,48.5932461473555
39.3679146882015,48.5294481803743
39.3998391571519,48.4790273370093
39.3767417116225,48.5640220490248
39.2886843477526,48.56689117698
39.2782253183937,48.5697184887779
39.3581185979006,48.5373312004825
39.402580116193,48.592238512855
39.4105029475043,48.587579383585
39.3776479310688,48.6196307937136
39.3111411549262,48.5284513371402
39.4052845831759,48.5637981302469
39.3708381075339,48.5714450914026
39.2584891968955,48.5512384450608
39.3970110226383,48.5721964333259
39.3565210566843,48.5086601545551
39.2555292855049,48.5575499869989
39.3018133793728,48.5678448551485
39.2726643341852,48.5628970595022
39.3627470072874,48.5242602790505
39.3799104386797,48.5596772153889
39.2940162429288,48.5183156401702
39.4032248092219,48.5649150263198
39.378361553541,48.5706694691298
39.4000297267894,48.5733510988312
39.3011504403147,48.537750710964
39.3091969391567,48.5588395433342
39.3279092556875,48.5334679271098
39.3570785742408,48.5576902734622
39.3153539603164,48.5682508765469
39.3817857250059,48.5742319359514
39.2875267385718,48.5663880341839
39.257885050598,48.5394597777807
39.238669954598,48.5611515721613
39.2929600005764,48.4958010117263
39.3572002144349,48.5535693586041
39.3047895094559,48.5638669245703
39.2767413080252,48.5297287533008
39.2986608710081,48.5706573289551
39.335854387701,48.547585601383
39.3008828318876,48.5736519053822
39.3437589729832,48.5310614747017
39.3871865496254,48.5759329093184
39.359894544735,48.5129402405926
39.3704934603171,48.5158943497707
39.3590349540298,48.503924137512
39.3920582394005,48.5707058896539
39.3306116953339,48.5507784673304
39.2129106161536,48.5595234398426
39.3859681203475,48.5615913162673
39.3070560717399,48.5733659368225
39.2633102032563,48.5603651586221
39.2788659567494,48.6224446164284
39.3601499891427,48.5696132739305
39.2544689884794,48.5578899118907
39.3806909632587,48.5621996739108
39.300274630917,48.5830740298613
39.3218333279906,48.5371356087789
39.4034822809662,48.6479484256663
39.2881633222544,48.566657815844
39.3294946328844,48.551970902268
39.3249412349507,48.5393586096582
39.3284931286194,48.5500527546647
39.3921900162774,48.5699113826649
39.3952918412279,48.5739270826755
39.3222286586215,48.5582109520662
39.322141483149,48.5908410438557
39.2819880550655,48.4919876479607
39.4009095908603,48.5737449800549
39.2619559424283,48.52640369434
39.3106505394766,48.5725687320169
39.3700068995406,48.5195620314398
39.3717504089899,48.5689711935794
39.3205561059522,48.5913455355601
39.3855727897166,48.5708421293922
39.3931753018499,48.569261208864
39.3122886274242,48.5686501534039
39.3501004817707,48.5374161817055
39.280617575545,48.5880501525819
39.302395224968,48.5655476643127
39.3953810440369,48.5741037896629
39.3917135921838,48.5825681892486
39.3018802814795,48.5849004517002
39.3895767794401,48.569180274366
39.4281002289223,48.5089137493156
39.2555029301295,48.5575000773918
39.157408222907,48.5478445917767
39.3191531890465,48.5996210879837
39.2761756811225,48.5844984770266
39.3737392261639,48.5641852669292
39.2932600463886,48.5784634612901
39.3138963053234,48.5381027760304
39.3156499514554,48.5671596097318
39.3919061891578,48.5706789114879
39.3022452020619,48.5656016206447
39.2608632080177,48.5625328542611
39.3055234052938,48.5079546755139
39.3806544712004,48.5453248310714
39.2732461797805,48.6286860151349
39.3931773291865,48.5715948202239
39.2590223864131,48.5376940568154
39.3917135921838,48.5708677586499
39.3441522762775,48.5313690257942
39.2656031209157,48.5545675507465
39.2605003147718,48.5256617947748
39.3329694877635,48.5306621978448
39.2487356806626,48.5320947384599
39.2182871127343,48.560535121068
39.2139790225254,48.5537096450674
39.3678802234798,48.5281343436896
39.376330162299,48.5073098973462
39.2916300677872,48.5520181140585
39.3838556356427,48.5668817346219
39.380788275414,48.5599483459573
39.3985011150164,48.5671730988148
39.309162474435,48.5650323813419
39.2180580237021,48.5746730289657
39.3833406921542,48.5665674389879
39.2936857870681,48.5554794127577
39.2617674001274,48.5420564262592
39.3151978554006,48.5687782996924
39.3354914944552,48.5766437839927
39.3027297355019,48.57566177875
39.2866002457598,48.577044409758
39.3795130807122,48.5864908145865
39.3856153637845,48.5710471634539
39.4026733736752,48.653041903409
39.3821972743294,48.5546484852445
39.3103930677323,48.5633462459663
39.3897997864627,48.5515001332711
39.3669456213216,48.4895933357273
39.3307211715086,48.5322417694647
39.3160898834909,48.5666159996867
39.4056231483829,48.5704603883432
39.2897527541244,48.5451170991931
39.3699460794436,48.5775988110695
39.414261629503,48.5747134962147
39.3105795826966,48.5725592896588
39.3875676889004,48.5693637258949
39.3435643486725,48.607006360929
39.2923436902595,48.5488225502946
39.287342250944,48.5665067381144
39.3070986458079,48.5731406691363
39.4105678222745,48.5795129119479
39.2545703553078,48.5581704848172
39.3572306244834,48.5045109126227
39.3976009775798,48.5724554237196
39.2740287316961,48.5308456493736
39.3708583808995,48.4787022501089
39.3907972360546,48.5718807887836
39.3255149711997,48.5784648101984
39.3151775820349,48.5710889796112
39.2992406892668,48.5390443140242
39.3361422694938,48.5768056529888
39.2717641967486,48.5237153200971
39.4007109118765,48.5736613477403
39.3749840108173,48.5471377638273
39.2945007763687,48.5478418939601
39.3646243209502,48.5718672997006
39.3224638296635,48.563084557756
39.4031883171637,48.5629874363583
39.393264504659,48.5607725289289
39.3872230416837,48.5682306429224
39.3049070949769,48.5638102704216
39.3027540635407,48.5637738498975
39.3010754288617,48.5679662568955
39.3020384137319,48.5676897306939
39.3230517572685,48.5585576214994
39.2744666363949,48.565643436802
39.2982655403772,48.5704158743693
39.3346359584231,48.5699370119226
39.3670186054381,48.5636537970588
39.3244688655301,48.5350313118301
39.2630263761367,48.5601641712853
39.3013389826156,48.5718497638927
39.3027560908773,48.5363653821394
39.3019857029811,48.5852862394741
39.355408048908,48.5145899554441
39.3169656928887,48.5922412106716
39.4052197084057,48.5640287935663
39.3416627069709,48.5702135381242
39.3091685564447,48.565001356451
39.2943669721552,48.5068040567336
39.3635032038276,48.5244518240292
39.3926258936398,48.5702000490412
39.2946710726405,48.5095544807583
39.3054869132356,48.5662976573278
39.3492611644311,48.5434134280095
39.2743531055471,48.520734232753
39.3958493587843,48.5805866429551
39.3509864278513,48.5383509751577
39.3382628635449,48.5672877560204
39.3273780935065,48.5663637538345
39.1929454056232,48.5641569398549
39.2928525517382,48.5535154022721
39.1619271561191,48.5950145661375
39.2717743334315,48.5237773698789
39.3562493935841,48.4714397278189
39.405096040875,48.5640072110335
39.2932134176475,48.5887380958152
39.3294439494702,48.5496291974583
39.3321666624822,48.5770700390157
39.2879565339244,48.5666861429183
39.3805733777377,48.5599523926822
39.2712654719527,48.4871491138867
39.3622705831937,48.5661128568906
39.2886133909727,48.5668884791634
39.3892888976474,48.61792712253
39.2813190339978,48.5906022870865
39.3041711718024,48.5681847800402
39.3258758371089,48.5519115503028
39.2934546706992,48.5199977288209
39.3788805517027,48.5097446768287
39.3964453957356,48.5718983245915
39.2136100472699,48.5606106599328
39.3146727752292,48.5716986861631
39.3733621415621,48.5621052503298
39.3792272262559,48.5574056538108
39.2591298352513,48.5388783983032
39.3418917960032,48.5703174040633
39.2687454925975,48.57675709229
39.3956993358782,48.5675845158465
39.2873584696365,48.6216136889153
39.3223482714791,48.5630859066643
39.3927596978533,48.5658147481562
39.3073480082058,48.5713938328871
39.3569549067101,48.5582311856907
39.3407787882269,48.538953937168
39.2876868981607,48.5664581774155
39.4121795548467,48.5799391669709
39.3502951060813,48.5753919970899
39.3707772874368,48.4802440522964
39.3228794336601,48.5584861293595
39.3424371495402,48.5354562179448
39.3155749400024,48.5277026930334
39.3961575139428,48.566056202742
39.2886701563966,48.5650539638747
39.3156986075331,48.5656852529594
39.3605088277153,48.5379274179513
39.3526387071549,48.5574488188764
39.3670287421209,48.5635863516437
39.4116017639246,48.5793119246112
39.3397164638648,48.5779023154371
39.2943325074335,48.5490977275879
39.2936898417412,48.5535234957219
39.3047286893588,48.5638588311205
39.3091543650887,48.5637954324303
39.3851348850177,48.5755403770029
39.3800300515372,48.5502200192939
39.2878774677982,48.56634352021
39.2522145902148,48.5613080455242
39.3527441286565,48.5575351490076
39.396194006001,48.5662207695547
39.3671118629202,48.5553296839363
39.3021864093014,48.567016625452
39.2644455117349,48.522789969003
39.2886762384063,48.5666240931365
39.3921251415072,48.5780749756996
39.4052440364446,48.5638426442208
39.3450564683872,48.5319315205556
39.4036728506037,48.6412956099281
39.3009436519847,48.5679716525287
39.280222244914,48.4808335252237
39.2731083208938,48.5271064755646
39.3768126684024,48.5909300718035
39.3223665175082,48.5696429499131
39.2935094087866,48.5782395425123
39.3605088277153,48.5103935017212
39.2833524525764,48.4607698631619
39.3004347905059,48.5809521971046
39.3153053042387,48.4565450823646
39.2884816140957,48.5665728346211
39.2618505209267,48.5240093821066
39.3062593284683,48.6085441163916
39.2934708893918,48.5181160017417
39.4008690441289,48.5628606389781
39.2944359015985,48.5491017743128
39.323096358673,48.5632288909441
39.3871338388746,48.5677760608252
39.3020363863953,48.5371517956785
39.3395806323147,48.577811938581
39.389116574039,48.5589164311074
39.2785679382738,48.6150984618238
39.3680930938196,48.4883482933659
39.327290918034,48.5663610560179
39.3113925446608,48.5725876167331
39.3299487562759,48.5326693733959
39.3424229581843,48.5358420057187
39.3960379010852,48.5680390979438
39.3102349354799,48.5635108127789
39.3206736914732,48.4807310081929
39.2773535636691,48.5376009821426
39.3573319913119,48.5654181691159
39.2932377456863,48.5458927214659
39.3507735575115,48.5735021765608
39.2955164719898,48.5321230655342
39.3461694761636,48.5520262075083
39.2703369518041,48.5706074193479
39.3876771650751,48.5680836119177
39.3422871266341,48.5358420057187
39.2706917357037,48.5257521716309
39.3091847751372,48.564821951647
39.3113844353145,48.5686042905217
39.3538307810574,48.5453113419884
39.4115733812126,48.580029543827
39.3918473963973,48.5706047215313
39.2713303467229,48.5239891484821
39.3805186396503,48.5884386381724
39.310399149742,48.5631884236951
39.380068570932,48.5901652407971
39.2136161292796,48.5605175852601
39.2810514255707,48.5980914259709
39.2805993295159,48.5096219261733
39.3019188008743,48.5674159023089
39.3067985999957,48.5529124402618
39.3679410435769,48.4892156414031
39.4029876108434,48.5827165691617
39.2966071790638,48.5789450215534
39.3920258020154,48.584594249516
39.2905332787034,48.5160184493344
39.2869307016205,48.5664096167167
39.1913721924457,48.5595800939912
39.3469560827523,48.5366270703496
39.3923745039052,48.5703861983867
39.3067823813031,48.5671137468496
39.3887455714469,48.5592792874402
39.3285397573605,48.5500918730054
39.2760763416306,48.5279454965275
39.3590775280977,48.517978413095
39.2938216186182,48.5038175737562
39.3884799903564,48.5890645316239
39.2683542166397,48.5614820546949
39.3723951020188,48.5556480262952
39.4010879964783,48.5772089765707
39.4272021188222,48.5089393785733
39.3084833166844,48.570495459959
39.2621201566904,48.5431868114151
39.3222063579192,48.5631938193283
39.4048041044091,48.5775988110695
39.2387368567048,48.5603853922466
39.2638332560911,48.5789517660949
39.2710526016129,48.4868483073357
39.2872226380864,48.5662801215199
39.3227476567831,48.5702580520981
39.3772201630527,48.57196307219
39.2793018341118,48.5256024428095
39.2599853712833,48.5408518511469
39.3090469162506,48.5649123285032
39.305983610695,48.5733686346391
39.3477609353701,48.5370668144556
39.3010977295639,48.5378370410952
39.3074757304097,48.5713722503543
39.3163493825717,48.5574771459507
39.3953871260466,48.5739756433743
39.3368214272444,48.543065409668
39.2939027120809,48.5190588886437
39.1678875256317,48.5533157638436
39.1843454438979,48.5718133433686
39.393146919138,48.5608831394095
39.3300379590849,48.5511912332703
39.3538753824619,48.5479875760566
39.2758695533006,48.526870416612
39.3117128638387,48.572618641624
39.2753525824756,48.4628013190624
39.2876605427853,48.464105713389
39.2483484593779,48.5278767022042
39.3813883670384,48.5569861433293
39.3027054074631,48.5757089905405
39.397369861211,48.5723731403133
39.1837757623221,48.5699032892151
39.4097406689544,48.5802264844389
39.359381628583,48.5144833916884
39.3508303229355,48.5381472900043
39.2902149868621,48.5094034030286
39.3206878828291,48.4807782199834
39.2958692285528,48.5337741292941
39.3954986295579,48.5715395149836
39.3603628594824,48.5224743244606
39.1733349789923,48.5942848067469
39.3114553920944,48.5725957101829
39.3814187770869,48.5672391953215
39.2766521052162,48.5435955306301
39.3321869358479,48.5427794411083
39.3081792161991,48.6013436438835
39.3589112864991,48.5522878957186
39.3042542926017,48.5720237730635
39.3931915205425,48.5706195595226
39.1585313673662,48.5484569961452
39.3914703117955,48.5781316298482
39.3316213089452,48.5578926097073
39.1606033053396,48.6089933028557
39.303246706327,48.5591268608022
39.2928606610845,48.5468855179751
39.2948109588638,48.5264630463053
39.2999766124413,48.5334908585509
39.3342669831676,48.5435712502807
39.3030966834209,48.5657904678068
39.3047955914656,48.5637913857054
39.3042542926017,48.5681780354987
39.3289067052794,48.5520639769408
39.2990116002345,48.5128485148282
39.4005953536921,48.5848303084686
39.2841998792622,48.4904863130222
39.4115814905589,48.5792309901131
39.2180276136535,48.5602437568751
39.3851592130565,48.6124303212054
39.3084062778948,48.5704873665092
39.373593257931,48.5626920254405
39.2707363371082,48.5257831965218
39.2949974738281,48.5285403650881
39.396664348085,48.5654869634392
39.3114047086802,48.5658214926977
39.3146889939218,48.5723218817979
39.2785740202835,48.5240552449888
39.33394058198,48.5301752419483
39.3157898376787,48.5626744896326
39.2947116193719,48.5286779537347
39.3304393717255,48.5321163209927
39.307323680167,48.4989938776736
39.2544770978257,48.5581826249919
39.2950420752326,48.529720659851
39.3026628333951,48.5636564948754
39.3574414674866,48.5045284484306
39.3707286313591,48.5610355660475
39.2729076145735,48.5270835441235
39.4186001297604,48.5809468014714
39.3767173835837,48.5046012894788
39.3591140201559,48.5064911100078
39.2933391125148,48.5181362353662
39.1968095091235,48.5604083236877
39.3406693120522,48.5380677044146
39.288136966879,48.5665404608219
39.3075243864873,48.5705156935835
39.3440346907565,48.5334004816948
39.2934546706992,48.5182414502136
39.3160168993744,48.563125025005
39.410687435132,48.5789504171866
39.3262529217108,48.4789248199785
39.3589011498162,48.5005963807346
39.3241465190157,48.562451919763
39.2958753105625,48.5337377087699
39.3961980606742,48.5680471913936
39.2886701563966,48.5388419777791
39.2610274222798,48.5425110083565
39.2706471342992,48.5255592777439
39.296803830711,48.6046201421454
39.2876362147465,48.566468968682
39.3553654748401,48.5124559825127
39.3992025734692,48.6542640143293
39.3373302887232,48.5948850709406
39.2717641967486,48.5264792332049
39.2661809118379,48.5614415874459
39.3229767458154,48.55853334115
39.3993384050194,48.4840088553631
39.2871151892483,48.6104217967459
39.3104356418003,48.5621025525132
39.397092116101,48.5722166669504
39.3343095572355,48.5435280852151
39.3249797543455,48.4959372514646
39.3008808045511,48.5679622101706
39.4285685436697,48.5088476528088
39.3014667048195,48.5718524617093
39.3748400699209,48.6005909530518
39.3244384554816,48.5487915254037
39.3671199722665,48.5198318130999
39.3999121412684,48.5732971424992
39.3104173957711,48.5626488603749
39.298906178733,48.5693300031873
39.3706657839255,48.5713749481709
39.2778157964068,48.5355924576832
39.4105313302162,48.5795763106381
39.2758837446566,48.5683129263288
39.3936476712705,48.5807255805101
39.2743531055471,48.5651915525214
39.3550715110376,48.5289828070106
39.3545200754908,48.5111434947363
39.2932377456863,48.5188754371149
39.21284776872,48.5595328822007
39.2782861384907,48.5062725868631
39.4029592281314,48.5788438534309
39.2919726876673,48.5534911219227
39.3659258710274,48.4804328994585
39.2871658726625,48.5660912743578
39.2717418960464,48.5238286283944
39.3872129050008,48.5678070857161
39.2935682015471,48.5197589720517
39.3604358435989,48.5742022599688
39.3645148447755,48.5861400984284
39.3014038573858,48.5718524617093
39.2544101957189,48.5580342450788
39.2650881774272,48.5773600543003
39.2742760667575,48.5652603468447
39.3450422770313,48.5723690935884
39.3039116727216,48.5564856983498
39.2991494591212,48.5380757978644
39.255547531534,48.5575985476978
39.2872023647207,48.5662275140962
39.38218511031,48.5548912887386
39.3150985159087,48.5715867267741
39.3065755929731,48.5576862267373
39.4076342662593,48.6361319889538
39.2944845576762,48.5814728757086
39.3985740991329,48.5786212835613
39.1846596810661,48.5532469695203
39.4074639699875,48.5851783268101
39.4057407339039,48.5700907874688
39.3869311052177,48.568111938992
39.3918190136853,48.5655044992471
39.209155988828,48.578166701464
39.3870344993828,48.5764144695816
39.3770944681855,48.57196307219
39.3295311249427,48.5519115503028
39.3587916736415,48.522143841927
39.3873304905218,48.5679945839698
39.2935641468739,48.5197913458509
39.1657669315806,48.5522352882949
39.3984585409485,48.5923248429862
39.2801877801924,48.526129865955
39.2508360013479,48.5278402816801
39.2674479971934,48.5324913175003
39.2180154496341,48.5604784669194
39.3398299947126,48.5494916088117
39.3700028448675,48.57155030625
39.3299142915542,48.532678815754
39.3224536929807,48.5700004106127
39.2746247686473,48.5232148751176
39.3943045283188,48.5709068769906
39.337956735723,48.5432029983147
39.2886640743869,48.566576881346
39.3583030855284,48.5374323686051
39.2989649714935,48.5700665071194
39.3989228010227,48.6356720112233
39.3409369204793,48.5389593328012
39.3963480835802,48.5680067241445
39.4101542456144,48.578633423736
39.4148678031371,48.5794616534325
39.3476555138686,48.5576255258638
39.3295209882598,48.5496588734409
39.2924369477416,48.5484124821713
39.341163982175,48.5804989639156
39.3978685860069,48.5875092403534
39.3734006609569,48.5777296551747
39.3627611986434,48.5243155842908
39.2494128110766,48.52832453976
39.3048483022164,48.5638021769718
39.3232666549448,48.5585549236828
39.3450463317044,48.5320879939184
39.3479961064121,48.5371490978619
39.3675801776676,48.5676236341872
39.3943653484159,48.5710754905282
39.2801979168752,48.5249859917162
39.3803260426763,48.5868941381684
39.2908637345642,48.525240935385
39.3156337327629,48.564987867368
39.315299222229,48.5694608472925
39.2916929152208,48.5535181000887
39.2891303617978,48.5437816799756
39.3475034636259,48.5738447992692
39.3975888135604,48.4834895256674
39.3310759554082,48.5969408071906
39.3001590727325,48.5706397931471
39.3513209383851,48.5734967809276
39.2871334352774,48.5663192398606
39.3876791924117,48.4996238178499
39.395898014862,48.5674186001255
39.3997175169578,48.5762552984022
39.3065614016171,48.5725471494841
39.274452445039,48.5657715830906
39.2949325990579,48.5716986861631
39.37326888408,48.5707841263353
39.4035877024678,48.5721910376927
39.2932782924177,48.5181375842745
39.3586903068131,48.52345902752
39.2664829849866,48.5605121896269
39.4061908026222,48.6626825510328
39.3290567281855,48.5764144695816
39.3170913877559,48.5610922201961
39.3859701476841,48.5703066127969
39.2751924228866,48.5516525599091
39.3963298375511,48.5659995485934
39.3254379324101,48.5526898703922
39.3604865270131,48.5222746860322
39.2322027509432,48.5277472070074
39.2195460887436,48.5368280576864
39.401343440886,48.5649959608178
39.3239518947051,48.5764711237303
39.3890902186636,48.559000063422
39.2867016125882,48.566330031127
39.4199178985302,48.5798717215559
39.2164422364567,48.5866432412245
39.3090286702214,48.5650175433506
39.3449855116073,48.5741415590953
39.3299710569781,48.5520046249755
39.2025225435746,48.5635593734777
39.3468202512022,48.4652752168856
39.4024868587109,48.5822592892478
39.3093854814576,48.5724824018857
39.3507269287704,48.564193360379
39.3143788114267,48.5738758241601
39.3264657920505,48.5771941385794
39.3114026813436,48.5658835424795
39.2572525215885,48.5577887437681
39.2899960345127,48.5761042206725
39.3890212892203,48.5740242040731
39.3023222408515,48.5799297246128
39.3573036085999,48.5731325756865
39.3344149787371,48.5434350105424
39.3539483665784,48.5454057655694
39.3577658413376,48.5227643397453
39.1609479525563,48.5496804559737
39.3537618516141,48.5499704712583
39.3001448813766,48.5835313097752
39.3416302695858,48.6094303491451
39.3221029637542,48.5584578022852
39.3960662837972,48.5677099643184
39.273996294311,48.5290354144343
39.3003962711111,48.5813083088959
39.3272807813512,48.5596974490134
39.3760463351793,48.5590756022868
39.289124279788,48.5786509595439
39.3919832279474,48.570576394457
39.3224009822299,48.5631978660532
39.3064194880573,48.5773479141256
39.357820579425,48.5578926097073
39.3145389710157,48.561262182642
39.3020809877998,48.5662288630045
39.3880157302821,48.5597568009786
39.4006987478571,48.569000869562
39.2385402050576,48.5614334939961
39.3749738741344,48.511716780764
39.3406672847156,48.5382619472099
39.3880441129941,48.5595827918078
39.3088441825937,48.5365731140176
39.293582392903,48.5020019431837
39.2798998983996,48.5138885231279
39.3604013788772,48.5220548139792
39.3157675369764,48.5670179743603
39.3569853167586,48.5579303791397
39.358013176399,48.5370560231892
39.33373379365,48.5456917341291
39.4041310286682,48.5751006328969
39.3515033986763,48.5679230918299
39.294227085932,48.5495388206022
39.2958509825236,48.5763632110662
39.3147700873845,48.5727832084367
39.4045770427134,48.6625503580194
39.3822925591481,48.5546808590437
39.2721392540139,48.4862426475088
39.3518744012684,48.5734293355126
39.3147457593457,48.5708016621432
39.3452166279762,48.5323078659714
39.3359638638758,48.5569510717135
39.3141375583751,48.5719711656398
39.2324500860046,48.5541048751994
39.3891409020778,48.5590175992299
39.330202173347,48.548231728459
39.3403956216154,48.538105473847
39.4044391838267,48.5579303791397
39.2945676784755,48.5671312826575
39.3503518715052,48.6086992408462
39.2249266399975,48.556778411451
39.2744321716733,48.523351114856
39.3619989200935,48.5594074337288
39.2147149457,48.5608467188854
39.2756526282878,48.5283636581007
39.3081163687654,48.5644010922573
39.3128887190486,48.5628134271876
39.3901505156891,48.5813609163196
39.2720966799459,48.488124374588
39.2541344779455,48.5583593319793
39.278280056481,48.5250736707557
39.2284825883393,48.5633489437829
39.2567801521679,48.5326680244876
39.3657677387751,48.5236708061232
39.287092888546,48.5661937913886
39.4107989386433,48.5798865595472
39.309340880053,48.5650391258834
39.3188186785126,48.5587491664781
39.3852707165678,48.571195543367
39.3545180481543,48.5107846851284
39.2937080877703,48.5182414502136
39.2743794609225,48.5233969777382
39.4004879048539,48.564687060817
39.2743977069516,48.5257710563471
39.2397971537303,48.5202904419221
39.3167447132027,48.5666564669357
39.4115774358858,48.5748524337697
39.3491557429295,48.5292202148715
39.3592660703986,48.5063872440687
39.2965260856011,48.5704091298278
39.2992244705743,48.538953937168
39.2180215316438,48.574674377874
39.2735948816703,48.5294792052652
39.2114083597561,48.566110159074
39.2905880167908,48.5158444401636
39.387070991441,48.5681739887738
39.3331945221227,48.5305475406392
39.3540740614457,48.5470123153553
39.3979861715279,48.587346022449
39.2887573318691,48.5796302669701
39.2728366577936,48.5252355397518
39.2670911859573,48.5613404193234
39.324596587734,48.569386657336
39.3766950828814,48.5898563407963
39.3803503707151,48.5470190598968
39.2992467712765,48.5667400992504
39.2591115892222,48.5402880074772
39.2692908461346,48.5609047219423
39.3857045665936,48.569620018472
39.2575971688052,48.5416814297517
39.2475942901743,48.562685280899
39.2712776359721,48.5230799842876
39.3185774254609,48.4941607392328
39.3808511228476,48.5598282931185
39.3859782570304,48.5624546175796
39.3409348931427,48.5386234546344
39.2938094545988,48.5587842380939
39.2975133985101,48.5390510585657
39.388895594353,48.5739473163
39.3003334236775,48.5826491237466
39.2950907313103,48.5305111201151
39.370400202835,48.4998814593353
39.3128826370389,48.5653952376747
39.2858379672099,48.5758249966543
39.2557644565469,48.5580369428954
39.3068513107465,48.5747566612803
39.3087367337555,48.571604262582
39.3266685257074,48.550916055977
39.3917804942905,48.570688353846
39.2933208664857,48.5194487231426
39.3008301211368,48.5716824992634
39.4182392638512,48.5688646298237
39.2934364246701,48.5535666607875
39.4024503666526,48.5823375259292
39.2720378871854,48.526143355038
39.3028047469549,48.5680593315683
39.3389460759686,48.5058571231066
39.2731346762692,48.5271482917219
39.318196286186,48.5650526149664
39.3902397184982,48.5694446603929
39.3049131769866,48.5714464403109
39.255575914246,48.557657899663
39.1897097764592,48.5629564114674
39.3375695144383,48.5694662429257
39.3155891313584,48.5664217568914
39.3248682508342,48.5394719179554
39.3957398826096,48.5796464538697
39.3269564075002,48.5608575101518
39.2713729207908,48.5233092986987
39.3708218888413,48.5604299062205
39.2884856687688,48.4908747986128
39.2386942826368,48.5610058900649
39.2943325074335,48.5490424223476
39.2933715498999,48.5181861449733
39.3540558154166,48.5446099096721
39.2772157047824,48.5351149441448
39.3446753291123,48.5726982272137
39.3328498749059,48.5308753253562
39.3310820374179,48.5318317013413
39.3928124086041,48.5704442014436
39.3003678883991,48.5736100892249
39.3545139934811,48.5112014977932
39.309294251312,48.5663745451009
39.3447361492094,48.5332035410829
39.3802044024821,48.5595706516331
39.3756226218364,48.5770052914173
39.3949958500888,48.5814553399007
39.3426682659091,48.5496791070654
39.2953583397374,48.5126016646092
39.4014549443973,48.6493809662814
39.3506904367122,48.5637468717315
39.3659684450954,48.4928266689236
39.34195869811,48.6071210181346
39.3197836907194,48.5582123009745
39.3221009364177,48.5368523380358
39.2783611499438,48.5873972809645
39.2600137539953,48.5611974350435
39.3745765161669,48.5563211315372
39.3945255080048,48.5593629197548
39.3962669901175,48.5661479285064
39.4119991218921,48.5784998818143
39.3416627069709,48.5408572467801
39.4228311811797,48.512829630112
39.3155283112613,48.5658107014313
39.3020688237804,48.5849732927484
39.387865707376,48.5605904263083
39.3888124735537,48.5740349953395
39.2913036665996,48.553272598778
39.2933796592462,48.5198196729252
39.3157614549667,48.5663610560179
39.3207385662434,48.4913523121512
39.2883660559113,48.5645238429126
39.3145409983523,48.5726887848556
39.3377742754318,48.5676641014362
39.3857694413638,48.565082290949
39.2940040789094,48.5184356930089
39.3770701401466,48.5641515442217
39.2139465851403,48.5605324232514
39.3468932353187,48.5365933476421
39.2874537544553,48.5665836258875
39.2739760209453,48.5292998004612
39.2599934806296,48.5407938480899
39.3501045364438,48.5701447438009
39.4105333575528,48.5796464538697
39.2792653420535,48.5358770773346
39.2992548806228,48.5393640052914
39.2998245621987,48.5410339537674
39.2928424150554,48.5470028729972
39.3013775020104,48.5736559521071
39.2886579923772,48.5650000075427
39.2888181519661,48.5655031503388
39.3914905851612,48.5778051940395
39.3025047011427,48.5649109795949
39.3761152646227,48.5712521975156
39.2948555602683,48.5272508087528
39.2875875586688,48.5664716664986
39.3225712785016,48.5630913022975
39.3777797079458,48.5726847381307
39.3074858670925,48.5656542280684
39.2473570917957,48.5266829183582
39.3570745195676,48.5577145538116
39.2706937630402,48.5207571641941
39.3442232330574,48.5313056271041
39.3530299831127,48.5579492638559
39.2711742418071,48.4869521732749
39.3157492909473,48.565549013221
39.3279903491503,48.5898792722374
39.412084270028,48.5785322556135
39.3539301205493,48.5444898568334
39.3062167544004,48.5717337577789
39.3970698153988,48.5801846682816
39.3930759623581,48.57058988354
39.3492307543826,48.5291635607229
39.3982010692042,48.5921656718068
39.2933674952267,48.5198790248905
39.2871009978923,48.5658997293791
39.3232017801746,48.56634352021
39.3925772375621,48.5551853507481
39.3000739245966,48.5836662006052
39.1880169504242,48.5582096031579
39.350493785065,48.5677868520916
39.3300095763729,48.5324859218671
39.2936857870681,48.5550626000928
39.4019374505007,48.6466035640907
39.2873199502417,48.5659509878946
39.3228145588899,48.570262098823
39.3306907614601,48.5507433957145
39.3545322395103,48.5110814449545
39.2945757878218,48.5495158891611
39.3270780476943,48.5339548830063
39.3445435522353,48.5320218974117
39.2569240930643,48.5388568157704
39.3505789332009,48.5641218682391
39.2707241730888,48.5255336484862
39.3089435220855,48.565082290949
39.3669010199171,48.4938073252581
39.3449551015588,48.5741995621522
39.1717333831028,48.5552716808794
39.2936452403367,48.5556399328454
39.2731285942595,48.5404835991808
39.2546514487706,48.5577293918029
39.3982902720132,48.5726415730651
39.3857897147294,48.5676627525279
39.3157634823033,48.5671137468496
39.3847942924741,48.574620421542
39.4056616677777,48.5716784525385
39.3503498441686,48.5734495691371
39.4010109576887,48.6328136745345
39.3479697510367,48.5705372761163
39.2780611041316,48.4495698775427
39.3377154826713,48.6006260246676
39.2915246462856,48.5522231481202
39.2180296409901,48.5603395293644
39.3393130238876,48.5729922892232
39.3823837892937,48.5546646721441
39.3217157424696,48.670278253673
39.3810335831388,48.5655503621293
39.3156742794943,48.5641893136541
39.3495997296381,48.5596219101485
39.2547061868579,48.5576349682219
39.2903102716809,48.4849814182478
39.2924896584924,48.5256294209755
39.3133104050549,48.5651591787222
39.3107356876124,48.5725700809252
39.4215681504973,48.5140004825168
39.2770981192614,48.5187715711757
39.302968961217,48.5116439397158
39.3648716560116,48.5717000350714
39.2654287699708,48.4753515618904
39.2873300869246,48.5657324647499
39.2548460730812,48.5575607782653
39.3020870698096,48.5661762555807
39.3723646919702,48.5709702756808
39.2155279076641,48.5570009813206
39.3017910786705,48.5679419765461
39.3936253705682,48.5649500979356
39.2772907162354,48.5379098821434
39.3401908606219,48.5702877280807
39.2937547165114,48.5025657868533
39.2780185300636,48.5356072956745
39.2138107535902,48.5602909686656
39.317857720979,48.5692369285146
39.3095030669786,48.5647504595071
39.3129596758285,48.5604514887534
39.3684884244505,48.5719172093077
39.1754981471113,48.5571250808843
39.3231429874141,48.5585104097089
39.3091807204641,48.5648691634375
39.3658832969595,48.5274288646484
39.3964068763407,48.5719441874737
39.336249718332,48.575621311501
39.3800807349514,48.559507252943
39.2885606802219,48.5665687878962
39.3094888756226,48.5648273472802
39.3468121418559,48.5672864071121
39.2873868523485,48.5665013424812
39.3007449730009,48.5736829302731
39.2165354939388,48.5866230076
39.3248905515365,48.5615791760926
39.3014403494441,48.5448419218998
39.3583010581918,48.5580167092709
39.2260943858612,48.5722072245923
39.3002036741371,48.58326557484
39.4305370874781,48.508650712197
39.3229949918445,48.5634447162722
39.2136181566162,48.560643033732
39.3525799143944,48.5270376812413
39.2739456108967,48.5654384027404
39.2752025595695,48.5751100752551
39.3624206060998,48.5614415874459
39.4058238547033,48.5717944586524
39.4036363585454,48.5673794817848
39.2290015865009,48.5236829462979
39.3299264555736,48.5517078651494
39.3103646850203,48.5632275420358
39.2900487452635,48.5730003826731
39.2742456567089,48.5235170305769
39.3917886036368,48.5709082258989
39.2985027387557,48.5913833049925
39.3719389512908,48.5686096861549
39.3749231907202,48.5098633807591
39.4227115683221,48.5143174759674
39.3016816024958,48.5718740442421
39.2947055373622,48.5243142353825
39.2707140364059,48.5256159318925
39.3079744552056,48.5521273756309
39.3284627185709,48.5500864773722
39.2923862643274,48.5669370398622
39.3417438004337,48.570289076989
39.4160314943276,48.5680782162845
39.2964733748503,48.5704590394349
39.226311310874,48.5257508227226
39.2231892125579,48.5660750874582
39.2675736920607,48.5616344813329
39.2954029411419,48.5323807070196
39.299230552584,48.5389944044171
39.3467715951245,48.5669653669365
39.3477082246194,48.5371639358533
39.2919848516868,48.5703389865961
39.1573980862242,48.5634609031718
39.2946994553525,48.5239689148576
39.281308897315,48.5986188491164
39.3577719233473,48.558246023682
39.3451537805426,48.5575216599246
39.405491371506,48.5716501254642
39.2136181566162,48.5605499590593
39.3089333854027,48.5648259983719
39.3718781311937,48.5686744337533
39.3094402195449,48.5654303092906
39.2546757768094,48.5580706656029
39.3929644588468,48.5704590394349
39.2990643109853,48.5128485148282
39.2935600922008,48.5810196425196
39.3122805180779,48.572479704069
39.3073439535327,48.5714329512278
39.3382466448523,48.5701460927092
39.3106424301303,48.5596434926813
39.3230659486245,48.5586614874386
39.3538774097985,48.5445667446065
39.3061093055622,48.53147558955
39.3478947395837,48.5898522940714
39.2331191070724,48.563232937669
39.3867709456288,48.5611057092791
39.3799205753625,48.6185165954573
39.3156681974846,48.5669923451026
39.2937040330972,48.5546363450698
39.3667063956065,48.4948554270076
39.2583189006237,48.5589447581817
39.4114416043357,48.5800268460104
39.3953526613249,48.5668034979405
39.2707951298687,48.5227940157279
39.2868131160995,48.5662032337467
39.3002766582535,48.5736006468668
39.3520305061842,48.5668048468488
39.3716774248734,48.5688848634482
39.3114047086802,48.5659118695538
39.27062888827,48.5407911502733
39.3166129363257,48.5688470940158
39.3569589613832,48.5382066419696
39.3500619623758,48.5815605547481
39.3870304447096,48.5183156401702
39.4184582162006,48.5810331316026
39.3306056133242,48.5319949192457
39.3508303229355,48.5734738494865
39.2739010094922,48.5903878106667
39.316667674413,48.5666928874598
39.2941115277475,48.5549857123197
39.3631504472646,48.5703174040633
39.2938925753981,48.5189833497789
39.373785854905,48.5624020101559
39.3050348171807,48.5638224105963
39.4031984538465,48.5834085591198
39.1859308210948,48.5919498464787
39.3722917078538,48.5709149704404
39.2498649071314,48.5272616000192
39.3157675369764,48.5670732796006
39.3047246346857,48.5671299337492
39.2388706609183,48.5613390704151
39.2772055680995,48.5400330638085
39.343091979252,48.5363249148903
39.3605209917348,48.510320660673
39.3868479844184,48.568013468686
39.3981260577512,48.5918810521554
39.1955525604508,48.5669397376788
39.3875595795541,48.5802008551812
39.3024175256703,48.5668695944472
39.3227172467346,48.544475018842
39.3987788601263,48.6334166365448
39.4043236256423,48.5751761717618
39.27111342171,48.5262512677021
39.3599938842269,48.5113970894968
39.397534075473,48.654002326119
39.2619539150917,48.5476341620819
39.39199944664,48.4944601968755
39.3325599657766,48.5307593192424
39.3939862364775,48.5709109237156
39.2771062286076,48.531623969463
39.3389095839104,48.567344410169
39.3143524560514,48.5743101726328
39.3156965801965,48.5668088935737
39.3068269827076,48.5577995350345
39.25058663895,48.5277674406319
39.3585362292338,48.5233079497904
39.3104092864249,48.5594654367857
39.1570656030269,48.5715597486081
39.2181735818865,48.5605324232514
39.3678011573537,48.5281842532967
39.2578140938181,48.554121062099
39.3581956366902,48.5734225909711
39.2102527779118,48.5875537543273
39.300453036535,48.5815430189402
39.3212798651073,48.5562401970391
39.2873888796851,48.565961779161
39.3598722440327,48.5501674118702
39.2952590002455,48.5295237192391
39.2886579923772,48.5665323673721
39.3875839075929,48.5601547289272
39.2530356615252,48.5601817070932
39.3102308808068,48.5627581219472
39.3546741530701,48.5453207843465
39.3686911581074,48.4898105099637
39.383379211549,48.5651308516478
39.3548140392933,48.5453599026872
39.2567842068411,48.5389633795261
39.2990886390242,48.5382943210091
39.322668590657,48.5694487071178
39.314899836925,48.5745570228518
39.2886498830309,48.5664730154069
39.3179915251925,48.5690494302608
39.296465265504,48.5561794961656
39.3313841105666,48.5766815534252
39.2544791251622,48.5582352324156
39.3520588888962,48.5668763389887
39.3754644895841,48.5050639650259
39.260974711529,48.5483828061886
39.3787893215571,48.5698722643242
39.3313901925763,48.5746096302756
39.4059576589168,48.5699801769882
39.3708056701488,48.5712373595243
39.3614738399221,48.5619905931242
39.280913566684,48.5568404612329
39.4102799404817,48.5782827075779
39.2991940605257,48.461299984124
39.2874273990799,48.5663799407341
39.3408396083239,48.5692409752395
39.3193964694348,48.4743655099228
39.3094381922084,48.5642311298114
39.2869712483519,48.5661047634408
39.2140661979979,48.5604528376616
39.2910684955576,48.5255228572198
39.3027135168093,48.5415209096639
39.3065553196074,48.5537892306571
39.36822284336,48.5537285297836
39.2276534076826,48.5335569550577
39.302381033612,48.5445019970081
39.2884025479695,48.5663893830922
39.1579677678001,48.5659955018685
39.3147335953263,48.5722004800508
39.3394630467937,48.5582352324156
39.2933107298028,48.5888783822784
39.3488536697808,48.5393410738503
39.3120798117576,48.5686393621375
39.390983751019,48.6226483015818
39.4086154971586,48.6582770165233
39.3750063115195,48.5097649104532
39.1892799811066,48.5701191145431
39.3071837939438,48.5731824852936
39.2578019297986,48.5642257341782
39.2906589735707,48.5387812769056
39.3599148181007,48.5657473027412
39.3153377416238,48.5683196708703
39.2191284574104,48.561109756004
39.2940993637281,48.5041089379491
39.3359010164421,48.556944327172
39.2611267617716,48.5416638939438
39.2875064652061,48.5665701368045
39.3286026047941,48.5502456485517
39.2650476306959,48.5786846822514
39.3580476411207,48.5053836562931
39.2735178428807,48.5828541578083
39.315783755669,48.5651038734818
39.3492591370946,48.5633462459663
39.2581100849571,48.5416935699264
39.3313638372009,48.5575702206235
39.3213285211849,48.5439152218973
39.3217157424696,48.5578008839428
39.3654697202994,48.4892898313597
39.3225003217217,48.5696038315724
39.3426520472165,48.5358460524437
39.2878288117205,48.5663462180266
39.3746028715423,48.5251424650791
39.3190234395061,48.5765615005864
39.2669695457632,48.5612851140831
39.2707647198201,48.526241825344
39.3808531501842,48.5697805385597
39.3293141999298,48.5519048057613
39.322626016589,48.563098046839
39.315769564313,48.5663151931357
39.3356881461024,48.6123197107248
39.3023668422561,48.5800308927353
39.3228794336601,48.5702594010064
39.2919828243502,48.5505100345786
39.2828010170297,48.5592010507588
39.2947886581615,48.5392223699198
39.3018133793728,48.5716973372547
39.2995569537716,48.5955811076237
39.334514318229,48.5432879795376
39.3712253288185,48.5653520726091
39.2883660559113,48.5663907320005
39.3288621038749,48.5519088524862
39.2715087523409,48.523925749792
39.3304758637838,48.5320839471935
39.2831821563046,48.57483624687
39.4024726673549,48.5823038032217
39.3022735847739,48.5495482629603
39.3041954998412,48.5649163752281
39.3110418154344,48.5627891468381
39.2627952597678,48.5351432712191
39.3426723205822,48.5404067114077
39.3753915054676,48.5635391398532
39.3654474195972,48.5820866289853
39.4108394853747,48.5782489848704
39.3073642268984,48.571236010616
39.3157371269279,48.5672014258891
39.3070824271153,48.5732458839837
39.2942331679417,48.5493337865405
39.3867445902534,48.5680040263279
39.3156965801965,48.5640436315576
39.4011102971806,48.5735332014518
39.2883336185262,48.5664541306906
39.3789920552139,48.5742575652091
39.3384818158943,48.5701649774254
39.3820350874039,48.5659712215191
39.3500274976542,48.5815578569315
39.313634778906,48.5748969477436
39.3004895285933,48.5736208804913
39.3150660785236,48.561383584389
39.1844528927361,48.5716096582152
39.2694550603966,48.4858231370273
39.2574106538409,48.5573449529373
39.3276842213284,48.5508391682039
39.2188284115982,48.5373082690414
39.3052233594816,48.5647895778478
39.3832190519601,48.5654424494653
39.3417863745016,48.5409354834615
39.2883032084776,48.5182481947551
39.3130488786376,48.5654802188977
39.3672862138652,48.6038849871217
39.3160006806819,48.5618422132112
39.2955833740965,48.5320488755777
39.2758553619446,48.535448124495
39.329012126781,48.5518602917874
39.4103083231936,48.5786091433866
39.3435967860576,48.5984974473694
39.2933472218611,48.5780264150008
39.326421190646,48.5527748516151
39.3464046472056,48.5499785647081
39.3709901577765,48.5025522977703
39.4102799404817,48.6395946365612
39.3179590878074,48.5692922337549
39.3275990731925,48.563574211469
39.2961145362776,48.567824621524
39.3091685564447,48.5640422826493
39.2961915750672,48.5822835695972
39.3142227065109,48.5750547700147
39.2613051673897,48.5367187961141
39.1843738266099,48.5556857957276
39.3595904442496,48.5053081174283
39.4203578305656,48.5692895359383
39.3734939184391,48.5626502092832
39.341516738738,48.6060432404025
39.3312158416314,48.5965954866657
39.2906934382924,48.5159307702948
39.341798538521,48.5702013979495
39.3449267188468,48.5383820000486
39.3307353628646,48.5467668140446
39.4107462278925,48.579840696665
39.3790123285796,48.548725428897
39.287017877093,48.5662841682448
39.340251680719,48.538038028432
39.4056251757195,48.5647639485901
39.3580760238327,48.537064116639
39.3231227140484,48.5585886463903
39.3954803835288,48.5667576350583
39.3234835799577,48.5637522673647
39.3876467550266,48.5683938608268
39.3561236987168,48.5271482917219
39.4058623740981,48.570289076989
39.3071229738467,48.5729882424983
39.3681843239652,48.487482294237
39.274306476806,48.5258708755613
39.2933999326118,48.5181186995583
39.3725410702517,48.5708529206586
39.343166990705,48.6091673120265
39.2765791210997,48.5390874790898
39.2619640517746,48.5251060445549
39.2730049267288,48.5274787742556
39.4067503475152,48.6614793248288
39.3140970116437,48.5530581223582
39.3081731341894,48.5584942228093
39.3964474230721,48.5659401966281
39.1902348566306,48.5591390009769
39.2601049841409,48.5242494877841
39.3942254621926,48.5104218287955
39.3024580724017,48.5652023437878
39.4184582162006,48.5809778263623
39.2878065110183,48.5658619599467
39.4055319182373,48.5716663123638
39.3038995087021,48.5565706795728
39.2946163345532,48.5226496825397
39.3674321820981,48.5872718324925
39.2469049957408,48.560616055566
39.3909999697115,48.5778942219873
39.3725147148763,48.5707436590863
39.3100443658425,48.5635553267528
39.3383439570076,48.5701622796088
39.2955793194234,48.5267247345156
39.1830074017625,48.551710562966
39.30173228591,48.5679244407382
39.247778777802,48.5336284471976
39.3002888222729,48.5708043599598
39.350639753298,48.5578764228077
39.3858424254802,48.5619474280586
39.2403100698822,48.5630157634326
39.3157391542645,48.5672418931381
39.4219229343968,48.5107266820714
39.2773657276885,48.5381095205719
39.2924693851267,48.581169371341
39.309529422354,48.5646128708604
39.2557847299126,48.5580720145112
39.3592802617546,48.5165269877637
39.3859296009527,48.6089339508905
39.3130123865793,48.5647005499
39.2125193401958,48.559727124996
39.3940267832089,48.6312597321723
39.3717159442682,48.5068458728909
39.315637787436,48.5672486376796
39.3295311249427,48.5520626280324
39.311870996091,48.576290370018
39.3302427200783,48.5504061686394
39.3354509477238,48.5566017044637
39.3726586557727,48.5649676337435
39.3903451399998,48.5885438530199
39.332778918126,48.5307728083254
39.2860123181548,48.5061309514916
39.2581181943034,48.5417623642497
39.3384939799137,48.5678745311311
39.3094767116032,48.5649136774115
39.2385402050576,48.5615333132104
39.2960131694491,48.5685746145391
39.2248658199004,48.5664527817823
39.3024682090845,48.5651389450976
39.391646690077,48.5711577739345
39.2882991538045,48.5667589839666
39.3405841639163,48.5382552026684
39.3536969768439,48.5106551899315
39.3744102745683,48.5268758122452
39.2139729405157,48.5639424634351
39.3116337977125,48.5693812617028
39.3546376610118,48.5450644917694
39.2472881623524,48.5289962960936
39.369031750651,48.5518832232285
39.3489590912824,48.5578346066504
39.3571029022796,48.5575688717151
39.3066668231187,48.5631466075378
39.3229199803915,48.5585023162591
39.3150701331967,48.5710471634539
39.3659319530371,48.5278740043876
39.3108613824797,48.5725484983924
39.3340460034816,48.5431760201486
39.3024438810457,48.5784661591067
39.3020059763468,48.5666052084203
39.2631459889942,48.4999246244009
39.3010024447452,48.53791257996
39.2880072173386,48.5663313800353
39.2947318927376,48.5396337869515
39.3889503324404,48.5686771315699
39.3464533032832,48.5743061259079
39.3965122978423,48.5658781468463
39.3286249054964,48.545956120156
39.2912732565511,48.5530041660262
39.3004631732179,48.5807444652263
39.3235018259868,48.5702580520981
39.3875676889004,48.5609721673573
39.3301940640007,48.5483436878479
39.3378330681923,48.5495550075018
39.2756161362295,48.5188066427915
39.3049638604008,48.5638062236967
39.28023643627,48.5127945584961
39.3105268719459,48.5630724175813
39.2941541018155,48.5542303236714
39.271306018684,48.4827732553599
39.3154897918665,48.5661816512139
39.3090631349431,48.5648273472802
39.2884917507786,48.566698283093
39.2536539991787,48.559094487003
39.2730961568744,48.5269742825512
39.317387378895,48.5606201022909
39.3388649825058,48.5774922473138
39.3708076974853,48.561069288755
39.2948555602683,48.5381284052881
39.3875818802564,48.5576619463879
39.2775056139117,48.5343285306056
39.3771208235609,48.5742170979601
39.2577147543262,48.5559178079553
39.1943219671535,48.5865690512679
39.221411238387,48.573933827217
39.3453484048532,48.5330538122616
39.2136161292796,48.5606740586229
39.3849848621116,48.5632342865773
39.2939898875534,48.5183210358034
39.2720865432631,48.5261662864792
39.3022979128127,48.5668709433555
39.395267513189,48.5739810390075
39.2953684764202,48.535860890435
39.3866999888489,48.5688511407407
39.2880396547237,48.5664945979397
39.255429946013,48.5574730992258
39.316197332329,48.5629199909433
39.2752978443882,48.5284351502406
39.3296568198099,48.5519061546696
39.3094442742181,48.5650000075427
39.2231932672311,48.566123648157
39.2972985008338,48.6018022727057
39.3208642611106,48.537203054194
39.2719020556353,48.5238367218442
39.3760848545742,48.6073139120216
39.2521699888103,48.5612567870088
39.2898500662797,48.5451521708089
39.2995062703573,48.5666618625689
39.3030987107574,48.5592846830734
39.2923153075475,48.6008310587293
39.3436778795204,48.5158228576308
39.3293851567097,48.5328487781999
39.2919807970136,48.5503252341414
39.2870280137758,48.5663246354938
39.3854754775613,48.5711968922753
39.3677788566514,48.5523512944088
39.3146768299024,48.5744625992708
39.249720966235,48.5320515733943
39.2757702138087,48.5286293930359
39.3065776203096,48.5724904953355
39.1629083870185,48.5506530188584
39.330380578965,48.5482978249657
39.3734189069861,48.5838051381602
39.4038532835583,48.6342057479006
39.3166778110959,48.5569767009712
39.3745886801863,48.5561214931087
39.391218922061,48.5716164027567
39.195589052509,48.5608170429028
39.3237106416534,48.5635593734777
39.3968346443568,48.5876670626246
39.322376654191,48.5442403087978
39.3383500390173,48.5676546590781
39.3863816970076,48.5616722507653
39.2508116733091,48.5548157498738
39.2482754752614,48.5278119546058
39.2384611389314,48.5615211730357
39.387894090088,48.5751073774385
39.3157614549667,48.5662504455373
39.2674479971934,48.4982614204664
39.2186317599511,48.5591174184441
39.2385361503844,48.561150223253
39.3205702973082,48.5572613206226
39.2182688667052,48.5605364699763
39.3931753018499,48.5806810665362
39.3147477866823,48.5729207970833
39.391646690077,48.5778537547383
39.2984905747363,48.5387839747222
39.3589214231819,48.5040293523594
39.3099125889655,48.6722921737657
39.3048543842261,48.5638777158367
39.2958611192065,48.5154694436561
39.2932276090035,48.5792579682791
39.3679309068941,48.6151969321298
39.2069543013142,48.5635135105955
39.4058177726935,48.5717674804864
39.2877963743354,48.4706182426639
39.3122987641071,48.5726469686983
39.346609408199,48.5576160835057
39.1914472038988,48.5576457594883
39.3462769250017,48.5739432695751
39.3287262723248,48.5579492638559
39.3179631424806,48.5693610280783
39.2582945725849,48.5423923044261
39.1987233148445,48.5635418376698
39.3515581367637,48.5736977682644
39.3212981111364,48.5863653661146
39.3455450565003,48.5648637678043
39.3588403297192,48.450298288025
39.3114351187287,48.5657446049246
39.4120639966623,48.579373974393
39.3649973508789,48.4906697645511
39.4118673450151,48.5911270124154
39.1945165914641,48.557465005776
39.3653440254322,48.5809872687204
39.3189565373993,48.5586115778314
39.294669045304,48.5226928476053
39.3209210265346,48.5563494586115
39.3155120925688,48.5650741974992
39.2761412164009,48.5681564529659
39.3045421743945,48.5558301289158
39.2915895210558,48.5517334944071
39.30193907424,48.5672998961951
39.3090043421826,48.5648772568873
39.1899936035789,48.5613795376641
39.3019634022789,48.5667441459753
39.4103062958571,48.5900802595742
39.2740246770229,48.5237018310141
39.3582463201045,48.5112284759592
39.4099292112553,48.5795331455724
39.4034843083028,48.557384071278
39.2770068891158,48.5411850314971
39.3978625039972,48.5872435054182
39.2857122723426,48.5397983537642
39.3220178156183,48.541395461192
39.3606122218804,48.5227508506622
39.3710854425953,48.5690710127936
39.366059675241,48.5281141100651
39.2695300718497,48.5248713345107
39.2388098408213,48.5603907878798
39.2711782964802,48.526241825344
39.3122136159712,48.5686474555873
39.2772339508115,48.5401220917563
39.4300120073067,48.5086925283543
39.2387226653488,48.5612729739084
39.3521703924075,48.5355452458926
39.3381189226485,48.567357899252
39.4171343654211,48.580442309767
39.3717625730093,48.5025320641458
39.311650016405,48.5692949315715
39.2709248794091,48.5262256384444
39.2695848099371,48.558259512765
39.2729826260265,48.5271280580974
39.3656096065227,48.5594991594932
39.2943081793947,48.5614712634285
39.3802246758478,48.5807269294184
39.347108132995,48.5540738503085
39.3095233403442,48.5646641293759
39.3023080494956,48.5670125787271
39.2716405292179,48.5417650620663
39.3111553462822,48.5685840568972
39.3589173685088,48.5655881315617
39.3585179832047,48.5061026244173
39.352346770689,48.5271617808049
39.3117432738872,48.5771954874876
39.3417052810389,48.540901760754
39.2761108063523,48.5353105358483
39.3531881153651,48.5552500983466
39.3092597865903,48.5672337996883
39.2944805030031,48.5493836961476
39.3110641161366,48.5628700813362
39.386643223425,48.5688295582079
39.2871232985946,48.566370498376
39.3574597135157,48.5285376672715
39.3491516882564,48.5403176834599
39.3307819916057,48.5322080467572
39.2716608025836,48.4877035151983
39.3142896086177,48.5919431019372
39.3981868778482,48.587031726815
39.3969866945994,48.5658794957546
39.2383476080835,48.5615710826428
39.3597810138871,48.5501674118702
39.3129981952233,48.5653911909498
39.3422790172879,48.5929089202804
39.3447929146333,48.5319800812544
39.2810270975319,48.4850367234881
39.3450159216559,48.533159027109
39.3818445177664,48.5668574542725
39.3452044639568,48.5675278616979
39.3591059108097,48.5065356239817
39.3193052392892,48.5584375686607
39.2943345347701,48.5492218271516
39.1576961046998,48.5953639333873
39.3157715916496,48.6011426565467
39.3358665517204,48.5440298791029
39.2928809344502,48.4951508379254
39.3904282607991,48.6271738889301
39.2707951298687,48.5255754646435
39.2873199502417,48.5663880341839
39.3130103592427,48.5647450638739
39.3183240083898,48.5731231333284
39.3879163907902,48.572551196209
39.3439495426206,48.53126920658
39.3574475494963,48.5517631703897
39.3019025821818,48.5671299337492
39.3545342668468,48.5108629218098
39.2893107947524,48.5793375538689
39.2791112644743,48.5389323546352
39.3677971026805,48.5281626707639
39.2991900058526,48.5663502647515
39.4108354307016,48.5710593036286
39.3326248405468,48.5450226756121
39.2999705304316,48.5246217864751
39.3628362100964,48.4997209392475
39.354862695371,48.551984391351
39.3855971177554,48.5700665071194
39.3772262450624,48.5723677446801
39.308471152665,48.5585144564338
39.2907218210043,48.5231878969516
39.3225185677509,48.5630913022975
39.3041367070807,48.5639100896359
39.3408558270165,48.5388851428447
39.3693115230975,48.5626556049164
39.3412592669937,48.5805057084571
39.3824405547176,48.5892264006199
39.261651841943,48.5339980480719
39.3420316822265,48.540080275599
39.3158405210929,48.5667481927002
39.2872327747693,48.5657594429159
39.4011447619023,48.5551974909228
39.3297561593018,48.5544286131916
39.2730049267288,48.5252180039439
39.2768041554589,48.5615818739092
39.3869027225058,48.5680701228347
39.338591292069,48.5701730708752
39.3068979394875,48.5675723756718
39.2698463363544,48.5253070318917
39.2871415446237,48.572537707126
39.2878632764422,48.5224459973863
39.337279605309,48.5049115383879
39.333794613747,48.545628335439
39.2893574234935,48.5864260669881
39.3793853585083,48.5546039712706
39.3436393601256,48.5677652695587
39.3845023560082,48.5753366918495
39.3799347667185,48.5596893555636
39.4101197808927,48.5788829717716
39.4073078650717,48.6608048706785
39.3323957515145,48.5453099930801
39.3227517114563,48.5631061402888
39.410231284404,48.5787224516838
39.2878896318176,48.5657378603831
39.3146585838733,48.5746703311491
39.2179181374788,48.5633395014248
39.2922220500653,48.5234940991358
39.3052943162615,48.5697643516601
39.2943568354724,48.5491557306448
39.3578286887713,48.5227157790464
39.3895119046699,48.558919128924
39.2724413271626,48.5198668847157
39.2645509332365,48.5253407545992
39.3416404062687,48.5409314367366
39.2880173540214,48.5664365948827
39.2211862040279,48.5575135664748
39.3225064037314,48.5695525730569
39.3386440028198,48.5677221044931
39.4004372214397,48.5753151093167
39.2909651013926,48.5755390280946
39.3949025926066,48.5678812756726
39.386276275506,48.5690453835359
39.3301028338551,48.5482074481096
39.3223867908739,48.5695498752403
39.3408335263142,48.5894678552057
39.2935094087866,48.5193772310027
39.394016646526,48.5789827909858
39.2949204350385,48.5275151947797
39.3025797125958,48.5668898280717
39.2985959962379,48.512856608278
39.3258413723873,48.5520909551068
39.3884029515668,48.5596515861311
39.3346116303843,48.5431895092317
39.3133185144012,48.5650674529577
39.2964956755525,48.5824413918684
39.3919751186011,48.5708407804839
39.3903086479415,48.5691721809162
39.1940726047555,48.5820232302952
39.3872798071076,48.568260318905
39.3657271920437,48.5236465257738
39.2866712025397,48.566150626323
39.2573417243975,48.5576943201871
39.3986004545083,48.5644010922573
39.3213285211849,48.5561794961656
39.1759218604542,48.5573179747713
39.418160197725,48.5692693023138
39.3065168002126,48.5631034424722
39.3022289833694,48.5856504447153
39.2588987188824,48.5403068921935
39.3001448813766,48.5413603895762
39.3632132946983,48.5245516432434
39.1893671565791,48.5550990206169
39.1601958106893,48.5834260949277
39.3228105042168,48.5631047913805
39.3221293191296,48.5631965171449
39.3931388097917,48.5715894245907
39.3156580608017,48.5643255533924
39.3147315679897,48.5721276390026
39.4119403291316,48.5799378180626
39.2717175680075,48.5237288091801
39.3569873440952,48.5575729184401
39.2396430761511,48.5177625877669
39.3228814609967,48.5688403494743
39.2964855388697,48.5562874088297
39.376080799901,48.5590324372212
39.2925383145701,48.5658107014313
39.315064051187,48.5710889796112
39.287370633656,48.5777283062664
39.3230841946536,48.5672742669374
39.3282336295386,48.5492096869769
39.3116256883662,48.574741823289
39.2870482871415,48.577358705392
39.2544689884794,48.5577334385278
39.2720074771369,48.6298285404655
39.3895037953237,48.5691452027502
39.3958635501403,48.5668898280717
39.3047955914656,48.5671339804741
39.3930354156267,48.5836715962384
39.2135046257683,48.5624910381037
39.3150376958116,48.5729207970833
39.2880153266849,48.5667765197745
39.3529488896499,48.5578575380915
39.2964814841966,48.5563170848123
39.269965949212,48.5535841965954
39.4172539782787,48.5795061674064
39.3796732403011,48.5480347878471
39.2768041554589,48.53921427647
39.297716132167,48.5715125368176
39.298656816335,48.5707234254618
39.2902636429398,48.5709203660737
39.2871395172871,48.5659806638772
39.4054163600529,48.5642135940035
39.3932868053612,48.560728014955
39.3285336753508,48.5502942092505
39.3541632642547,48.5545284324058
39.3280329232182,48.5508121900379
39.2383577447664,48.5294292956581
39.3294885508747,48.5496521288994
39.3178273109304,48.5691559940166
39.3045401470579,48.56819287349
39.3312644977091,48.5317440223018
39.2501244062122,48.5792687595455
39.2152866546124,48.5592158887501
39.3587430175638,48.5115872855672
39.2934120966313,48.5674320892085
39.294847450922,48.5381742681703
39.3947201323154,48.5816967944865
39.3145450530254,48.5720547979544
39.2936330763173,48.5180971170255
39.2849885131875,48.5665391119136
39.2877152808727,48.6283528347847
39.3878758440588,48.5606578717233
39.2264816071458,48.5232539934583
39.379405631874,48.5484718341365
39.3157350995913,48.5637738498975
39.3746778829953,48.5480280433056
39.3964940518132,48.5797732512499
39.3198830302113,48.5765466625951
39.3157797009959,48.5669667158448
39.2858481038927,48.5766370394512
39.3951073536001,48.5713762970792
39.2545561639518,48.5584092415864
39.3132860770161,48.5653035119103
39.1729416756979,48.5602545481415
39.2276574623558,48.5634015512066
39.3163919566397,48.5425258463478
39.2737773419615,48.5293416166186
39.3095192856711,48.5323550777619
39.3955391762893,48.5670125787271
39.2931505702139,48.580729627235
39.3514831253106,48.5270457746911
39.3591241568388,48.5376643808327
39.3003536970431,48.5825452578075
39.4042648328818,48.5562374992225
39.2942149219125,48.5538755607883
39.303058164026,48.5637522673647
39.3876427003534,48.5582473725903
39.3979395427868,48.5725026355102
39.2385584510867,48.5613808865724
39.3225104584046,48.5695134547162
39.3099450263506,48.5636497503339
39.1933934470049,48.5642014538288
39.3021235618678,48.5660089909515
39.3082157082573,48.5587478175698
39.3726221637145,48.5705210892167
39.3488881345025,48.557837304467
39.3421229123721,48.5745610695767
39.3188713892634,48.4830268501204
39.292962027913,48.5806365525623
39.2884086299792,48.5741968643356
39.3586538147548,48.5709905093053
39.3503336254761,48.5379031376019
39.252575456124,48.5611825970522
39.3595965262593,48.5042020126219
39.2904400212213,48.5160575676751
39.2900507726,48.4761649535956
39.3723869926725,48.5698048189091
39.409949484621,48.5793051800697
39.4058319640495,48.5703133573384
39.2577289456822,48.5554969485656
39.3960156003829,48.5716555210974
39.2551461188934,48.5587882848188
39.3568738132473,48.5578035817594
39.2770372991643,48.5635054171457
39.2883478098822,48.5662990062361
39.3019796209714,48.5883536569495
39.3045563657505,48.5638426442208
39.1747885793122,48.5567163616692
39.360336504107,48.5226995921468
39.2966335344392,48.5868361351114
39.3388507911499,48.5667954044907
39.2510062976197,48.5286307419442
39.2791153191474,48.5717539914034
39.3888591022948,48.5630629752232
39.3113925446608,48.5659496389863
39.3296304644345,48.5497586926552
39.3183483364286,48.5691654363747
39.357115066299,48.5578494446417
39.3002624668975,48.5829404879395
39.3973394511624,48.5723124394398
39.3384595151921,48.5676020516544
39.3496727137546,48.5657270691167
39.1800576270547,48.5806675774532
39.2932924837737,48.5782692184949
39.2496074353872,48.5272656467441
39.2708762233314,48.5309157926053
39.252693041645,48.5320623646607
39.3290790288878,48.5518400581629
39.215274490593,48.5610584974886
39.2778928351964,48.5356922768974
39.2884451220375,48.4720049203969
39.3025675485764,48.5679743503453
39.3268286852963,48.5463230232138
39.3958676048134,48.5678327149738
39.2739131735116,48.5869764215747
39.1803860555789,48.5861360517035
39.322551005136,48.555314845945
39.3591261841754,48.5063953375185
39.3171359891604,48.561042310589
39.3113479432563,48.5623642407235
39.295524581336,48.5320407821279
39.3754543529012,48.5191978261987
39.3171055791119,48.5619029140847
39.3113175332077,48.562810729371
39.2574187631871,48.5417070590094
39.3380479658686,48.5510900651478
39.2949143530288,48.5112271270509
39.2783104665296,48.4895690553779
39.3746616643028,48.5249738515415
39.3205439419328,48.478271948361
39.299009572898,48.5700354822285
39.4343849722858,48.5085832667819
39.2881795409469,48.5658606110384
39.4124796006589,48.5784634612901
39.2679000932483,48.5595962808908
39.350301188091,48.5812084896817
39.3169677202252,48.5622711660507
39.3299183462273,48.551862989604
39.3762206861243,48.581936900164
39.3795962015115,48.4521355011303
39.2878653037788,48.5666686071104
39.3889888518352,48.5580962948607
39.2384814122971,48.5612325066594
39.276939987009,48.5416382646861
39.2895581298138,48.4850704461956
39.2870381504587,48.5663691494677
39.2880619554259,48.5667765197745
39.3240938082649,48.5491152633958
39.2683582713129,48.6120998386718
39.3977408638031,48.5872839726672
39.2932276090035,48.5457119677536
39.2552920871264,48.5574771459507
39.261947833082,48.5240134288315
39.3537192775461,48.5500190319572
39.3001550180594,48.5414022057335
39.328922923972,48.5518872699534
39.3986551925956,48.5635013704208
39.3330303078606,48.5306365685871
39.2760520135918,48.5279616834271
39.3341270969443,48.5432272786641
39.3538956558276,48.5143714322994
39.3964676964378,48.5794791892404
39.306721561206,48.5670989088583
39.2750018532491,48.5519007590364
39.3042421285823,48.5659577324361
39.2243306030462,48.5662153739215
39.2386071071644,48.5612972542578
39.3168602713871,48.5730502922802
39.3957642106484,48.5803195591116
39.3666861222408,48.4984718501613
39.3291966144088,48.549546914052
39.3107073049005,48.5630386948737
39.2791051824646,48.5389687751593
39.3929928415587,48.5705750455487
39.3467087476909,48.5922493041214
39.3313395091621,48.531870819682
39.2951738521096,48.533899577766
39.3054179837922,48.5683210197786
39.3955999963863,48.5678124813493
39.3515561094271,48.5737395844217
39.3410585606734,48.5386760620581
39.3186970383185,48.5588881040331
39.412305249714,48.5816563272375
39.320829796389,48.5570792180021
39.3686222286641,48.5255134148617
39.389882907262,48.5728290713189
39.2774650671803,48.5333856437035
39.4008852628214,48.5619811507661
39.2138188629365,48.563520255137
39.2700004139337,48.5212764938898
39.3134300179125,48.5645467743537
39.2295530220477,48.5625355520776
39.3616988742813,48.5525738642783
39.3229564724497,48.5631708878872
39.421809403549,48.5107765916786
39.2815197403181,48.583552892308
39.3386034560885,48.5662072804717
39.2917435986351,48.5255484864775
39.3665097439593,48.5291203956573
39.29053530604,48.5158403934387
39.2981925562607,48.5699707346301
39.3143281280125,48.5645791481529
39.2507366618561,48.554807656424
39.2989082060695,48.5663219376772
39.294861642278,48.5555913721466
39.2332184465642,48.5632922896342
39.2929802739421,48.5465941537822
39.3647419064712,48.5592415180078
39.2928748524405,48.5669019682464
39.2091803168669,48.5856450490821
39.3332796702585,48.5305070733902
39.2634399527967,48.5586075311065
39.1938049963284,48.5596232590568
39.3243654713651,48.5624033590642
39.3759875424188,48.5592631005406
39.3022431747254,48.5484178778045
39.2948251502198,48.5389067253775
39.311589196308,48.5726078503576
39.2950400478961,48.5306797336527
39.2659072214011,48.5225687480417
39.3484380657842,48.55928738089
39.2384246468732,48.5612163197597
39.3409267837964,48.5572019686574
39.2540189197611,48.5582541171318
39.2480727416045,48.5276500856097
39.2506555683933,48.5335704441407
39.2708518952926,48.525487785604
39.2965747416787,48.5968989910333
39.3258251536947,48.5603408782727
39.3564054984999,48.5018670523537
39.4010109576887,48.573440126779
39.2929681099227,48.5466858795466
39.1944922634252,48.5562388481308
39.2861359856855,48.5671569119152
39.3065472102611,48.57264561979
39.2939392041392,48.519158707858
39.278764589921,48.4822930440049
39.2574167358506,48.5567689690929
39.3071452745489,48.5729032612754
39.1746892398203,48.5567635734597
39.3116256883662,48.569673974804
39.2152481352176,48.5611394319866
39.2943750815015,48.5122576929925
39.3947140503057,48.5674078088591
39.2884552587203,48.5664986446646
39.2881248028596,48.5664905512148
39.2638069007157,48.546310883039
39.3189443733799,48.4793375859185
39.2271891476084,48.5265264449954
39.3274835150081,48.5593723621129
39.3612366415436,48.5610908712878
39.2740449503886,48.5306878271025
39.3310881194276,48.4761919317617
39.3316294182915,48.5460829175363
39.315459381818,48.566437943791
39.2255287589584,48.523570986909
39.1907903468504,48.5591160695358
39.3625564376499,48.498483990336
39.3018518987676,48.5675831669382
39.362292883896,48.4798811959636
39.2883011811411,48.566397476542
39.2111103412805,48.566424454708
39.375728043338,48.5635189062287
39.3199458776449,48.5590904402781
39.3190112754867,48.4965820296322
39.4120964340474,48.5795709150049
39.3625990117179,48.4661182845734
39.3147883334137,48.5613620018562
39.3796610762817,48.5847345359792
39.2991312130921,48.5128485148282
39.2479652927664,48.5623790787148
39.3176935067169,48.5690130097367
39.3680890391464,48.5730435477387
39.3717625730093,48.568933424147
39.3418066478673,48.5410002310599
39.3775262908746,48.5231406851611
39.2936026662687,48.5567757136345
39.2148852419717,48.5595409756505
39.3095111763248,48.5646938053585
39.3002726035804,48.5421562454735
39.2761533804203,48.5279009825536
39.2896209772474,48.5825749337901
39.263137879648,48.4865528964179
39.3868135196967,48.5689037481644
39.2931748982527,48.5788492490641
39.3402577627287,48.5635553267528
39.304675978608,48.5638507376706
39.3842671849662,48.6094141622455
39.273540143583,48.5280763406327
39.3943937311278,48.614901521212
39.3084934533673,48.5682967394292
39.2932600463886,48.5181996340563
39.2805993295159,48.5388689559451
39.3444766501285,48.5484259712543
39.3104336144637,48.5632922896342
39.2870199044295,48.5662369564543
39.2122699777979,48.5646034285023
39.3991863547767,48.5729936381315
39.2715939004768,48.5261946135535
39.2698544457007,48.5252166550356
39.3397853933081,48.5356302271156
39.3007287543084,48.5736384162992
39.2875267385718,48.6109505687998
39.381084266553,48.5674010643176
39.3304251803695,48.5509592210426
39.2952488635627,48.5295763266629
39.2749450878252,48.524267023592
39.3653237520665,48.5594087826371
39.4007007751937,48.5737058617142
39.2497980050247,48.5272912760018
39.3773134205349,48.5722611809244
39.1969412860005,48.5714815119267
39.3753266306974,48.563520255137
39.3060545674749,48.5997290006478
39.2719344930204,48.6291055256164
39.2704930567199,48.5423235101027
39.3875170054861,48.5683628359359
39.3304170710233,48.5510091306497
39.2659072214011,48.5338874375913
39.277617117423,48.4483396731726
39.3111492642725,48.5732377905339
39.3760970185936,48.5590783001034
39.2930998867996,48.4971242907691
39.42489906448,48.5148880641785
39.2763561140772,48.5275354284042
39.3396678077871,48.5732688154249
39.2265201265406,48.5729936381315
39.4040377711861,48.5750628634645
39.3242985692583,48.6658875571548
39.2729765440168,48.5772980045185
39.3064580074521,48.5538364424476
39.300260439561,48.5736546031988
39.3723809106628,48.5700813451107
39.3136895169933,48.5687472748015
39.3021113978484,48.5857232857635
39.2815319043375,48.5449592769219
39.332247755945,48.5312098546148
39.3680971484927,48.5640625162738
39.3159358059117,48.5647491105988
39.3155506119636,48.5617100201977
39.3194248521467,48.5906238696193
39.2875875586688,48.5656919975009
39.2876402694196,48.5228263895271
39.278557801591,48.5288074489316
39.3438197930802,48.5481926101183
39.3703170820357,48.5865501665517
39.3160168993744,48.5620728765306
39.2131822792539,48.5609924009819
39.3548728320538,48.5453234821631
39.3601783718546,48.5378275987371
39.2951353327148,48.5377493620557
39.2787118791702,48.5693057228379
39.3774269513828,48.5252935428087
39.3869655699394,48.5679284874631
39.2959503220155,48.5677504315674
39.3412025015698,48.5804989639156
39.3000577059041,48.583714761304
39.3193397040108,48.5906265674359
39.3043394407376,48.4993041265827
39.2049087187162,48.6158929688128
39.3115101301818,48.5726024547244
39.3501957665894,48.5702674944562
39.3389197205932,48.5678151791659
39.2992650173057,48.5125787331681
39.3004307358328,48.5808739604232
39.3140706562683,48.5758964887943
39.257372134446,48.5418999528964
39.3331032919771,48.5304976310321
39.2580431828503,48.5523931105661
39.3818668184686,48.566029224576
39.3754421888818,48.5072923615383
39.3154756005105,48.5663111464108
39.2386253531935,48.5603759498885
39.2153332833535,48.5592158887501
39.3164588587464,48.5736208804913
39.3654129548755,48.5722449940248
39.2164625098223,48.5604771180111
39.3960156003829,48.4789356112449
39.398799133492,48.591897239055
39.3979496794697,48.587359511532
39.3743170170861,48.5188619480319
39.3052537695302,48.5695013145415
39.372859362093,48.4859013737088
39.2955306633458,48.5327138873699
39.2922747608161,48.5685854058055
39.2758107605401,48.5282031380129
39.3010064994183,48.5724230499204
39.2860265095108,48.5850515294299
39.3582382107582,48.5733929149885
39.330202173347,48.5482789402495
39.3749637374516,48.5120243318565
39.427297403641,48.5203835165948
39.3259772039374,48.5609141643004
39.3174198162801,48.5688970036229
39.3295412616255,48.5496076149255
39.3151917733909,48.565575991387
39.3175637571765,48.5881095045471
39.3619137719576,48.5586142756481
39.3051929494331,48.5696915106119
39.2880761467819,48.5663246354938
39.2927572669195,48.5471283214692
39.2934364246701,48.5182940576373
39.1882399574468,48.5499205616512
39.3269057240859,48.5607752267455
39.3304495084084,48.5323159594212
39.3526305978086,48.5592023996671
39.3709070369772,48.4804693199826
39.2616417052601,48.5264563017638
39.3251926246852,48.5399642694851
39.4118937003905,48.5791999652222
39.3443225725493,48.5333087559304
39.3299507836124,48.5515446472451
39.2954901166144,48.5327557035272
39.3094463015546,48.5641380551387
39.2126815271214,48.5593103123311
39.3855342703218,48.5664069189001
39.3205054225379,48.5906832215845
39.2873767156657,48.5657203245752
39.271334401396,48.5245867148592
39.3851713770759,48.6147787705566
39.3787447201525,48.5741550481783
39.3094564382375,48.5649541446605
39.3870365267193,48.5678313660655
39.3020100310199,48.5663489158432
39.3570035627877,48.5652954184605
39.30263039601,48.5648448830881
39.3751563344256,48.6065544766484
39.4126012408531,48.5783150813771
39.4239786536777,48.6034803146315
39.3152708395171,48.5698317970751
39.2735360889098,48.540654910535
39.3034555219936,48.5422425756047
39.2668539875788,48.5566489162542
39.3925204721382,48.5529906769432
39.3295067969038,48.5519048057613
39.3849443153802,48.5918918434218
39.2997130586874,48.5737827494873
39.4059292762048,48.5703713603953
39.2688955155036,48.4850151409553
39.3958371947649,48.5679298363714
39.3099328623312,48.5716460787393
39.2876037773614,48.5665539499049
39.3759429410143,48.6150391098586
39.3155019558859,48.5651281538312
39.2978012803029,48.538998451142
39.3188085418298,48.5876886451574
39.1882359027736,48.5866162630585
39.1858010715544,48.554394890484
39.2739456108967,48.5404809013642
39.392281246423,48.5682023158481
39.2548420184081,48.5582986311057
39.2985493674968,48.5128606550029
39.3045239283654,48.5027087711332
39.2804411972635,48.5819733206881
39.276248665239,48.5354224952373
39.3091786931275,48.5649109795949
39.3503194341201,48.5702850302641
39.2925504785895,48.5479821804234
39.2730353367773,48.629108223433
39.3061214695816,48.5543058625362
39.3917906309734,48.5707436590863
39.2711661324608,48.4869966872488
39.3337155476209,48.530214360289
39.2802587369723,48.5856517936236
39.3537314415655,48.5258614332032
39.3524116454592,48.5735278058186
39.2180215316438,48.5602167787091
39.2779070265524,48.5627473306808
39.3294946328844,48.5495509607769
39.328612741477,48.5499259572844
39.2771731307144,48.5400195747254
39.3620982595854,48.5586466494473
39.3094888756226,48.5642297809031
39.306867529439,48.5676020516544
39.3157350995913,48.5671555630069
39.3699116147219,48.6032874207445
39.3469581100889,48.5365420891267
39.2541385326187,48.5588327987927
39.293079613434,48.5535612651543
39.2916584504992,48.572798046428
39.2211030832285,48.5829526281142
39.2739699389356,48.5938113399334
39.1832750101896,48.5353429096476
39.278294247837,48.5827556875024
39.3367301970988,48.6098390683601
39.4003662646598,48.6464039256622
39.3043009213428,48.5681996180315
39.3827933112806,48.6063561871282
39.2237548394606,48.5568026918005
39.215452896211,48.5289720157442
39.3299284829102,48.5517982420055
39.2932113903109,48.560548610151
39.3920906767856,48.5706465376886
39.3678477860947,48.4939003999308
39.2933269484954,48.5535437293464
39.280058030652,48.5967141905961
39.431962305086,48.5133543554409
39.3876386456803,48.5693138162877
39.3885185097512,48.5595315332924
39.3142896086177,48.5985972665836
39.2810493982341,48.6149716644436
39.314843071501,48.5612986031661
39.3830872750831,48.554973572145
39.2578809959248,48.5544636848074
39.3334499665303,48.5442281686231
39.2913807053892,48.4846576802557
39.3168622987236,48.5622333966183
39.3022472293985,48.5670125787271
39.3090631349431,48.5648664656209
39.306557346944,48.5725957101829
39.39448698861,48.5803519329109
39.3794177958934,48.5483450367562
39.1581765834667,48.5599051808916
39.3829149514748,48.5655840848368
39.3101092406127,48.5634973236959
39.3622442278183,48.5275475685789
39.3272442892929,48.561042310589
39.2782537011056,48.5608750459597
39.3218008906055,48.5633570372327
39.3216022116217,48.6221896727596
39.391383136323,48.5698358438
39.1869120519941,48.5859445067248
39.2700004139337,48.5901382626311
39.3040576409545,48.5510172240995
39.2936432130001,48.5557168206185
39.2935236001425,48.6458319885428
39.2715898458037,48.5258749222862
39.3159459425945,48.5646992009917
39.2879139598564,48.5659793149689
39.213214716639,48.586896835985
39.3502768600521,48.5703133573384
39.2701828742249,48.5253016362585
39.2991900058526,48.5664123145333
39.3546863170895,48.5450968655686
39.2773150442742,48.5170071991187
39.3811146766016,48.5081097999685
39.2708843326777,48.5245583877849
39.2384611389314,48.5614334939961
39.3854065481179,48.6176897146691
39.3583091675381,48.5053108152449
39.3951560096777,48.4909975492681
39.3637079648211,48.5520396965913
39.3278869549853,48.4792890252196
39.3328559569156,48.5307188519934
39.3217866992495,48.5355546882507
39.3026080953078,48.5636686350501
39.2302037970863,48.5526129826191
39.3036400096213,48.5565841686558
39.2705376581244,48.5421414074822
39.2703349244675,48.6495994894261
39.3967616602403,48.5860645595635
39.3181030287038,48.5995603871102
39.4185352549902,48.6013288058922
39.2289752311256,48.5692382774229
39.2289346843942,48.5633772708572
39.2720236958294,48.5305259581064
39.2140824166905,48.5611421298032
39.358173335988,48.5375133031031
39.2155177709812,48.5612095752182
39.3184091565257,48.5381432432794
39.3021154525215,48.547957900074
39.2619741884574,48.526708547616
39.3803280700129,48.5768164442552
39.3483346716191,48.5723110905315
39.3661792880985,48.5829323944897
39.2953765857665,48.5318856576733
39.2395741467077,48.5202661615727
39.2935641468739,48.5181079082919
39.2944967216956,48.5475195048763
39.3128461449807,48.5653871442249
39.2863853480835,48.5770147337754
39.3346805598276,48.5430937367423
39.3624692621775,48.4674550526992
39.3195525743506,48.5906306141608
39.3631078731967,48.5606659651731
39.2873199502417,48.5664406416076
39.3226807546764,48.5631074891971
39.3446712744392,48.5720048883473
39.3374194915322,48.5967600534783
39.3130164412525,48.4959399492812
39.3059511733099,48.5640099088501
39.3301494625962,48.5325816943564
39.238448974912,48.5609910520736
39.1819592687563,48.5791068905495
39.3211582249131,48.5569375826305
39.3161892229828,48.5627581219472
39.213995241218,48.5623278201994
39.3869331325543,48.5572680651641
39.1981070045276,48.5635850027355
39.3764457204834,48.5571790372163
39.3022796667836,48.6016336591681
39.2591440266073,48.5401274873895
39.2935094087866,48.553519448997
39.2630730048778,48.5351459690357
39.350432964968,48.5678866713058
39.2938337826376,48.5535990345867
39.294212894576,48.549394487414
39.3316780743691,48.5892628211441
39.3445476069085,48.5321217166259
39.279234932005,48.5898887145955
39.3944302231861,48.5711119110523
39.2933350578416,48.5195701248896
39.2790605810601,48.4513329006915
39.3668219537909,48.5281667174888
39.4059292762048,48.5703416844127
39.3449611835685,48.5722395983916
39.2935641468739,48.519885769432
39.3043333587279,48.5639046940027
39.3871297842015,48.5681955713066
39.3756935786164,48.5636875197663
39.3147315679897,48.5735992979585
39.3761375653249,48.5590054590552
39.2578404491935,48.5551273476912
39.2864258948148,48.567479300999
39.3928124086041,48.6693704383868
39.2474300759122,48.5290273209845
39.238538177721,48.5612918586246
39.3769606639719,48.5904390691821
39.2667201833652,48.5576929712788
39.2878348937302,48.5666106040535
39.2961915750672,48.5083674414538
39.2914253067937,48.5529299760697
39.292096355198,48.569548526332
39.2906123448296,48.5159483061027
39.4075065440554,48.6414210584001
39.3602594653174,48.5378464834533
39.2548805378029,48.5538674673385
39.3721376302745,48.57079626651
39.3940571932574,48.5651160136565
39.2599630705811,48.542311369928
39.392013637996,48.5702540053732
39.2511725392184,48.5596273057817
39.3342588738213,48.5431139703668
39.3028067742915,48.5648179049221
39.4058096633473,48.5703470800459
39.2930046019809,48.5790043735186
39.3233964044852,48.5661533241396
39.2613963975353,48.5479956695064
39.4074457239584,48.5851931648014
39.2872956222029,48.6112500264425
39.3169961029372,48.5417070590094
39.302070851117,48.5675170704314
39.3430088584527,48.5362777030998
39.3797502790907,48.5652873250107
39.3632781694685,48.5123453720321
39.2869813850347,48.5658997293791
39.301967456952,48.5674739053658
39.2612240739269,48.5448243860919
39.3354468930507,48.5565679817562
39.3346927238471,48.5700867407439
39.303439303301,48.5774989918553
39.3221597291782,48.5904282779157
39.3587896463049,48.552204263404
39.3150599965139,48.5711348424934
39.3152890855462,48.5695431306988
39.2721919647647,48.5406238856441
39.2717986614703,48.5265210493622
39.279926253775,48.4536193002608
39.2748315569773,48.5752854333341
39.3974327086446,48.5724311433702
39.342593254456,48.5359944323567
39.2279331801291,48.5634029001149
39.2508927667719,48.5548103542406
39.3026912161071,48.5757683425057
39.2601901322768,48.5199451213972
39.3177746001796,48.5690197542782
39.3935990151928,48.5610638931218
39.340547671858,48.538159430179
39.3262062929697,48.5561322843751
39.2116050114033,48.5627972402879
39.2808770746258,48.5239244008837
39.2712330345676,48.5259868816752
39.3940186738626,48.5597379162624
39.359452585363,48.5061323003999
39.3601986452203,48.5681996180315
39.309369262765,48.564875907979
39.2972072706882,48.5446422834713
39.3744731220019,48.5268312982713
39.3604561169646,48.5110504200636
39.2637197252432,48.5462785092398
39.2133769035645,48.5625045271867
39.3156134593972,48.567465811916
39.3183828011503,48.5771887429461
39.3137807471389,48.5686838761114
39.3710671965661,48.5546579276026
39.3757908907717,48.553299576944
39.3809910090709,48.5907655049908
39.4057447885771,48.5718834866002
39.4068111676123,48.5848910093421
39.290271752286,48.5708299892175
39.3081163687654,48.564453699681
39.2124869028107,48.5601398909359
39.3157614549667,48.5664001743586
39.2733252459067,48.5769337992773
39.2911293156547,48.5530635179914
39.2771771853876,48.533926555932
39.3892159135309,48.5690305455446
39.3157432089376,48.5664527817823
39.3876710830654,48.5577024136369
39.3351306285459,48.5424894258237
39.1965621740621,48.5632423800271
39.2766885972745,48.555301356862
39.2937466071651,48.5540010092603
39.2999725577682,48.503565327904
39.4054873168328,48.5638291551378
39.1780769192269,48.5870344246316
39.2479977301515,48.5275853380113
39.2635413196252,48.5464660074936
39.305146320692,48.499318964574
39.3150235044557,48.5715030944595
39.4043743090565,48.5569267913641
39.3256285020475,48.5386113144597
39.3876508096997,48.5693704704364
39.371312504291,48.5496737114322
39.2377961725368,48.5615791760926
39.2952123715044,48.5672418931381
39.2932276090035,48.5459264441734
39.287210474067,48.5659671747942
39.3344595801416,48.5433729607605
39.3638924524488,48.4856059627909
39.3738162649536,48.4515905421769
39.2768629482194,48.5682845992544
39.2752795983591,48.5750507232898
39.3129556211554,48.5628147760959
39.2675716647241,48.5635243018619
39.2734286400717,48.5279414498026
39.3353272801931,48.5423181144695
39.3407787882269,48.5381162651134
39.3760382258331,48.5592280289248
39.2507082791441,48.5553526153774
39.3161709769537,48.5628201717291
39.3185226873736,48.5731312267782
39.2321743682313,48.5524942786886
39.2312600394387,48.5554052228011
39.3870223353633,48.5918729587056
39.3080393299758,48.5671137468496
39.3077210381345,48.585743519388
39.1968196458063,48.5707382634531
39.3973151231236,48.4850974243617
39.3052598515399,48.5694311713099
39.3104437511465,48.5725484983924
39.3941565327493,48.5651483874557
39.2694874977817,48.5587140948623
39.3223786815276,48.6039591770782
39.378742692816,48.5248052380039
39.2126511170728,48.5594236206284
39.2801249327587,48.5856544914402
39.3114087633533,48.5657904678068
39.2997292773799,48.5518427559795
39.301703903198,48.5723151372564
39.2974505510765,48.5390267782163
39.1645626936587,48.5564034149435
39.3654170095486,48.6048912727138
39.3944058951472,48.5710593036286
39.3182976530144,48.5651335494644
39.3213021658095,48.5671461206488
39.3694291086185,48.5772669796276
39.3849524247265,48.5094020541203
39.4057488432502,48.5723029970817
39.4160517676933,48.5810088512532
39.2749917165663,48.5243843786142
39.3023850882852,48.588279466993
39.3896497635566,48.5730894106209
39.3799367940551,48.5602005918095
39.3451314798403,48.5574609590511
39.3018741994698,48.5672985472868
39.3308002376348,48.5318357480662
39.3188713892634,48.5732350927173
39.3271915785422,48.5503967262813
39.4172235682301,48.5689212839723
39.3722004777082,48.5702499586483
39.3869898979782,48.5580504319784
39.4105860683036,48.5796397093282
39.3385568273474,48.5676627525279
39.2769156589702,48.5389768686091
39.3102024980948,48.5677693162837
39.3650358702737,48.5729477752493
39.3777168605121,48.6084254124612
39.2461224438253,48.5262485698855
39.2988879327038,48.5316711812536
39.3960703384703,48.5208677746747
39.3648878747042,48.5729046101837
39.2935398188351,48.5195107729244
39.2754194845823,48.4900020549423
39.269481415772,48.5259720436839
39.1867133730104,48.5713142472974
39.3756064031439,48.5541399468152
39.3097422926937,48.5640193512082
39.2765933124557,48.5682117582062
39.3339000352486,48.5301941266645
39.313046851301,48.5605971708498
39.3074737030731,48.5528827642792
39.2877538002675,48.5656650193348
39.3586943614862,48.5201636445419
39.332718098029,48.5308200201159
39.3571819684058,48.5737948896621
39.2581404950056,48.5589784808892
39.3824466367273,48.5546849057686
39.3571961597618,48.508511774642
39.3376242525257,48.5493068083745
39.2870766698535,48.565768885274
39.412422835235,48.5780277639091
39.3134320452491,48.5645022603798
39.3575894630561,48.5707193787369
39.3364139325941,48.5441539786665
39.3157067168794,48.5667576350583
39.3405861912528,48.5702944726222
39.2850432512749,48.5393613074748
39.3775931929814,48.5518710830538
39.2944683389836,48.5478864079341
39.3537760429701,48.5044704453737
39.2676689768794,48.5287791218572
39.3679552349329,48.5283555646509
39.3595032687772,48.5056804161192
39.3539139018567,48.5417960869572
39.2943426441164,48.5507730716972
39.3807010999415,48.5598633647343
39.3350556170929,48.5427362760427
39.3659988551439,48.5568215765167
39.2912854205705,48.4852323151917
39.3328944763105,48.5447987568342
39.262183004124,48.5431490419826
39.2765487110512,48.5283083528604
39.3069729509406,48.5684154433596
39.3867567542728,48.568879467815
39.2381002730221,48.5623736830816
39.3166555103936,48.566644326761
39.3567440637069,48.5572168066487
39.3022877761299,48.6019020919199
39.3490280207257,48.5578521424583
39.3244344008085,48.565809352523
39.3339000352486,48.5979497905994
39.4043540356908,48.5751195176132
39.3563892798074,48.5623601939986
39.2703633071795,48.5265264449954
39.3232524635888,48.5545837376461
39.335765184892,48.5418122738568
39.2992467712765,48.5391117594392
39.3958331400917,48.5677045686852
39.3988538715794,48.5919120770463
39.3491962896609,48.5653871442249
39.3499382948451,48.582197239466
39.253412746127,48.5348573026594
39.3095213130077,48.5722760189157
39.2757458857699,48.5354440777701
39.2977141048304,48.5660494582005
39.3385669640302,48.5955676185407
39.3771633976288,48.5639168341774
39.2636852605216,48.547091900945
39.3873527912241,48.561657412774
39.3191329156808,48.5584375686607
39.3497923266122,48.5433459825945
39.293389795929,48.5779171534284
39.2773008529183,48.5383091590004
39.259930633196,48.5638507376706
39.3529123975917,48.5260152087495
39.3874217206674,48.6176991570272
39.3011362489587,48.5718322280848
39.3713956250903,48.5194878414833
39.3168825720893,48.5734010084383
39.2943426441164,48.5494363035713
39.3001306900206,48.5707881730602
39.2721007346191,48.5264589995804
39.3938402682445,48.4904863130222
39.3677626379588,48.5281208546066
39.2931161054922,48.5128633528195
39.3637160741673,48.559260402724
39.3052274141548,48.5647504595071
39.3025006464696,48.5654235647491
39.4057326245577,48.5699869215297
39.4016982247856,48.5574623079594
39.4006399550966,48.5734495691371
39.3180908646844,48.565149736364
39.3494659254246,48.5289045703292
39.3062431097758,48.5770133848671
39.2942331679417,48.5536017324033
39.2911475616838,48.5413657852094
39.23862738053,48.5610004944317
39.3155120925688,48.565167272172
39.3932563953127,48.5835313097752
39.1761874415447,48.5586075311065
39.3490543761011,48.5695013145415
39.403257246607,48.5771159018979
39.4051710523281,48.5639181830857
39.2772947709086,48.5302885502455
39.3726586557727,48.5710822350697
39.3878758440588,48.560481164736
39.3111087175411,48.5257386825479
39.2939108214272,48.5481953079349
39.2557056637864,48.5579290302314
39.2936452403367,48.5555657428889
39.3618022684463,48.5285767856122
39.3777067238293,48.6341396513939
39.2931748982527,48.5456741983212
39.2944683389836,48.5479403642661
39.2872307474327,48.5663893830922
39.3276031278656,48.5761406411966
39.292345717596,48.4918284767812
39.2941054457378,48.6439205854809
39.2756810109997,48.518813387333
39.2868678541869,48.5661155547072
39.2738057246735,48.5830767276779
39.3546234696559,48.5614968926863
39.4039505957136,48.6356207527079
39.3016045637062,48.5718726953338
39.2884430947009,48.5662841682448
39.3606710146409,48.5068215925415
39.3002239475027,48.5284203122493
39.344944964876,48.5331239554932
39.3532529901353,48.5713209918389
39.2497229935716,48.5289558288446
39.2872003373842,48.5661937913886
39.2936634863658,48.5551421856825
39.3182226415614,48.5690561748023
39.1867214823567,48.5843662840132
39.2955326906823,48.5324953642252
39.3106870315348,48.5595895363493
39.3049516963814,48.5713344809219
39.354420735999,48.5261973113701
39.3094888756226,48.5653574682423
39.2101960124879,48.5687985333169
39.322301642738,48.5591336053437
39.3157715916496,48.566289563878
39.3749495460956,48.5097743528113
39.3099328623312,48.5627284459646
39.2763703054331,48.5844526141444
39.2771974587532,48.5398415188298
39.3603243400876,48.5091106899274
39.4006196817309,48.5810992281093
39.3414944380357,48.5407061690504
39.3420580376019,48.5375213965529
39.2949670637796,48.5389471926265
39.3229686364691,48.5632450778437
39.2717946067971,48.478271948361
39.3437711370026,48.5326761179374
39.345165944562,48.5322201869319
39.3224982943852,48.5366526996074
39.3101051859395,48.5294899965316
39.3919163258406,48.565495056889
39.3042319918994,48.564960889202
39.2579134333099,48.5514245944063
39.318431457228,48.5317831406425
39.3526549258475,48.5694230778601
39.3186402728946,48.5589312690987
39.3081711068528,48.5385519624945
39.3037880051909,48.5774935962221
39.4020935554165,48.5742494717593
39.268921870879,48.5769068211113
39.3605635658027,48.522762990837
39.2610132309238,48.5418851149051
39.3545423761931,48.5455042358753
39.2386496812323,48.5605202830767
39.3907972360546,48.5776001599778
39.4026287722707,48.5556857957276
39.3715598393524,48.5704725285179
39.3903268939706,48.5694689407423
39.3539787766269,48.5446193520302
39.3022006006574,48.5494484437461
39.3300906698357,48.5512424917857
39.3232686822813,48.5586237180062
39.4037802994418,48.6438005326422
39.3529853817082,48.5573395573041
39.30491114965,48.5714774652018
39.2615646664705,48.6099240495831
39.3233801857926,48.4826221776302
39.1752609487327,48.5890416001828
39.3625179182551,48.4670908474581
39.3146666932195,48.574606932459
39.2786165943515,48.5637306848319
39.2940730083527,48.5549331048959
39.2604212486457,48.5642918306849
39.3340500581547,48.5437155834689
39.3695466941395,48.5706141638894
39.2611855545321,48.541615333245
39.3329857064561,48.5307768550503
39.4111760232451,48.579948609329
39.2923781549811,48.5484596939618
39.2877923196623,48.5657473027412
39.3319375734499,48.5313285585452
39.4119626298339,48.5785686761376
39.2539520176543,48.5581070861271
39.2761858178054,48.5635350931283
39.3589984619715,48.5379449537593
39.3773539672663,48.5477231900297
39.2632027544182,48.5466642970138
39.2743612148934,48.5401706524551
39.3383561210271,48.566918155146
39.2615403384317,48.4630603094561
39.3178313656036,48.5690359411778
39.4117517868307,48.5801104783251
39.4120234499309,48.5792282922965
39.3418634132912,48.5409058074789
39.3326552505953,48.5307094096353
39.396194006001,48.5717998542856
39.3726181090413,48.571043116729
39.2681494556463,48.561738347272
39.3175292924548,48.5996278325252
39.2742598480649,48.530869929723
39.3028534030326,48.5635566756611
39.3113013145152,48.5725768254667
39.4076362935958,48.5924071263926
39.3447037118243,48.532050224486
39.2924207290491,48.5485352328266
39.405552191603,48.5718214368184
39.3133347330938,48.5650027053593
39.213995241218,48.5611313385368
39.2701159721181,48.5253002873502
39.2986487069887,48.5128485148282
39.367724118564,48.4810169767526
39.3373769174643,48.5702405162902
39.3218921207511,48.4779144876614
39.2726643341852,48.5253960598396
39.2698747190664,48.524899661585
39.2654733713753,48.475354259707
39.3976699070232,48.5926472320701
39.3293871840463,48.5519088524862
39.3629862330025,48.6350650024881
39.3324869816601,48.5308051821246
39.2591825460021,48.5401598611887
39.4057974993279,48.5637077533908
39.2789896242802,48.5332655908648
39.1567087917908,48.5694379158514
39.2749896892297,48.4957403108527
39.2935114361231,48.5181160017417
39.1904031255658,48.5844944303017
39.3131238900906,48.5605742394087
39.2863894027566,48.5674307403002
39.3972603850362,48.4851082156281
39.3231916434917,48.5585886463903
39.3145369436791,48.57209796302
39.3935807691637,48.5689563555881
39.411995067219,48.5910730560834
39.2996481839172,48.5385910808352
39.2764027428182,48.5189415336216
39.2741300985245,48.5869319076008
39.2726035140881,48.5645521699869
39.2562834547085,48.5381513367292
39.3874744314182,48.5616870887566
39.3023526509001,48.5668722922638
39.259079151837,48.5400883690488
39.2682102757433,48.5619393346088
39.3104173957711,48.5625422966191
39.4019516418567,48.6466615671476
39.3050469812001,48.5639977686754
39.2906610009073,48.5387934170803
39.2972133526979,48.5959844312055
39.4311635344779,48.5086156405811
39.3833467741639,48.5899723469101
39.3785582051882,48.6088853901917
39.2859433887115,48.4868712387768
39.3739743972059,48.5395892729776
39.2936269943076,48.5480698594629
39.3752901386392,48.5635027193291
39.3130225232622,48.5628120782793
39.2940162429288,48.5185017895156
39.3260177506688,48.5634986726042
39.35681907516,48.504880513497
39.2705741501827,48.5245462476102
39.2918226647612,48.5453018996303
39.2599103598303,48.5407156114085
39.277852288465,48.4838631732667
39.2279777815337,48.5244531729375
39.2701342181472,48.5695498752403
39.2939533954952,48.5585306433334
39.3089475767587,48.5715300726255
39.3318098512461,48.5314863808164
39.2785821296298,48.5691654363747
39.3426115004852,48.5647018988083
39.302672970078,48.5758978377026
39.1989483492037,48.5593750599295
39.4110766837533,48.5799378180626
39.3946491755355,48.5660521560171
39.3061498522936,48.5315228013405
39.3026790520877,48.6626420837838
39.3033136084337,48.5564344398344
39.3022350653791,48.580330350378
39.3171217978045,48.6028881438876
39.3200756271853,48.573233743809
39.2976370660408,48.6025117984717
39.429638977378,48.5160413807755
39.3058842712031,48.5121187554376
39.1790378767606,48.5044947257231
39.357467822862,48.5630548817733
39.3520325335208,48.5668399184646
39.251427983626,48.5581826249919
39.3046050218281,48.5638493887623
39.3396455070849,48.5940770748686
39.3386784675415,48.5662113271966
39.2954333511904,48.5347278074625
39.28182586814,48.5389728218842
39.3952350758039,48.5739095468676
39.276131079718,48.626217512945
39.3022695301008,48.5669653669365
39.3139490160741,48.5687621127928
39.2192115782098,48.5609006752174
39.3901059142846,48.5768838896702
39.320655445444,48.5546039712706
39.294302097385,48.5498760476773
39.295684740925,48.6481210859288
39.3935037303741,48.561123245087
39.3891611754435,48.5588773127667
39.3069202401898,48.5533508354594
39.3168663533968,48.5734482202288
39.387762313211,48.5684060010015
39.4105718769476,48.5794643512491
39.3357773489114,48.5274464004563
39.2702051749271,48.5265372362618
39.3195181096289,48.5297516847419
39.3019451562497,48.5470865053118
39.3471202970144,48.5328393358418
39.3802206211747,48.5492757834836
39.3157310449182,48.5665552988132
39.3000354052018,48.5421535476569
39.295406995815,48.5296586100692
39.2745659758868,48.5649797739182
39.4123701244842,48.578592956487
39.2773778917079,48.5302966436953
39.2146845356514,48.5601075171367
39.3313597825278,48.5749981158661
39.4033930781572,48.5629483180176
39.3877927232595,48.5684693996916
39.3286634248912,48.5499664245334
39.3800097781715,48.5235858249003
39.4097386416178,48.5161870628719
39.3286532882083,48.5517267498656
39.2791355925131,48.62237986883
39.3000800066063,48.5325722519983
39.1888887051488,48.5627675643053
39.2879200418661,48.5659105206455
39.3175009097428,48.5376212157671
39.3961392679137,48.5662976573278
39.3022249286962,48.56798649052
39.3668868285611,48.493851839232
39.3484684758327,48.5576794821958
39.3429622297116,48.536242631484
39.3666273294803,48.5287143742588
39.258091838928,48.5534263743243
39.2192136055463,48.5604852114609
39.3504086369291,48.5686218263296
39.3316172542721,48.5565072808826
39.2294577372289,48.5249886895328
39.372652573763,48.5650215900755
39.271687157959,48.525954507876
39.2952529182358,48.5899885338097
39.2907035749752,48.5159928200767
39.3500031696153,48.5285808323371
39.3023465688904,48.5670193232686
39.3575691896905,48.5654195180242
39.3098639328878,48.6723056628487
39.2539662090103,48.5581556468259
39.3719794980221,48.5580234538124
39.3940571932574,48.5773465652173
39.3282964769722,48.5492042913437
39.4087391646893,48.63765895315
39.3473372220272,48.5305192135649
39.3817350415917,48.5543733079512
39.358013176399,48.5618543533859
39.3132130928996,48.5649042350534
39.2973512115846,48.6021961539294
39.256342247469,48.5285538541711
39.3744528486362,48.5623318669243
39.3224496383075,48.5700530180364
39.1955525604508,48.5881041089139
39.4174932039938,48.5140962550061
39.3525880237407,48.5631344673631
39.2577634104038,48.5544002861172
39.374077791371,48.5624573153962
39.2805080993703,48.5286010659616
39.3015944270233,48.59100426176
39.3491091141885,48.564314762126
39.3314591220197,48.5749994647744
39.292670091447,48.5535113555472
39.3073621995618,48.5709109237156
39.3309502605409,48.5319328694639
39.3299142915542,48.5517577747565
39.3754482708915,48.546997477364
39.3990951246311,48.5625234119029
39.2634723901818,48.5464538673189
39.2571531820966,48.5587842380939
39.3150437778214,48.5714585804856
39.3350069610152,48.5427834878332
39.2661525291259,48.589513718088
39.3051301019995,48.5839184464574
39.3646668950182,48.5715597486081
39.3046678692617,48.563906042911
39.3878596253663,48.5684923311327
39.2260801945052,48.5892736124105
39.2944886123493,48.5475613210336
39.2870746425169,48.5662774237033
39.2281298317763,48.5256307698838
39.3477041699462,48.5371018860714
39.2914861268908,48.5876535735415
39.3797239237153,48.5652670913862
39.3029466605148,48.5008850471109
39.2879322058855,48.5667535883334
39.3062471644489,48.575302969142
39.3057849317112,48.5639532547015
39.2995954731664,48.5107266820714
39.2921551479585,48.5386949467743
39.2709512347845,48.4904647304894
39.2682325764456,48.527718879933
39.3980368549421,48.5872893683004
39.2258511054729,48.522035929263
39.3886259585893,48.5594020380955
39.3856031997651,48.5709068769906
39.406906452431,48.593198935565
39.2774346571318,48.5811869071489
39.2897608634707,48.5736842791814
39.2861988331191,48.4920861182666
39.3927637525264,48.5704900643258
39.3573036085999,48.5518238712633
39.3907283066113,48.5772035809375
39.3046090765013,48.567030114535
39.3327363440581,48.5447070310697
39.3963845756385,48.5679689547121
39.4049723733443,48.5773155403264
39.2813514713829,48.5207935847182
39.3434102710933,48.5711604717511
39.2713262920497,48.4871329269871
39.307206094646,48.5729073080003
39.39925528422,48.6525023400888
39.2781746349795,48.4893532300498
39.3956709531662,48.567699173052
39.3116196063565,48.5695471774237
39.2708579773023,48.495413875044
39.3157249629085,48.5666213953199
39.2932093629744,48.5188025960666
39.2373116390968,48.5305219113815
39.1708717650611,48.4719792911391
39.2903041896711,48.5724270966453
39.3152465114782,48.569548526332
39.3201283379361,48.5908774643798
39.3868398750721,48.5649150263198
39.1879439663077,48.557958706214
39.2826428847773,48.5843514460219
39.3604277342526,48.5082932514973
39.4319846057883,48.5132950034756
39.1716259342647,48.5460802197197
39.3914500384298,48.6290852919919
39.3649689681669,48.5670624883342
39.3072304226848,48.5675170704314
39.2771123106174,48.5404876459057
39.3522859505919,48.5271941546041
39.3095375317002,48.5642365254446
39.3532225800868,48.5579843354717
39.1968378918355,48.5603516695391
39.2727940837256,48.4904593348562
39.288400520633,48.5663057507776
39.3100484205156,48.5627405861393
39.2941743751812,48.549066702697
39.3107559609781,48.5629901341749
39.2902170141987,48.5710120918381
39.4055461095933,48.5635040682374
39.3030480273432,48.511510397794
39.4044756758849,48.5579074476986
39.3192748292406,48.5906252185276
39.3860248857714,48.5703767560285
39.2547122688676,48.5583890079619
39.362353703993,48.4803748964015
39.3660900852895,48.5489560922164
39.2996826486388,48.5716595678223
39.2788882574517,48.5884656163385
39.2301997424132,48.5626610005496
39.2854385819058,48.5762876722014
39.2840721570584,48.5849382211326
39.3194532348587,48.5906238696193
39.3964899971401,48.5659078228289
39.3306623787481,48.5319463585469
39.2229378228234,48.5223259445476
39.3313983019226,48.5316792747034
39.3091726111178,48.5637374293734
39.3512215988932,48.5668331739231
39.2721068166288,48.5304827930408
39.2387713214264,48.560288270849
39.3674484007907,48.5495631009516
39.186127472742,48.5913401399269
39.2937303884726,48.5538823053298
39.2918105007418,48.5534978664642
39.3249392076141,48.539488104855
39.3040434495985,48.5681847800402
39.2639366502561,48.5545230367726
39.3712557388671,48.549654826716
39.2870989705557,48.6104514727286
39.313709790359,48.5746662844242
39.3060079387338,48.5721559660769
39.2913482680041,48.5160157515178
39.2297861657531,48.5633543394161
39.3449246915103,48.5321473458836
39.4054832621597,48.5717742250279
39.2764270708571,48.5283447733845
39.2563807668638,48.6255403609781
39.3067296705523,48.5769729176181
39.3880319489746,48.5682859481627
39.3421857598057,48.5744868796202
39.2766946792842,48.531008867278
39.2992244705743,48.5668223826567
39.3320166395761,48.5314594026504
39.411952493151,48.578839806706
39.4050473847974,48.6645251597713
39.2471867955239,48.5622387922515
39.2708863600143,48.5258331061289
39.293874329369,48.5188794838398
39.259210928714,48.5637104512074
39.2930998867996,48.498291096449
39.4004574948054,48.5810385272358
39.329129712302,48.5498450227864
39.3291114662729,48.5764171673983
39.3300136310461,48.5519209926609
39.1953599634767,48.5610733354799
39.3072851607722,48.5675305595145
39.2569909951711,48.5587626555611
39.2956036474622,48.5267206877907
39.3699562161264,48.4830376413868
39.35702586349,48.5120256807649
39.3032162962784,48.5037555239744
39.2874557817918,48.5658390285056
39.2932154449841,48.5187472908263
39.3678518407679,48.4775651204116
39.305278097569,48.5643309490256
39.2952894102941,48.5787467320332
39.3698041658837,48.5620108267487
39.3087610617943,48.5718672997006
39.1987375062005,48.5635957940019
39.3869169138618,48.5689698446711
39.3237288876825,48.5414291838995
39.3858748628653,48.5676816372441
39.4015238738406,48.4778969518535
39.4248504084023,48.5141893296789
39.1662575470303,48.5857448682963
39.4026855376946,48.6548831632392
39.3190781775934,48.5584874782678
39.2882586070731,48.5182401013053
39.2709127153897,48.525667190408
39.3042319918994,48.5229329532828
39.3961250765577,48.5677423381176
39.3658954609789,48.5274882166137
39.315341796297,48.5684356769841
39.4037336707007,48.5763375818085
39.287549039274,48.5909813303189
39.2908414338619,48.5240093821066
39.4280130534498,48.512511287753
39.3989045549936,48.4872570265508
39.3227030553786,48.561944730242
39.2796566180113,48.5826167499474
39.3384311324801,48.5676034005627
39.3479738057099,48.5299917904194
39.2833828626249,48.5575297533744
39.3769282265868,48.5720790783038
39.3643121111186,48.6017631543649
39.3247628293326,48.5906441032438
39.3674544828004,48.4895623108364
39.3896375995372,48.4958913885824
39.2939310947929,48.5592725428987
39.3207791129747,48.5371571913117
39.3008463398294,48.5725336604011
39.2969051975395,48.6031660189975
39.3008808045511,48.5806797176279
39.3675801776676,48.5064600851169
39.379993559479,48.5597176826379
39.2612808393509,48.5418662301889
39.3110174873955,48.5725592896588
39.3067661626106,48.5575270555578
39.3640566667109,48.5271550362634
39.3357570755457,48.5424732389241
39.3624449341386,48.4802103295889
39.3697392911135,48.5749630442503
39.310972885991,48.5627810533883
39.3122724087317,48.5641299616889
39.2472030142165,48.5266829183582
39.2539783730297,48.5581866717168
39.3376526352376,48.4510307452321
39.3949005652701,48.6300740417762
39.2773130169377,48.5397443974321
39.2815460956935,48.5389094231941
39.2694591150698,48.4882592654181
39.3949330026552,48.5898833189623
39.2896574693057,48.4746690142904
39.3243107332778,48.6606564907654
39.2762912393069,48.5353860747132
39.3051970041062,48.5704185721859
39.2141695921629,48.5611380830783
39.263918404227,48.5462259018161
39.3310333813402,48.5318532838741
39.3412795403594,48.542899493947
39.3965041884961,48.5802507647883
39.3395907689975,48.4733578754223
39.2472374789381,48.5623264712911
39.291255010522,48.4854899566771
39.309369262765,48.5689725424877
39.2731103482304,48.5275354284042
39.2865171249604,48.5387839747222
39.3272199612541,48.4958738527745
39.3990018671489,48.5669289464124
39.3052233594816,48.564054422824
39.3380358018492,48.4790246391927
39.3085704921569,48.5683075306956
39.3004793919104,48.5819274578059
39.3297885966869,48.597759594529
39.2572849589736,48.558084154686
39.2535566870234,48.5205561768573
39.3080636580146,48.5705790922736
39.4106772984492,48.5795951953543
39.3648250272705,48.5821217006011
39.290859679891,48.5555603472557
39.3834177309438,48.566590370429
39.3091604470984,48.5637617097228
39.3010936748908,48.5728573983932
39.3293669106806,48.548505556844
39.3805612137183,48.6098646976178
39.2135796372214,48.5618624468357
39.2590264410863,48.5400384594417
39.32115417024,48.5624492219464
39.3364666433448,48.5765426158702
39.3305772306122,48.5518967123115
39.3159479699311,48.5666106040535
39.3467938958268,48.5566017044637
39.2993988215192,48.5398172384804
39.316018926711,48.5666065573286
39.3612042041585,48.5525293503044
39.3585463659167,48.5224122746788
39.2636183584148,48.5463540481047
39.3374539562539,48.5950712202861
39.2729623526608,48.5272575532943
39.3147477866823,48.5709365529733
39.3774816894701,48.5642216874533
39.2689563356007,48.5623264712911
39.3021134251849,48.5851095324868
39.3665948920952,48.5291136511158
39.370489405644,48.5710417678207
39.4086357705243,48.6582284558245
39.4113301008244,48.5800066123859
39.3165663075846,48.6031902993469
39.3577192125966,48.565342630251
39.2961165636142,48.5677760608252
39.2969579082903,48.570535927208
39.1923250406331,48.5814796202501
39.3395664409587,48.5731730429355
39.312797488903,48.5628093804627
39.3847861831279,48.5186029576382
39.358027367755,48.5055630610971
39.276808210132,48.572878980926
39.3080190566101,48.5654478450985
39.393015142261,48.5586682319801
39.2906346455319,48.5160103558846
39.2920983825346,48.5498679542275
39.3794279325763,48.5482883826076
39.2871658726625,48.5573719311033
39.3020059763468,48.5663246354938
39.2386334625398,48.5613673974894
39.2887593592056,48.5653318389846
39.2741159071685,48.5595423245588
39.3155100652322,48.5650431726083
39.2956381121839,48.5687567171596
39.287666624795,48.5657648385491
39.406845632334,48.6534236444581
39.3143605653976,48.5723232307062
39.2943406167798,48.5493594157982
39.298332442484,48.5957996307684
39.1842582684255,48.5556682599197
39.2955509367114,48.6420914658255
39.3368761653318,48.5747323809309
39.295186016129,48.5296437720779
39.3355543418888,48.5566799411451
39.1916985936333,48.5597082402798
39.2769318776627,48.6172526683798
39.3577009665674,48.5226537292646
39.1845704782571,48.5557599856842
39.4163578955152,48.5156852689841
39.2892905213867,48.5861927058521
39.3997377903234,48.5732283481758
39.3064762534812,48.5631074891971
39.3132374209385,48.5728695385679
39.4059495495705,48.5699437564641
39.3065309915686,48.5723947228461
39.3600830870359,48.5657513494661
39.1839602499498,48.5626191843923
39.3392663951465,48.5665647411713
39.3619299906501,48.6369467295673
39.3400124550038,48.542010563377
39.3383135469591,48.5675953071129
39.4031943991734,48.5855263451516
39.2770109437889,48.5404903437223
39.2299037512741,48.5928091010661
39.2940790903624,48.5721033586532
39.3580821058424,48.5375807485181
39.3155262839247,48.5686703870284
39.3587430175638,48.5292957537363
39.2714540142536,48.5241253882205
39.2707708018299,48.5211820703087
39.2660288615952,48.4738583204018
39.3019552929326,48.5675265127896
39.2823631123308,48.6265479954786
39.3039583014626,48.6006422115672
39.3683242101884,48.6065140093994
39.2133687942182,48.5624087546974
39.3763930097326,48.5007393650144
39.2929823012786,48.580469287933
39.3161689496171,48.5774221040821
39.3723261725754,48.5704846686926
39.3302346107321,48.5504547293382
39.3275200070663,48.5503751437485
39.2612808393509,48.5401328830227
39.2943831908478,48.5491773131776
39.2678250817953,48.543792471242
39.3108471911237,48.5629537136508
39.3389075565738,48.5473805673214
39.3502606413596,48.5286631157434
39.4173411537511,48.5794495132578
39.3877927232595,48.5607442018546
39.3691615001914,48.6138723041787
39.3059167085882,48.5850623206963
39.2730333094407,48.527503054605
39.3311388028418,48.4536894434925
39.2523706951306,48.5593211035975
39.2959381579961,48.5678354127904
39.3779256761787,48.5603772987968
39.3182814343219,48.5690453835359
39.3478217554672,48.5892237028033
39.3233416663978,48.5587464686615
39.3736743513937,48.5627270970563
39.2395599553517,48.5365798585591
39.4203051198149,48.500333343616
39.2959422126692,48.5678151791659
39.3896578729029,48.5732647686999
39.1914958599764,48.5584051948615
39.3130286052719,48.5645629612533
39.2263518576054,48.5257427292728
39.295552964048,48.5737733071292
39.29371416978,48.5541669249813
39.3853112632992,48.5671582608235
39.2782780291445,48.5023094942762
39.3442698617985,48.5334315065857
39.2947643301227,48.5289490843031
39.3722329150933,48.5709082258989
39.3071128371638,48.5683641848442
39.3074088283029,48.5834692599934
39.3360246839728,48.575374461282
39.2718513722211,48.5259828349503
39.3306096679973,48.5322957257967
39.3709435290354,48.5714046241535
39.2398660831736,48.5195566358066
39.3269341067979,48.5664338970661
39.3179671971537,48.5692220905233
39.3427939607764,48.5465361507252
39.4023814372093,48.5842044150171
39.2687373832513,48.483698606454
39.3627449799508,48.5376711253742
39.2833301518741,48.5905631687458
39.3499423495183,48.6129321150932
39.358365932962,48.5534061406998
39.3073561175521,48.5358366100855
39.3085056173867,48.5640787031734
39.2939047394175,48.5190777733599
39.2737773419615,48.5612014817684
39.3848247025227,48.6176627365031
39.314269335252,48.5686771315699
39.3253953583421,48.5784661591067
39.3682127066771,48.4873946151974
39.3961676506256,48.5677612228338
39.3686080373081,48.4856019160661
39.2705315761147,48.5632437289354
39.3265367488304,48.5509848503003
39.2964571561577,48.5562105210565
39.2946994553525,48.5241092013209
39.3225935792039,48.5369508083418
39.3889280317381,48.5590715555619
39.3232686822813,48.5372610572509
39.3024276623531,48.4980010811644
39.3281930828072,48.5590850446449
39.3445577435913,48.5720426577797
39.3829149514748,48.5664231057997
39.2784645441088,48.5690696638853
39.2573376697244,48.6243398325907
39.3580719691595,48.5122361104597
39.2732867265118,48.538926959002
39.3633714269506,48.5703592202206
39.2743875702688,48.530968400029
39.2887958512639,48.567057092701
39.3030703280455,48.5026777462423
39.337472202283,48.5968598726926
39.3016795751592,48.5487132887223
39.3357347748435,48.5767247184908
39.3318321519484,48.5565072808826
39.2176626930711,48.5636753795916
39.3850902836132,48.5628768258777
39.2936290216441,48.5560108826281
39.2869976037273,48.5660035953183
39.2634034607385,48.5365353445852
39.331086092091,48.5317305332188
39.3568129931503,48.5514070585984
39.2955103899801,48.5323348441374
39.3561054526877,48.5343865336625
39.1915100513324,48.5576282236804
39.3494537614052,48.5290435078842
39.3021174798581,48.5660723896416
39.3166697017496,48.5614334939961
39.4026490456364,48.5824063202525
39.3965974459782,48.5720898695702
39.4067037187742,48.6614563933877
39.2945028037053,48.5217310759871
39.3185105233542,48.5769850577928
39.2830442974179,48.5584955717176
39.3918656424264,48.5707544503527
39.2886235276555,48.5753542276574
39.2769521510284,48.5313568856195
39.2707079543962,48.5618476088444
39.2134904344123,48.5622671193258
39.3673227059234,48.5739041512344
39.3083961412119,48.5640746564485
39.2978519637171,48.5789301835621
39.3236883409511,48.5393087000511
39.3222387953044,48.56743883375
39.4114375496625,48.5781882839968
39.3742521423159,48.5044421182994
39.4021726215427,48.6517941632311
39.3466823923155,48.5670058341856
39.3238991839543,48.5351095485116
39.4098197350805,48.6560823427184
39.2244421065575,48.6399723308853
39.2943081793947,48.5524025529242
39.3234592519188,48.566110159074
39.2936817323949,48.5549708743284
39.3646101295942,48.5861360517035
39.3726546010996,48.593499742116
39.2155542630395,48.5611650612443
39.4112976634393,48.5872178761605
39.3679694262889,48.5280722939078
39.2989203700889,48.5836527115222
39.3287201903151,48.5487820830456
39.2988048119045,48.5697764918348
39.3774756074604,48.6340587168959
39.2613376047748,48.5367619611797
39.4277576090421,48.5204374729269
39.3116662350976,48.5726159438074
39.2721635820527,48.5266883139914
39.2717459507195,48.5260529781819
39.3946795855841,48.5712076835417
39.2913746233795,48.5529825834934
39.258223615805,48.552491580872
39.2179789575759,48.5881014110973
39.3600202396022,48.5112635475751
39.2694368143675,48.5762741831184
39.1912951536561,48.5595423245588
39.2610030942409,48.533311453747
39.3462343509338,48.5575405446408
39.2993157007199,48.5397039301831
39.3858424254802,48.5626137887591
39.2949690911162,48.5555981166881
39.3590207626738,48.5039807916606
39.3016917391786,48.5446099096721
39.323288955647,48.5355142210017
39.3179307050954,48.5695498752403
39.2637095885604,48.5821931927411
39.3010328547937,48.5789247879289
39.3579016728878,48.506087786426
39.2679041479214,48.5596691219391
39.3539159291933,48.5446045140389
39.3856376644868,48.5649406555775
39.3546782077432,48.5614941948697
39.2721514180333,48.5208677746747
39.3919082164944,48.5705116468586
39.2948515055952,48.5388217441546
39.1954978223634,48.5834975870677
39.3000516238944,48.5835380543167
39.3737980189244,48.5627783555717
39.3389035019007,48.4732809876491
39.3025168651622,48.5668817346219
39.1977968220325,48.5668547564559
39.2954232145076,48.5637711520809
39.3294520588165,48.5527276398246
39.3292452704864,48.5895906058611
39.3295959997129,48.5765277778789
39.2944784756665,48.5477717507285
39.2936594316927,48.5600090468308
39.3419282880614,48.5374606956794
39.3161912503193,48.5627082123401
39.3657981488236,48.4769891365673
39.3276152918851,48.5549142201797
39.3205459692693,48.5574137472606
39.2870422051318,48.5664055699918
39.1983989409935,48.5539308660287
39.3007449730009,48.4995347899021
39.2157225319747,48.5455177249583
39.2783449312512,48.5129807078416
39.2439552210331,48.5269607934682
39.4112550893713,48.5799189333464
39.3967211135089,48.572138430269
39.3535996646886,48.5254028043811
39.2670546938991,48.540475505731
39.3504694570262,48.5702850302641
39.3415613401425,48.5407911502733
39.2934708893918,48.5575837097065
39.302174245282,48.5668736411721
39.3571738590595,48.5578696782662
39.3027702822333,48.5849341744077
39.3878109692886,48.5606848498893
39.2681636470023,48.481108702517
39.3239478400319,48.5540455232342
39.388984797162,48.5590095057801
39.2937202517897,48.5540994795662
39.1845684509205,48.5586682319801
39.3304900551397,48.5470082686304
39.3022147920134,48.5670085320022
39.3446712744392,48.5320866450101
39.3662096981471,48.4895623108364
39.3046455685595,48.5639667437845
39.2540047284051,48.5582311856907
39.3598418339842,48.5032995929688
39.3156256234166,48.5665269717389
39.2868962368988,48.5662207695547
39.2791801939176,48.6223717753802
39.2722730582274,48.496374297754
39.3535327625818,48.5450145821623
39.3780493437094,48.5604906070941
39.2935763108933,48.5919188215878
39.3091158456939,48.5645440765371
39.2927897043046,48.4957780802851
39.377124878234,48.5723731403133
39.2579783080801,48.5421872703644
39.3145957364396,48.5611866437771
39.3244992755787,48.5593386394054
39.2935418461717,48.5196861310035
39.3757402073574,48.5191978261987
39.3786169979487,48.5519425751937
39.3531354046143,48.5579694974804
39.4204085139799,48.5155881475865
39.3217360158353,48.5356153891243
39.3893436357347,48.5913522801016
39.330042013758,48.5480496258384
39.2873584696365,48.566123648157
39.288564734895,48.5450051398041
39.4115145884521,48.5792970866199
39.3714280624754,48.5058584720149
39.3216731684016,48.5382525048518
39.3700150088869,48.5196402681213
39.2702741043705,48.5256240253423
39.3180584272993,48.5690359411778
39.3123636388773,48.5021746034462
39.3213548765603,48.5562860599214
39.4003297726016,48.6472834138741
39.3016775478226,48.5487551048796
39.340016509677,48.6088058046019
39.3766748095157,48.5909017447292
39.2951961528119,48.5289059192375
39.1693127432396,48.5541035262911
39.3536908948342,48.5107172397133
39.3761456746712,48.5594735302355
39.303895454029,48.5681766865904
39.4118713996883,48.500715084665
39.3617678037246,48.5585913442069
39.3245154942712,48.5693367477288
39.2978560183903,48.5830942634858
39.3002928769461,48.5737706093126
39.2724656552015,48.548299173874
39.392441406012,48.5698533796079
39.3705583350874,48.5158093685478
39.3110661434732,48.5638885071031
39.2870016584004,48.5659509878946
39.2299057786107,48.5927510980092
39.2920152617353,48.5504156109975
39.2739476382333,48.5291635607229
39.2940750356893,48.5548440769481
39.3599127907641,48.5128026519459
39.3435825947017,48.5408599445967
39.3709962397862,48.4818060881084
39.3362720190342,48.6113269142156
39.3345102635559,48.5700125507874
39.3665401540078,48.5290502524257
39.2181715545499,48.5877304613147
39.3215231454955,48.670345699088
39.3885671658288,48.5594735302355
39.1557964903348,48.5628188228208
39.2938074272622,48.5535207979053
39.3965893366319,48.5799958211195
39.260386783924,48.5257022620238
39.4148049557035,48.5665310184638
39.287253048135,48.5659928040519
39.2951414147245,48.512102568538
39.3905377369738,48.5542707909204
39.3065472102611,48.5726955293971
39.1939286638591,48.5596407948647
39.3088522919399,48.5652509044866
39.3653602441247,48.5321824174994
39.3327262073752,48.5306635467531
39.374608953552,48.5767247184908
39.1903929888829,48.5812341189394
39.4013272221935,48.6470864732623
39.3283045863185,48.5503751437485
39.2386800912808,48.5612972542578
39.2707647198201,48.52572114674
39.3727802959669,48.572084473937
39.4124796006589,48.59025022202
39.39656095392,48.561163712336
39.3621367789802,48.4966197990647
39.2384591115948,48.5613781887558
39.2573518610804,48.5573921647278
39.2191994141903,48.5605567036008
39.3664002677846,48.4817049199859
39.3640445026915,48.490054662366
39.3054443391676,48.5548683572975
39.2736111003629,48.6287966256156
39.3879954569164,48.5679392787295
39.3894287838706,48.5691155267676
39.2546433394243,48.5583997992283
39.2182445386664,48.5604312551288
39.1957309660688,48.5867686896964
39.2811953664671,48.5618584001108
39.2907137116581,48.5160359851423
39.4031883171637,48.5569429782637
39.3502829420619,48.5910703582668
39.2950745126177,48.5557073782604
39.2524173238717,48.5600387228134
39.2875307932449,48.5660278756677
39.301290326538,48.5469920817308
39.3000232411824,48.5838685368503
39.3528373861387,48.561944730242
39.3729647835946,48.5538620717053
39.3796570216086,48.5880029407914
39.3127751882008,48.5653844464083
39.3078771430503,48.5760664512401
39.2952590002455,48.5989857521742
39.3386460301564,48.572205875684
39.3092455952343,48.5690022184703
39.3104579425025,48.5771482756971
39.292138929266,48.5497020385065
39.2593041861962,48.5639680926928
39.2218167057008,48.5217054467293
39.2699618945389,48.5251667454285
39.2683501619666,48.5616128988001
39.3582341560851,48.5110935851292
39.3368802200049,48.5778969198039
39.194690942409,48.5575796629816
39.2613842335159,48.541875672547
39.2935033267769,48.5469907328225
39.1861761288196,48.5854953202607
39.3986511379225,48.5920672015008
39.2380353982519,48.5603125511984
39.3963906576482,48.5660103398598
39.3087306517458,48.5964322687613
39.3130711793398,48.5646978520834
39.3028270476572,48.5679959328781
39.3940146191894,48.5650458704249
39.2903406817294,48.4925555383552
39.2707809385127,48.5254405738135
39.2638332560911,48.5462339952659
39.2894060795711,48.5785228132554
39.2880112720117,48.5657729319989
39.2407702752834,48.5780790224245
39.3071898759535,48.5727036228469
39.313841567236,48.5747107983981
39.3219752415504,48.56319247042
39.230327464617,48.5244477773043
39.3020343590588,48.5677140110433
39.4182575098803,48.5694257756767
39.3278423535808,48.5507717227889
39.2921287925831,48.5835758237491
39.301628891745,48.5911081276992
39.2854324998961,48.5388891895696
39.21402362393,48.5739284315838
39.2844715423624,48.5388257908795
39.3113621346122,48.5660454114756
39.3875717435735,48.5680876586426
39.3681498592435,48.604349011577
39.2918875395315,48.5507326044481
39.2578039571352,48.5541696227979
39.2964226914361,48.5552190734557
39.3691574455182,48.5690089630118
39.2788943394614,48.5265439808033
39.2904927319721,48.5441917480989
39.3277308500695,48.5508594018284
39.3134198812297,48.5687189477272
39.2718635362405,48.5236411301406
39.4068131949489,48.6383455474749
39.3205175865574,48.5886895351163
39.3426946212845,48.5347561345368
39.2776921288761,48.5057465126259
39.428327290618,48.5100765082706
39.3106221567646,48.5629658538255
39.2636487684633,48.5250574838561
39.275835088579,48.5880919687392
39.3308914677804,48.5468288638264
39.270803239215,48.4918338724144
39.2768061827954,48.5806824154445
39.2731671136543,48.5905429351212
39.371561866689,48.6145980168443
39.3273355194385,48.5663138442274
39.3468243058753,48.4636497823835
39.2716222831888,48.5263740183574
39.2842343439839,48.5848775202591
39.3426459652068,48.5057276279097
39.2713242647132,48.5241739489193
39.2944460382814,48.549533424969
39.3354509477238,48.5570185171285
39.2124341920599,48.6275960972281
39.3150113404362,48.5715583996998
39.3064823354909,48.5000837955804
39.2384408655657,48.5610773822048
39.2881471035618,48.5664136634416
39.2992771813251,48.56620862938
39.3219144214533,48.6692449899148
39.2499520826039,48.5273290454342
39.3902762105564,48.5724432835449
39.2992487986131,48.5667050276345
39.3062167544004,48.5711200045021
39.2942351952782,48.5041763833641
39.2714357682244,48.5260003707582
39.3188977446388,48.6039254543707
39.2383942368246,48.5623075865749
39.3816965221969,48.566495946848
39.28023643627,48.5261959624618
39.3545727862416,48.5614550765289
39.2985169301117,48.5705278337582
39.1914938326398,48.5596030254323
39.259314322879,48.5406130943777
39.1932474787719,48.5543085603528
39.2305322256105,48.5524673005226
39.3157878103421,48.5669100616962
39.3344616074782,48.5699329651977
39.3094341375352,48.5650485682415
39.3059937473778,48.5282436052619
39.3027986649452,48.6013274569839
39.2128579054028,48.564741017149
39.2971079311964,48.5165229410388
39.3717422996436,48.5705197403084
39.2575262120253,48.5416504048608
39.3276254285679,48.5592226332916
39.386864203111,48.5689172372474
39.3649304487721,48.5304180454424
39.3038427432782,48.5569402804471
39.3159337785751,48.4925852143378
39.2888870814095,48.5653736551419
39.3799449034013,48.5730287097474
39.2646786554403,48.5252773559091
39.3498774747481,48.5652131350542
39.3957784020044,48.5708124534096
39.3216792504113,48.5356652987314
39.2709775901599,48.5258182681376
39.2938155366085,48.6461193060108
39.2501304882219,48.527283182552
39.3421898144788,48.5929493875294
39.2322351883283,48.5579114944235
39.2875429572643,48.6092914115901
39.3765126225902,48.5571196852511
39.222808073283,48.5815875329141
39.3617110383007,48.4745948243338
39.3403611568937,48.54942146558
39.2881146661767,48.6254513330303
39.3188511158977,48.5588827083999
39.3440529367856,48.5335164878087
39.2638028460426,48.6090297233798
39.2924410024148,48.5741928176107
39.3468770166261,48.5668844324385
39.3023161588418,48.5798164163156
39.3628787841644,48.6350299308722
39.3772201630527,48.5569807476961
39.3365416547979,48.5737908429372
39.3026222866637,48.4988549401186
39.2804493066098,48.571743200137
39.3520649709059,48.5429318677463
39.2138553549947,48.560342227181
39.1905207110868,48.5590688577453
39.3275463624417,48.5636308656177
39.396532571208,48.5719347451156
39.2448371124406,48.5584321730275
39.4047736943606,48.6640813689405
39.3198972215673,48.5899049014951
39.2917071065768,48.5255525332024
39.2937101151069,48.5414817913232
39.3166980844616,48.5621565088452
39.3034636313398,48.5214316183443
39.3176995887266,48.4877143064647
39.289284439377,48.6425986553464
39.4055055628619,48.6591457134689
39.3101943887486,48.563547233303
39.2983851532348,48.5388972830194
39.346256651636,48.5723110905315
39.2932073356378,48.5785106730807
39.2986203242767,48.5599362057826
39.4298660390738,48.5153858113414
39.1584543285766,48.5664851555816
39.3312827437382,48.5318937511231
39.2245130633374,48.6395973343778
39.2912246004734,48.553124218865
39.3760443078428,48.5516053481186
39.3595580068645,48.5797624599835
39.3017647232951,48.6012478713941
39.277823905753,48.5627459817725
39.3108654371529,48.5596704708474
39.3190599315643,48.565028334617
39.4053555399558,48.5590702066536
39.3443164905396,48.5582608616733
39.3685512718842,48.5719940970809
39.3579706023311,48.5059232196133
39.337279605309,48.5919714290115
39.2704383186326,48.5254257358222
39.3081508334871,48.5643700673663
39.3299872756707,48.5517334944071
39.3539118745202,48.5534803306563
39.3223827362007,48.5694581494759
39.4319744691054,48.5133934737816
39.2779212179083,48.4851217047111
39.3746900470148,48.5559771599205
39.3335716067245,48.5302750611625
39.3335188959737,48.5303128305949
39.3421330490549,48.5703956407448
39.354509938808,48.5112662453917
39.268950253591,48.5642554101608
39.2548318817252,48.5578845162575
39.2945737604852,48.5475437852257
39.4046784095418,48.5727697193537
39.3717118895951,48.5655139416052
39.3619279633136,48.6270808142573
39.4186102664433,48.5808887984145
39.3538023983455,48.5446840996286
39.3169069001282,48.5586641852552
39.2715999824865,48.5238947249011
39.1948754300368,48.5265237471788
39.3755901844513,48.573440126779
39.2873868523485,48.5665647411713
39.3985599077769,48.592238512855
39.2577999024621,48.5542370682129
39.3264718740602,48.5341841974174
39.2180215316438,48.5605067939937
39.3228145588899,48.563232937669
39.3672152570852,48.4831037378935
39.352525176307,48.557837304467
39.2126207070243,48.5578791206243
39.3680748477905,48.6131492893296
39.2874050983776,48.5663084485942
39.2932458550326,48.5791837783226
39.4022597970151,48.6453274968384
39.2123591806069,48.560768482204
39.3022553387448,48.5668722922638
39.2624425032048,48.5429278210214
39.238317198035,48.562083667797
39.237508290744,48.5655382219546
39.3395887416609,48.6071614853836
39.3404625237221,48.542531241981
39.2977120774939,48.5700408778617
39.3109972140298,48.5377426175142
39.2793079161215,48.5081381270428
39.3270658836749,48.560108866045
39.4092095067733,48.5800835001591
39.2917598173276,48.5536327572942
39.3372877146552,48.6102221583175
39.4119788485264,48.5792633639123
39.2180316683267,48.5601817070932
39.2232419233087,48.5635593734777
39.3867303988974,48.5839858918724
39.3223442168059,48.4775421889705
39.2739922396378,48.4953680121618
39.3726464917533,48.5707881730602
39.3505201404404,48.5702283761155
39.3434467631515,48.5591754215011
39.3008787772145,48.5806446460121
39.2449161785668,48.5553566621023
39.4128141111928,48.5780911625992
39.382965634889,48.5272413663947
39.3294601681627,48.5519587620933
39.4118065249181,48.5800713599844
39.2875733673128,48.5657715830906
39.3477082246194,48.6356045658083
39.314607900459,48.5715840289575
39.3027865009258,48.5669532267618
39.3796671582914,48.5480644638297
39.3395299489004,48.5582217433326
39.3019269102206,48.5883617503993
39.2928647157577,48.5670220210852
39.3824263633617,48.615682539118
39.3765004585708,48.6076619303631
39.4120254772675,48.5794292796333
39.2967369286042,48.5704226189108
39.2877274448921,48.5659118695538
39.3125440718319,48.522718476863
39.3223827362007,48.5695134547162
39.2704829200371,48.4970082846552
39.2386922553003,48.5614294472712
39.3508039675601,48.5735939023253
39.365133182429,48.5758384857373
39.2750849740485,48.5224783711855
39.3050044071322,48.5710781883448
39.2218004870082,48.5216784685633
39.3945457813705,48.5679069049303
39.2944865850128,48.5228398786101
39.3534009857048,48.5712292660745
39.2499804653159,48.5273600703251
39.3590207626738,48.5739432695751
39.2770454085106,48.6172432260217
39.2189865438506,48.5870357735399
39.3882894207189,48.5686663403035
39.3354468930507,48.5570576354693
39.3210183386899,48.5566394738961
39.4028213692447,48.5785457446965
39.3445232788696,48.5720210752469
39.3110397880978,48.5723758381299
39.2697186141506,48.526160890846
39.3047996461387,48.5669842516527
39.3299406469296,48.554121062099
39.3046820606177,48.5670597905176
39.3986126185277,48.6004587600383
39.3808977515887,48.5885546442863
39.2815420410204,48.5447744764848
39.2708518952926,48.5256334677004
39.3298534714571,48.5563656455111
39.4116625840217,48.5793321582357
39.3873142718293,48.5614874503282
39.358629486716,48.5202931397387
39.3499159941429,48.5822565914312
39.2771852947338,48.5318681218654
39.3855971177554,48.566437943791
39.245173650311,48.5661263459736
39.4227642790729,48.5142149589366
39.405947522234,48.5700341333202
39.1965682560718,48.5526993127503
39.3166615924033,48.5621092970547
39.2904359665481,48.5160966860158
39.3537780703066,48.5502402529184
39.3575631076807,48.5595652559999
39.3237856531064,48.5542127878635
39.3071128371638,48.5487294756219
39.2711864058265,48.5229963519729
39.2989994362151,48.5701218123598
39.3500700717221,48.5287575393244
39.340679448735,48.5702958215305
39.3095699690853,48.5907385268248
39.3649588314841,48.5236964353809
39.275087001385,48.5224109257705
39.3185956714901,48.5735089211023
39.2933310031685,48.4998544811693
39.2884451220375,48.5664500839657
39.3677565559491,48.5603543673557
39.2123449892509,48.5608116472696
39.2559651628672,48.53777768913
39.2610740510208,48.548285684791
39.1720354562516,48.557110242893
39.3162885624746,48.5732404883505
39.4202706550932,48.5153493908173
39.3003658610626,48.5808132595496
39.2548075536864,48.5578035817594
39.2547406515796,48.5575985476978
39.2932073356378,48.5181510733575
39.2716567479105,48.5237544384378
39.264581343285,48.5513126350174
39.3231227140484,48.5632369843939
39.3493544219133,48.5503670502987
39.2740327863692,48.500319854533
39.2508238373285,48.5278969358287
39.250925204157,48.5682319918307
39.305071309239,48.5662990062361
39.2149399800591,48.5633287101584
39.3390433881239,48.567892066939
39.3705279250388,48.5710080451132
39.2952306175336,48.5315888978472
39.2965220309279,48.5682616678133
39.2881937323029,48.5663070996859
39.2279372348023,48.5210768554613
39.3362253902931,48.5748416425033
39.3314611493562,48.5750399320234
39.3783230341462,48.5555981166881
39.2768001007857,48.5296882860518
39.3972786310654,48.4850461658462
39.3945822734287,48.566191093572
39.3339709920285,48.5432529079218
39.2803073930499,48.5145333012955
39.4026186355878,48.558246023682
39.3302062280201,48.5481656319523
39.1913235363681,48.557738834161
39.3045969124818,48.566972111478
39.3401503138905,48.5696186695637
39.4107543372388,48.5796194757037
39.3020688237804,48.5372259856351
39.3479940790756,48.5298825288471
39.2838309040067,48.5921629739902
39.2845668271812,48.5249684559083
39.2622701795965,48.5417974358655
39.3021843819649,48.5853374979896
39.2718554268942,48.5261217725052
39.2769420143456,48.531242228414
39.372459976789,48.5622549791511
39.4042384775064,48.6491705365866
39.3417275817411,48.540820826256
39.4040620992249,48.5562334524976
39.3419262607249,48.5408653402299
39.2913259673019,48.5408262218892
39.3138983326599,48.5761177097555
39.299112967063,48.5125841288013
39.3727539405915,48.6053863220601
39.3231632607798,48.5674712075492
39.3300724238066,48.5509201027019
39.23800701554,48.5784081560498
39.2937851265599,48.5186312847125
39.3794705066442,48.5865407241936
39.3404260316639,48.5425366376142
39.3215718015732,48.5578076284843
39.3451781085814,48.5350340096467
39.3951904743994,48.5665606944464
39.2271709015792,48.5265911925938
39.3927678071996,48.6733146462575
39.3181577667912,48.5689145394308
39.2772846342257,48.4891954077786
39.2880680374357,48.5664190590748
39.3010085267549,48.5738326590945
39.324229639815,48.5693650748032
39.3113479432563,48.5653952376747
39.3978097932464,48.4966171012481
39.2158664728711,48.5605877284917
39.3246938998893,48.5906616390517
39.2708802780046,48.5257292401898
39.3347292159053,48.5430586651265
39.3643506305134,48.4798825448719
39.3381250046582,48.5672284040551
39.3516473395727,48.5410609319334
39.2451331035796,48.5662153739215
39.2741645632462,48.5253286144245
39.3195018909363,48.5906252185276
39.4119889852093,48.5789126477542
39.3330526085628,48.6053809264269
39.2612808393509,48.4628997893684
39.2970065643679,48.5707072385622
39.3584855458196,48.5234307004457
39.2930715040877,48.5798825128223
39.3155161472419,48.5647747398565
39.3310394633499,48.532036735403
39.2992528532862,48.5392614882606
39.3418694953009,48.5409597638109
39.3006375241628,48.517376799993
39.3029851799096,48.5651996459712
39.2567112227246,48.5569456760803
39.3040981876859,48.5681240791667
39.3644459153321,48.4990829056214
39.2981763375682,48.5699963638878
39.1994126092779,48.5635364420366
39.3699785168287,48.5147046126497
39.3579422196191,48.5122158768352
39.3592072776381,48.5654667298147
39.3545829229245,48.46447801208
39.3395299489004,48.5655935271949
39.2165071112269,48.5546188092619
39.2895844851892,48.4750197304485
39.1867741931075,48.584827610652
39.3739825065522,48.5574097005357
39.3218394100003,48.5355088253685
39.364780425866,48.5724850997022
39.3885975758774,48.5590297394046
39.3551343584712,48.5265399340784
39.2640420717577,48.5461449673181
39.2913807053892,48.5533805114421
39.3605351830907,48.5081624073922
39.18312701462,48.5288344270976
39.3875352515153,48.5693907040609
39.330526547198,48.5519533664601
39.3038853173462,48.5568148319752
39.2482045184815,48.5277539515489
39.3163189725232,48.5583944035951
39.1952302139363,48.5856936097809
39.3874906501107,48.5608952795842
39.287238856779,48.566330031127
39.3182084502054,48.5583633787042
39.2849418844464,48.5849544080322
39.3028351570035,48.5679028582054
39.317725944102,48.5692126481652
39.2954029411419,48.5296329808115
39.3086394216002,48.5683277643201
39.2600218633416,48.5407169603168
39.2722548121983,48.5267652017646
39.312576509217,48.5772710263525
39.2232054312505,48.5661587197728
39.3059673920024,48.5304059052677
39.3766768368523,48.5912848346865
39.3642026349439,48.5504371935303
39.2766176404945,48.5443927354357
39.2911455343472,48.5740309486146
39.2967551746334,48.5715880756824
39.3975158294439,48.5600562586213
39.2546575307803,48.5584591511935
39.2998772729495,48.591430516783
39.2906346455319,48.5160413807755
39.3699379700973,48.4831118313433
39.2935053541134,48.5192490847141
39.4020651727045,48.6408464234641
39.3001043346452,48.583759275278
39.2578830232614,48.5538081153733
39.3918778064458,48.5655301285048
39.2776860468664,48.5354373332286
39.2941034184012,48.5262782458681
39.3381209499851,48.5673052918283
39.2957050142907,48.6480441981556
39.2995650631178,48.5739702477411
39.3113641619488,48.5763591643413
39.2992406892668,48.5668534075476
39.2996238558783,48.5348424646681
39.3667388329916,48.5198803737987
39.3066566864358,48.5726672023228
39.4059029208294,48.5706546311385
39.4027889318596,48.5583997992283
39.3009294606287,48.5679676058038
39.3290932202438,48.548846830644
39.2775258872774,48.4895043077794
39.2834315187026,48.5484408092456
39.3013531739716,48.5719374429322
39.3994924825986,48.5763483730749
39.3465262873997,48.5740956962131
39.3082481456424,48.5640584695489
39.2125740782832,48.5595760472663
39.3004246538231,48.5821756569332
39.3152505661514,48.5696024826641
39.3716936435659,48.5701177656348
39.2996319652246,48.5666146507784
39.2382867879865,48.5614334939961
39.3808977515887,48.5018441209126
39.3650338429371,48.4907358610578
39.254325047583,48.557819768659
39.2953948317956,48.529527765964
39.2217680496231,48.6398333933304
39.395516875587,48.5713965307037
39.3410342326346,48.5740929983965
39.3147437320091,48.5707652416191
39.2719020556353,48.5260394890989
39.3088502646034,48.5683061817873
39.3228348322556,48.5550248306604
39.344563825601,48.5719441874737
39.3931205637626,48.5706020237147
39.2989852448591,48.512582779893
39.4102495304331,48.5788357599811
39.2910522768651,48.5387623921894
39.3027540635407,48.5352039720926
39.3099044796192,48.571590773499
39.2678149451124,48.5617343005471
39.3401928879585,48.5541048751994
39.2744159529807,48.5292512397624
39.2643786096281,48.5601722647351
39.3397570105962,48.549614359467
39.2689421442447,48.5767463010236
39.2062751435637,48.5635445354864
39.3572123784543,48.5370330917481
39.4213350067919,48.5699140804815
39.3045624477602,48.5639451612517
39.3705583350874,48.5609559804577
39.2952306175336,48.5305300048313
39.2259017888871,48.5214262227111
39.2164584551492,48.5546161114453
39.2797924495614,48.5254243869139
39.3216224849874,48.53572195288
39.3232849009739,48.5713614590879
39.3228003675339,48.5550963228003
39.2944825303396,48.5478027756194
39.3557101220568,48.5235952672584
39.358027367755,48.5055010113153
39.2878855771445,48.5659712215191
39.1907133080608,48.5591403498853
39.3291418763214,48.549394487414
39.3458126649274,48.5318546327824
39.2922261047385,48.5492892725666
39.3023465688904,48.4979376824743
39.3019005548452,48.5677382913927
39.380346316042,48.565535524138
39.2592291747431,48.5403014965603
39.2207442446558,48.5964187796783
39.3092962786485,48.5687256922687
39.2784280520506,48.4500838116052
39.3703738474596,48.5493027616496
39.3705563077508,48.5607050835139
39.3455572205198,48.5437263747353
39.277203540763,48.4791460409398
39.305071309239,48.5662261651879
39.3515500274174,48.5632140529528
39.3201972673795,48.562411452514
39.3977956018904,48.5873203931913
39.2940223249385,48.5185584436642
39.2601110661506,48.5424422140332
39.3656765086295,48.4912848667361
39.2634277887773,48.4932799021126
39.3003861344283,48.5823658530035
39.3180057165485,48.5691465516585
39.3894612212557,48.5914494014992
39.3062126997272,48.5639181830857
39.2992994820273,48.5387448563815
39.3065978936753,48.5683291132284
39.3989755117735,48.6422479391883
39.3158324117466,48.5666052084203
39.299629937888,48.5365447869433
39.2710586836226,48.5262647567851
39.349741643198,48.5657311158416
39.1899550841841,48.5614159581882
39.3407058041104,48.5419350245122
39.3209980653242,48.5765318246038
39.189865881375,48.5589218267406
39.3287485730271,48.5500972686386
39.2383982914978,48.5615400577519
39.2716993219784,48.5259747415005
39.248865430203,48.525348848049
39.371740272307,48.5722409472999
39.3742784976913,48.5226442869065
39.361601562126,48.5101911654761
39.2489870703971,48.5281667174888
39.3726505464265,48.635823088953
39.2716060644962,48.5241226904039
39.3043049760159,48.564933911036
39.3445699076107,48.572578174375
39.4120883247011,48.5801995062729
39.2665863791517,48.58634513249
39.4101745189801,48.5789598595447
39.2606280369757,48.5256644925914
39.3073074614745,48.5731055975205
39.331349645845,48.5746487486163
39.3391832743472,48.5383415327996
39.2725406666545,48.484317755364
39.3040475042717,48.5508823332695
39.3131380814466,48.5645710547031
39.3000739245966,48.5609856564404
39.311076280156,48.5685813590806
39.3876366183437,48.5577914415847
39.2478193245334,48.5613404193234
39.3295412616255,48.5483207564068
39.391058762472,48.6229315723249
39.322875378987,48.563138514088
39.3450787690895,48.5944480246512
39.3061194422451,48.5716204494816
39.372107220226,48.5707895219685
39.215848226842,48.561109756004
39.293699978424,48.554533828039
39.2755776168347,48.5657621407325
39.3271044030697,48.5599564394071
39.3290445641661,48.5716905927132
39.3971671275541,48.5722099224089
39.2147737384605,48.5605297254348
39.3659501990663,48.5280169886675
39.380407136139,48.5695916913976
39.3507938308772,48.5381445921877
39.375432052199,48.58504343598
39.3433555330059,48.561028821506
39.4062049939782,48.6457092378874
39.2818420868326,48.5052595567295
39.3866168680496,48.5672742669374
39.2641454659227,48.5440609039938
39.2724697098746,48.5349746576815
39.3528231947827,48.5114928619861
39.3450301130119,48.5323955450109
39.3875676889004,48.5694473582095
39.2191102113813,48.562370985265
39.3346096030477,48.5699424075558
39.3885732478385,48.5037110100005
39.3664833885839,48.5063575680861
39.2952691369284,48.5294117598502
39.2503433585617,48.5574353297934
39.2239575731175,48.5218416864677
39.3040495316082,48.5506948350157
39.4038918029531,48.6471471741358
39.4030910050084,48.5577186005365
39.3000577059041,48.5835056805175
39.4108293486919,48.5799594005954
39.3297480499555,48.5518036376387
39.3650987177073,48.5758897442528
39.3699683801458,48.483016058854
39.3274591869693,48.5504344957137
39.2954556518927,48.5378289476454
39.3591930862821,48.5505774799936
39.295200207485,48.5366796777734
39.3832697353743,48.5652697892028
39.4030991143547,48.5773168892347
39.3924819527434,48.5701177656348
39.2147190003731,48.5607995070949
39.2793484628528,48.6161667971978
39.3708502715533,48.5531633372057
39.3458998403999,48.5324306166267
39.3160635281155,48.572111452103
39.3464492486101,48.5742589141174
39.2871861460282,48.5660737385499
39.3761618933638,48.5583350516298
39.3163635739277,48.5619865463993
39.389953864042,48.5835569390329
39.3974225719618,48.593212424648
39.2141918928652,48.5612298088428
39.2885606802219,48.566303052961
39.3707975608025,48.5846549503895
39.3394610194571,48.5581866717168
39.3134766466536,48.5687216455438
39.3335675520513,48.5433378891447
39.3024479357188,48.5669640180282
39.2923071982012,48.5486647280234
39.3336222901387,48.5433608205858
39.3080879860535,48.564534634179
39.3156844161771,48.5658700533965
39.3790873400327,48.5742899390083
39.3745035320504,48.5251546052538
39.2472962716986,48.5266667314586
39.3443935293292,48.5511467192964
39.3537517149312,48.5499192127429
39.3038569346342,48.4960667466614
39.4159625648843,48.5480037629562
39.3020647691073,48.5675764223967
39.3360023832706,48.5966480940894
39.2873098135589,48.5725484983924
39.2589412929504,48.5399737118432
39.4101643822973,48.5798595813812
39.278205045028,48.5287926109403
39.3054179837922,48.568372278294
39.39517831038,48.5739459673917
39.3386075107616,48.5606052642996
39.3512540362784,48.5678043878995
39.4204652794038,48.5113525755229
39.3143625927342,48.5723866293963
39.2593244595619,48.5402434935033
39.3597850685603,48.5124532846961
39.4036890692962,48.571397879612
39.2487032432775,48.5319854768876
39.2569220657277,48.5390375694827
39.3750225302121,48.5093089794476
39.3040312855791,48.5012951152342
39.2711357224123,48.538271389568
39.4175560514274,48.5140207161413
39.3518926472976,48.5733281673901
39.33145304001,48.5749455084424
39.3233639671001,48.5500163341406
39.328099825325,48.5507353022647
39.348302234234,48.5706182106143
39.4096839035304,48.5772899110687
39.2618261928879,48.5476395577151
39.2995204617133,48.5667131210843
39.411995067219,48.5786509595439
39.2872773761738,48.5658565643135
39.3517710071034,48.5320785515603
39.2170017813497,48.586484070045
39.2565875551939,48.5391373886969
39.1911775681351,48.5575472891823
39.405904948166,48.5929628766124
39.3234187051874,48.5702607499147
39.3777553799069,48.5782813586696
39.3053571636952,48.4993095222159
39.3968893824441,48.5721761997014
39.3093591260822,48.5640638651821
39.291875375512,48.6005275543617
39.2573295603781,48.5417583175248
39.3414437546215,48.5406980756006
39.3964839151304,48.5427821389249
39.3975077200977,48.5726766446809
39.3242722138829,48.5622887018587
39.2706592983186,48.5625841127765
39.3382223168135,48.5674631140994
39.2937121424435,48.5608858372261
39.2937506618383,48.5612729739084
39.3496017569747,48.5606794542561
39.2934120966313,48.5759828189255
39.215438704855,48.5666456756693
39.3065918116656,48.5724338411868
39.3216468130262,48.5356990214389
39.2876240507271,48.5226766607057
39.3545606222222,48.5450159310706
39.3943065556554,48.5709594844144
39.2579093786368,48.5535342869883
39.2727352909651,48.5254459694467
39.3394062813697,48.6096839439056
39.2896838246811,48.599375586673
39.3447057391608,48.564808462564
39.2345686527191,48.5295709310297
39.3681782419555,48.4874283379049
39.3210244206996,48.5623075865749
39.3509418264467,48.5381607790873
39.3189707287553,48.6345497195173
39.2658362646212,48.6080841386612
39.1888826231391,48.5865096993027
39.173134272672,48.5804814281077
39.156199930312,48.5627594708555
39.3705603624239,48.4927902483995
39.2135695005385,48.5623494027322
39.3129657578382,48.5645535188952
39.2540493298096,48.5583053756472
39.2900730733023,48.576057008882
39.4039830330987,48.5577010647286
39.2217761589694,48.5225957262077
39.3861465259656,48.6139491919518
39.3050652272293,48.5663893830922
39.291447607496,48.5534412123156
39.3131968742071,48.5686393621375
39.2591825460021,48.5643039708596
39.3163960113128,48.5580369428954
39.3698386306054,48.5249495711921
39.2712431712504,48.492904905605
39.3187112296745,48.572277367824
39.2914901815639,48.5525981446278
39.3464634399661,48.5553836402683
39.4116889393971,48.5800754067092
39.2747322174855,48.4914184086579
39.2914030060915,48.4850798885537
39.3832798720572,48.5653884931332
39.2795694425389,48.5081731986586
39.3088259365646,48.5705156935835
39.3482779061952,48.5576659931128
39.1915789807757,48.5596434926813
39.350728956107,48.5913981429838
39.2864502228537,48.5387030402241
39.2995346530693,48.6010158591665
39.3101376233246,48.563591747277
39.2960273608051,48.5685139136655
39.3480184071144,48.5645629612533
39.2673060836336,48.5614604721621
39.1916783202676,48.5577374852527
39.3191045329688,48.5540023581686
39.3389217479298,48.5667900088575
39.2185648578443,48.5601331463944
39.342283071961,48.5360713201298
39.3517101870064,48.5274706808057
39.3224476109709,48.5700206442372
39.3956891991954,48.5798123695906
39.2765446563781,48.5392291144613
39.270158546186,48.5705561608325
39.3163351912157,48.5690224520948
39.3176772880243,48.5446247476634
39.3926927957465,48.5771024128149
39.3932563953127,48.4815862160554
39.2319533885453,48.5616938332981
39.3826939717888,48.5745705119349
39.3863756149979,48.5715084900927
39.2882586070731,48.5664069189001
39.2688792968111,48.524527362894
39.3824466367273,48.5203470960707
39.3741061740829,48.519365090828
39.2863529106984,48.5851000901287
39.3230274292296,48.5681820822236
39.3874278026771,48.5681065433588
39.377021484069,48.6125436295027
39.3130975347152,48.5653250944431
39.3222306859581,48.5673835285097
39.3285478667067,48.5459857961386
39.3306785974407,48.4792606981453
39.3832393253258,48.5665283206472
39.2610558049917,48.5403473594425
39.2138736010239,48.5604326040371
39.3340155934331,48.5433136087953
39.293008656654,48.566850709731
39.3505181131038,48.5678435062402
39.2218045416814,48.5217459139784
39.3397205185379,48.5106390030319
39.2546757768094,48.5582797463895
39.2925018225118,48.5257063087487
39.3451132338112,48.5387057380407
39.3080028379176,48.5816280001631
39.382716272491,48.5616857398483
39.3666496301825,48.5199060030565
39.2769460690187,48.5312934869294
39.3790995040521,48.5546322983449
39.3994113891358,48.6558233523247
39.3044509442489,48.5638264573212
39.2939128487638,48.5587828891856
39.3428081521323,48.6059083495724
39.3026222866637,48.5673403634441
39.2556144336408,48.5577320896195
39.2772826068891,48.5442160284483
39.3161993596656,48.5626677450911
39.2610841877037,48.5446867974452
39.3503417348224,48.5734751983948
39.3338047504299,48.5978931364508
39.2723034682759,48.5198844205237
39.2939574501683,48.5584996184425
39.3172454653352,48.57120903245
39.2574491732357,48.5416881742932
39.3334722672326,48.5433028175289
39.418456188864,48.5811666735244
39.271334401396,48.5258519908451
39.346962164762,48.4646075072768
39.2163834436962,48.5628727791528
39.2921592026317,48.5499704712583
39.2805587827845,48.4776487527262
39.316489268795,48.5666955852764
39.37091717366,48.5538930965962
39.3022573660813,48.5370897458967
39.3139936174787,48.664770661082
39.3356780094195,48.5419107441628
39.435978458829,48.4998517833527
39.3488840798293,48.5393734476495
39.2510508990242,48.5682023158481
39.3024175256703,48.5653210477182
39.317358996183,48.5624370817717
39.2882018416492,48.566410965625
39.293521572806,48.5194635611339
39.3099267803215,48.5627729599385
39.3153235502679,48.5687445769849
39.3342386004556,48.5894138988737
39.3957155545707,48.5674739053658
39.3954155087586,48.5715341193504
39.230134867643,48.5538863520547
39.3055578700155,48.572057495771
39.4108840867792,48.5798164163156
39.3422526619125,48.5593197546892
39.4118511263226,48.5800470796349
39.2549514945828,48.5583957525034
39.3892990343302,48.5086264318475
39.3930617710021,48.5836500137056
39.402344945151,48.5781653525557
39.3065330189051,48.5727589280873
39.2707951298687,48.5257778008886
39.27159795515,48.5244410327628
39.2632777658712,48.5470082686304
39.2266417667348,48.5590041101469
39.3054869132356,48.4993122200325
39.2789470502122,48.5246986742482
39.3788278409519,48.5699761302633
39.4181115416473,48.5302197559222
39.2941966758834,48.506141742758
39.2985169301117,48.5128620039112
39.2658950573817,48.5292377506794
39.3256690487789,48.5385641026692
39.2964105274166,48.6025387766377
39.2635818663566,48.5361279742785
39.1719807181642,48.5458320205924
39.2945737604852,48.5493850450559
39.3369146847266,48.5701204634514
39.4056008476807,48.5717040817963
39.2406668811184,48.5777417953494
39.3876791924117,48.569315165196
39.29896699883,48.5683439512197
39.411642310656,48.5746770756906
39.4110766837533,48.5798433944816
39.3114391734019,48.5686083372466
39.3248824421902,48.5393087000511
39.3688087436284,48.519733342794
39.1868613685799,48.5575918031563
39.3355928612837,48.5569227446392
39.3711726180677,48.5032537300866
39.3764680211857,48.5007609475472
39.3262245389988,48.596444408936
39.3327667541066,48.5691856699992
39.37167945221,48.5597230782711
39.4108232666821,48.5789733486277
39.328217410846,48.5557842660336
39.3137280363881,48.5991341320872
39.2938662200227,48.5501026642718
39.337251222597,48.6120472312481
39.3052557968667,48.5728722363845
39.370254234602,48.6032617914868
39.2338469209006,48.5265777035108
39.2879362605587,48.5743654778732
39.376682918862,48.5658039568898
39.3148004974331,48.5706950983875
39.2707262004253,48.5849975730978
39.2993136733833,48.4989790396823
39.1844812754481,48.5857421704797
39.4173553451071,48.5143768279326
39.3092030211664,48.5648003691142
39.400901481514,48.6410514575258
39.2940061062459,48.5049250274709
39.3005422393441,48.5764751704552
39.3396130696998,48.5702364695653
39.3165541435652,48.5581907184417
39.354627524329,48.5614618210704
39.3269766808659,48.5600805389707
39.2782151817108,48.5250655773059
39.3586801701302,48.5232620869081
39.4058867021369,48.5469354275822
39.2947116193719,48.5467735585861
39.3580962971984,48.5369400170754
39.3034656586764,48.5681051944505
39.3251601873001,48.5400020389175
39.3163250545329,48.5688605830988
39.3980165815764,48.5869413499589
39.4091344953203,48.5892560766026
39.382937252177,48.5665472053634
39.3579584383117,48.5579924289215
39.3545281848371,48.511034233164
39.4047919403897,48.5733470521063
39.3810457471582,48.5676276809121
39.3414680826603,48.5407587764741
39.3450949877821,48.5330673013446
39.3165318428629,48.5620674808974
39.1913133996852,48.5575567315404
39.273704357845,48.5239041672592
39.2935256274791,48.5201366663758
39.3480265164607,48.5577051114535
39.3455774938855,48.5591282097106
39.2399532586461,48.5185570947559
39.3020667964439,48.5481993546598
39.3858140427683,48.5624815957456
39.3443692012904,48.6349098780335
39.3163311365426,48.5689320752387
39.3332147954883,48.5442241218982
39.2903771737876,48.5727886040699
39.3705137336828,48.4987753545289
39.2694915524549,48.5591133717192
39.2535749330525,48.5647976712976
39.1915181606787,48.5546525319694
39.2994353135774,48.5394651734139
39.3512662002978,48.5736289739411
39.3416221602395,48.5163867013004
39.2943710268283,48.5499246083761
39.4110300550122,48.5798973508136
39.3008787772145,48.5706856560294
39.3567379816972,48.5720831250287
39.4294240797017,48.5192450379892
39.2625681980721,48.4866014571167
39.3397002451722,48.5962204901581
39.200193133857,48.5687229944521
39.3150376958116,48.571370901446
39.3314469580003,48.5750803992724
39.2783064118564,48.5422398777881
39.3793569757964,48.5546781612271
39.378418318965,48.5558948765142
39.3173427774905,48.5712103813583
39.315741181601,48.566482457765
39.2991433771115,48.5384683301799
39.2986446523156,48.5707517525361
39.1902389113037,48.5571399188756
39.2387186106756,48.5612972542578
39.2636710691656,48.5390915258147
39.3956081057326,48.5740633224139
39.2936553770195,48.5553674533687
39.3035812168608,48.5681416149746
39.2380536442811,48.5624222437804
39.3833589381833,48.5800619176262
39.3873892832823,48.5615306153938
39.3834116489341,48.5187135681188
39.4096676848379,48.5802885342207
39.2801512881341,48.5267800397559
39.2505096001603,48.5567662712763
39.3024803731039,48.5668763389887
39.3221941938998,48.5738407525443
39.3789738091848,48.5237072266473
39.2778644524844,48.535282208774
39.3023506235635,48.5719064180413
39.292284897499,48.5490640048804
39.3504836483822,48.5734468713205
39.2877598822772,48.5657526983744
39.3526103244429,48.5269796781844
39.2591703819826,48.5405146240717
39.3859539289915,48.5886598591337
39.319301184616,48.5313892594187
39.2247826991011,48.5715165835425
39.371947060637,48.5704630861598
39.3061356609376,48.5639154852691
39.2875389025912,48.5658309350558
39.2346112267871,48.5810398761441
39.3070966184713,48.5676034005627
39.3223381347962,48.5700786472941
39.3199600690009,48.5907520159078
39.3150397231482,48.5714262066863
39.3025148378256,48.5500217297738
39.2989872721957,48.569920825023
39.3708117521585,48.5640719586319
39.2797437934838,48.6154195019994
39.4112631987176,48.5799863787614
39.3670814528717,48.5636888686746
39.3348589654457,48.5994929416952
39.3717483816533,48.4871801387777
39.2385543964136,48.5609924009819
39.3451172884843,48.5723097416232
39.3024884824502,48.5056871606607
39.1566986551079,48.570522438125
39.3404503597027,48.5780655333415
39.3153823430284,48.5695728066814
39.418573774385,48.5765736407611
39.2477949964946,48.5262701524183
39.3699359427607,48.5013949344485
39.3402111339876,48.5371288642374
39.3132110655631,48.5653264433514
39.318492277325,48.5774855027723
39.3039785748283,48.5668264293816
39.3142389252035,48.5748564804946
39.298788593212,48.5836216866313
39.3284160898298,48.5502618354513
39.160333669576,48.5607941114617
39.3037292124304,48.5659604302527
39.310662703496,48.5303182262281
39.2991535137944,48.5837484840116
39.1778153928095,48.5868671600023
39.3888408562656,48.5586736276133
39.3003678883991,48.582444089685
39.353259072145,48.5482978249657
39.4120923793743,48.5796505005946
39.3188754439366,48.5377021502652
39.3034575493301,48.5358730306097
39.3718902952131,48.5511696507375
39.4084938569645,48.5901261224564
39.2947055373622,48.5555873254217
39.3710530052102,48.4818667889819
39.1976934278675,48.5567028725862
39.2658484286406,48.5624397795883
39.3758192734836,48.4785403811129
39.2284359595982,48.5961881163589
39.3155100652322,48.5573543952954
39.2772157047824,48.5323307974125
39.2690901398142,48.5247148611478
39.3685958732887,48.4856369876819
39.3275848818365,48.5751734739452
39.4239462162926,48.6035936229287
39.2661626658088,48.5207868401767
39.3410889707219,48.594514121158
39.3048827669381,48.5672176127887
39.3157878103421,48.5627311437812
39.4039992517912,48.6639235466693
39.3545727862416,48.525213957219
39.3203837823438,48.5691344114838
39.3229422810938,48.5702661455479
39.3309766159163,48.5320799004686
39.4107320365365,48.5798757682808
39.3590227900103,48.5064533405754
39.253031606852,48.5591983529422
39.335868579057,48.5438990349977
39.321873874722,48.5590027612386
39.35405378808,48.546750627145
39.3157209082354,48.5673619459769
39.3071837939438,48.5676020516544
39.3975320481365,48.5649514468439
39.4185859384044,48.5811167639173
39.2780205574002,48.5355614327922
39.3224678843366,48.4787049479255
39.2204583901996,48.5654572874566
39.3900734768995,48.4922021243805
39.293742552492,48.5475734612083
39.2718128528263,48.5238596532853
39.2955184993263,48.5323726135698
39.2871719546722,48.5698412394332
39.2191081840447,48.5605809839502
39.4120254772675,48.5798744193725
39.2991656778138,48.5684060010015
39.2596407240666,48.5405078795302
39.333352654375,48.5432475122886
39.3543436972093,48.5454705131678
39.3163351912157,48.5989007709512
39.155287628856,48.5665620433547
39.2685468136138,48.5285956703284
39.379669185628,48.5743169171744
39.2258531328095,48.5220777454203
39.2748335843139,48.527144244997
39.3191207516614,48.5732499307086
39.2936837597315,48.5552433538051
39.3091138183573,48.5063845462521
39.3219833508967,48.6264765033387
39.294052734987,48.5757750870472
39.2705376581244,48.5425002170901
39.2818420868326,48.6246244522421
39.3566467515516,48.5652670913862
39.191337727724,48.5595733494497
39.3167548498855,48.5585886463903
39.3528150854364,48.5592131909335
39.2983810985616,48.5678232726157
39.3450564683872,48.5387043891324
39.3550106909405,48.551737541132
39.2382969246693,48.5623264712911
39.2555840235923,48.5375348856359
39.3113925446608,48.5726887848556
39.3142409525401,48.5645049581964
39.2936715957121,48.5182994532705
39.2192642889606,48.5899561600105
39.2945311864173,48.5227697353785
39.2620633912665,48.543204347223
39.291447607496,48.4849018326581
39.2686197977303,48.6347291243212
39.3115668956057,48.5661681621309
39.3716997255756,48.5654572874566
39.2215592339565,48.5579020520654
39.2859636620771,48.5798326032152
39.2822901282143,48.547176882168
39.2949893644819,48.5131938353531
39.3161831409731,48.561904262993
39.2992690719788,48.5967330753123
39.3722410244395,48.5564587201838
39.2887025937817,48.5656852529594
39.2181087071163,48.5499259572844
39.3327829727992,48.5306352196788
39.3714422538314,48.480740450551
39.389365936437,48.5690966420514
39.2926782007933,48.5681470106078
39.3254784791414,48.5994511255379
39.3092172125223,48.5651483874557
39.294330480097,48.5492784813002
39.4100731521517,48.5799634473203
39.302042468405,48.5662949595112
39.3493280665379,48.562330518016
39.3053105349541,48.5642756437853
39.185172597218,48.572151919352
39.2218227877105,48.5939866980125
39.303364291848,48.5680620293849
39.1783283089615,48.5849179875081
39.4139169822863,48.5758425324622
39.3670976715643,48.5722895079987
39.287224665423,48.6112473286259
39.251884134354,48.599335119424
39.3893497177444,48.5734711516699
39.3449713202514,48.5333141515636
39.2199779114328,48.5832682726566
39.2678534645072,48.5807107425188
39.3051990314428,48.5572680651641
39.3069425408921,48.5867390137138
39.2989852448591,48.5681780354987
39.2932782924177,48.5182940576373
39.3657515200825,48.6006867255411
39.1710684167082,48.5577631145104
39.3280227865354,48.5508769376363
39.3457721181961,48.5608332298024
39.4017570175461,48.6611596335615
39.3592376876867,48.5707584970776
39.3223644901716,48.559192957309
39.2812744325933,48.5834247460194
39.3067398072352,48.5575580804488
39.2960780442193,48.5822269154486
39.2875733673128,48.6136443386759
39.3865155012211,48.5687729040592
39.3295939723763,48.5521988677708
39.3241485463522,48.5625004804618
39.3718254204429,48.5732323949007
39.3083008563932,48.5703713603953
39.3948437998461,48.5712548953322
39.4048689791793,48.6320286099036
39.3190781775934,48.5732593730667
39.323816063155,48.590842392764
39.3110276240784,48.5905307949465
39.2785922663126,48.5639181830857
39.3304880278032,48.5319881747042
39.3072283953483,48.5201204794762
39.2712756086355,48.4870762728385
39.2639609782949,48.5461463162264
39.2770981192614,48.532665326671
39.2383536900932,48.5623143311164
39.3055416513229,48.5408653402299
39.1977177559064,48.5569456760803
39.305042926527,48.5713762970792
39.303100738094,48.4994525064957
39.3910770085011,48.6101371770945
39.3044367528929,48.5558840852478
39.3100139557939,48.5592981721564
39.3003557243797,48.5479889249649
39.3095172583345,48.5640287935663
39.339090016865,48.473190610793
39.2914151701109,48.5431085747336
39.3945680820728,48.5251127890964
39.291358404687,48.5537190874255
39.3059390092904,48.5573827223697
39.2955326906823,48.5325911367145
39.2915266736222,48.4489952426067
39.2941541018155,48.5543908437591
39.2456216916927,48.560943840283
39.2258470507998,48.5219941131057
39.3535124892161,48.5057721418837
39.2741098251588,48.5653790507751
39.1882683401587,48.5481521428693
39.2990136275711,48.5387394607483
39.2995528990984,48.5667320058006
39.2675513913585,48.5795466346555
39.3968549177225,48.5917502080502
39.3179732791634,48.5920240364352
39.2685934423549,48.5287265144335
39.2124747387913,48.56017631146
39.4001432576372,48.4949930156542
39.4203598579022,48.5692328817897
39.3049760244202,48.5681362193414
39.3328174375208,48.5308618362732
39.4025274054422,48.5841437141436
39.2933107298028,48.5781693992806
39.3134381272588,48.5602801773992
39.3383784217293,48.5680296555856
39.2768751122388,48.5390092424084
39.2711438317585,48.5197886480343
39.3843644971215,48.5754513490551
39.3052416055108,48.57230434599
39.261167308503,48.5417043611928
39.2791842485908,48.4872313972931
39.2577836837695,48.5542829310951
39.3594728587286,48.5534196297828
39.4110483010413,48.5768272355216
39.403139661086,48.5650485682415
39.3470250121956,48.5365852541923
39.2670202291774,48.5437020943858
39.400976492967,48.5772737241691
39.3296081637323,48.5500905240971
39.3018255433922,48.585290286199
39.3796185022137,48.6143727491582
39.3564967286455,48.5521462603471
39.3273436287848,48.5593723621129
39.3229422810938,48.5444237603266
39.4200476480706,48.5122293659182
39.3680707931173,48.5634042490232
39.2566605393104,48.5287615860493
39.2779110812255,48.526021953291
39.2932519370423,48.5632841961844
39.2155420990201,48.5610908712878
39.2617978101759,48.523966217041
39.3419080146958,48.5409246921951
39.4179817921069,48.5126799012906
39.1580894079942,48.5663017040527
39.2476186182131,48.5699437564641
39.1957248840591,48.5865070014861
39.257503911323,48.5588705682251
39.2671094319864,48.4844809732683
39.3056653188536,48.5692935826632
39.3156114320606,48.5551462324074
39.266979682446,48.480341173694
39.3737980189244,48.4772589182274
39.2191102113813,48.5604865603692
39.2683177245815,48.5430208956941
39.2261552059582,48.5640476782825
39.4036910966328,48.5831778958004
39.2594521817657,48.5250237611486
39.370813779495,48.5619460791503
39.3424939149642,48.5572532271728
39.3326288952199,48.5308672319064
39.2936188849613,48.5561781472573
39.2878328663937,48.5785133708973
39.3642127716267,48.5675332573311
39.321285947117,48.5578993542488
39.3875656615638,48.5683776739272
39.2769825610769,48.5326275572386
39.3155526393001,48.5648340918217
39.3801739924336,48.5699909682546
39.3182794069853,48.5691573429249
39.3253872489958,48.5768636560457
39.342311454673,48.5430478738601
39.2939817782071,48.5482802891578
39.4053352665901,48.5637077533908
39.3124954157542,48.5719887014477
39.1945226734738,48.5721276390026
39.2791376198497,48.5358662860682
39.3435217746046,48.5614051669218
39.274188891285,48.566769775233
39.275557343469,48.5658511686803
39.2555860509288,48.5576821800124
39.3146910212584,48.4826491557962
39.2184006435822,48.5602505014166
39.3220401163206,48.475039964073
39.3032406243172,48.597898532084
39.3298291434183,48.5528369013969
39.2944825303396,48.5492515031342
39.382758846559,48.6064060967353
39.3145734357374,48.571837623718
39.3562149288624,48.5135202711618
39.3449287461834,48.5574501677847
39.422458151251,48.5476490000732
39.3256893221446,48.5528571350214
39.2964835115331,48.4995172540942
39.2123449892509,48.5867727364213
39.3286532882083,48.5727562302707
39.4105759316207,48.579715248193
39.3722795438343,48.5045163082559
39.367620724399,48.4910002470847
39.3545504855394,48.5699923171629
39.2739598022527,48.5648610699877
39.2521294420789,48.5581124817603
39.3952127751017,48.5713762970792
39.2720946526093,48.4782638549112
39.3823513519086,48.5753946949065
39.2992143338914,48.5662612368037
39.2991291857555,48.5668142892069
39.4116362286463,48.5681564529659
39.1938354063769,48.5546754634105
39.3225489777994,48.5698587752412
39.2208253381186,48.5543247472524
39.2384124828537,48.561657412774
39.3112932051689,48.5725269158596
39.3026040406346,48.5104380156951
39.2182445386664,48.5601924983597
39.2870726151803,48.5660386669341
39.2752593249934,48.589841502805
39.2377657624883,48.5175953231377
39.2921815033339,48.4855412151925
39.3154107257403,48.5428387930735
39.2368392696763,48.4904067274325
39.294109500411,48.5550652979094
39.2980790254128,48.5163327449684
39.2777772770119,48.5220669541539
39.1957106927031,48.5835218674171
39.1573392934637,48.5655004525222
39.3694696553499,48.5732323949007
39.2636122764051,48.5470905520367
39.3770458121078,48.5245152227193
39.2827685796446,48.4801617688901
39.2718209621725,48.5259491122428
39.350493785065,48.5538108131899
39.2305362802836,48.5524349267234
39.2600461913804,48.5240093821066
39.2542743641688,48.5576417127634
39.2947116193719,48.5243223288323
39.2162415301363,48.5605054450854
39.3396313157289,48.598019933831
39.370475214288,48.4999583471084
39.393236121947,48.5843851687294
39.3002685489073,48.5670948621334
39.3491902076512,48.5577186005365
39.3961514319331,48.5716325896563
39.3529306436208,48.557285600972
39.2771001465979,48.5399723629349
39.2701626008592,48.5431004812838
39.2920740544958,48.5501862965864
39.3024459083822,48.5652549512115
39.2701321908107,48.5423815131596
39.2305281709373,48.5525037210467
39.4185271456439,48.5816725141371
39.2544973711913,48.557752323244
39.2715594357552,48.4786145710694
39.2245211726837,48.5829688150139
39.3518885926244,48.5732593730667
39.4042648328818,48.6344148286872
39.3581976640268,48.5370600699141
39.4006602284623,48.5736829302731
39.3985740991329,48.5644469551395
39.2886316370018,48.5858082669864
39.2472496429576,48.5266168218515
39.3588383023826,48.5234806100528
39.3718761038571,48.5611758525107
39.310178170056,48.5627877979298
39.2795025404321,48.508183989925
39.2885951449436,48.5234671209698
39.3051970041062,48.5988980731346
39.3028675943886,48.5648259983719
39.3679045515187,48.5044421182994
39.3655305403965,48.4971472222102
39.3864506264509,48.568839000566
39.3529914637179,48.5713735992626
39.3186017534998,48.5907075019339
39.3876528370363,48.5757642957808
39.2763216493555,48.5889579678681
39.3919649819183,48.5704630861598
39.3765551966581,48.5028719890376
39.3010146087646,48.5284472904153
39.1725443177304,48.5587343284868
39.4216066698921,48.514019367233
39.2994677509625,48.5357138594302
39.2453257005537,48.6083606648628
39.3387433423117,48.567712662135
39.157229817289,48.5743236617159
39.3395806323147,48.5379786764668
39.3132982410355,48.5652643935696
39.2874638911381,48.5659698726108
39.3653805174904,48.5732269992675
39.4013799329442,48.6361292911372
39.2992589352959,48.5380070035411
39.3957013632148,48.5436359978791
39.2200346768567,48.5585940420235
39.3653460527687,48.4933365562612
39.3093530440725,48.5690184053699
39.3306238593533,48.5468234681932
39.3043698507861,48.5681820822236
39.2705883415387,48.5526750324009
39.4013920969637,48.643247480239
39.3613988284691,48.5481791210353
39.2799485544772,48.5727656726288
39.269171233277,48.5248349139865
39.363778921601,48.5203605851537
39.3358929070958,48.5274261668318
39.3698649859808,48.5148084785888
39.3067742719568,48.564040933741
39.2699031017784,48.5221559821017
39.2544061410457,48.5577671612353
39.4181561430518,48.5682090603896
39.253205957797,48.4487713238288
39.2348099057708,48.5298582484977
39.2739942669744,48.5276608768761
39.2742416020358,48.5653102564518
39.2942108672394,48.5427713476585
39.2775400786334,48.4895420772119
39.302658778722,48.5104353178785
39.302085042473,48.5674644630077
39.3395279215639,48.5581826249919
39.3030358633238,48.5648408363632
39.305263906213,48.5693704704364
39.1648931495194,48.5580355939871
39.2700125779531,48.5251411161708
39.2185608031711,48.5694325202182
39.2885505435391,48.5645683568865
39.3041265703979,48.5638601800288
39.2763439500577,48.58449577921
39.4318345828822,48.5145467903785
39.1857220054282,48.5549411983457
39.3040353402523,48.6002510281601
39.3286634248912,48.549874698769
39.3604581443011,48.5079020680902
39.2400039420603,48.5270309366998
39.2655341914724,48.5342826677234
39.3709232556698,48.4818033902918
39.313061042657,48.5605054450854
39.3409835492203,48.5668965726132
39.3740554906687,48.5773546586671
39.2999583664122,48.5725471494841
39.3289188692989,48.5517834040142
39.2931384061945,48.5805421289812
39.3255859279796,48.5694419625763
39.3149991764168,48.563013065616
39.2992629899691,48.5393181424092
39.2131052404643,48.5599820686648
39.2961043995947,48.5679096027469
39.2877862376526,48.5658241905143
39.353494243187,48.5499313529176
39.3059856380315,48.5177140270681
39.2744666363949,48.5292283083213
39.4078714646378,48.5603246913731
39.1913742197823,48.5575891053397
39.3034879593787,48.5357057659804
39.3001489360497,48.5836162909981
39.2738746541168,48.5281694153054
39.2942169492491,48.5058422851153
39.2702964050727,48.5538094642816
39.3262671130667,48.4790151968346
39.2840620203755,48.5851473019192
39.2117388156168,48.5872354119684
39.356644724215,48.5571682459499
39.3312766617285,48.5747081005815
39.3690520240167,48.4937560667427
39.276173653786,48.5682522254552
39.4003338272747,48.5809926643536
39.2654307973074,48.5657473027412
39.3024783457673,48.5788290154396
39.3032771163755,48.5678489018734
39.3007733557129,48.5737517245964
39.3259528758986,48.5612446468341
39.3162662617724,48.5687729040592
39.2574836379573,48.4874283379049
39.3345589196335,48.6091551718518
39.3527177732811,48.5480536725633
39.156289133121,48.5474453149198
39.1605850593105,48.6090567015458
39.3370545709498,48.5958360512925
39.2928829617868,48.526156844121
39.2740185950132,48.5654397516487
39.2874720004844,48.5659132184621
39.302306022159,48.5496912472401
39.3094321101986,48.5655152905135
39.2982270209824,48.5696456477297
39.2874679458113,48.5657931656234
39.2782922205004,48.5276972974002
39.179976533592,48.6318262736585
39.2784138606946,48.5550491110098
39.192381806057,48.5605418656095
39.2887897692542,48.5754715826796
39.4180243661749,48.5679689547121
39.4114111942871,48.5792903420784
39.3880137029455,48.5596300035983
39.3975442121559,48.572632130707
39.2571024986824,48.5581003415856
39.388557029146,48.5768906342117
39.3887800361686,48.5109924170067
39.3766910282083,48.5911094766075
39.2951981801485,48.5556804000944
39.3106850041982,48.5730624324549
39.305249714857,48.5645993817774
39.3236903682877,48.5543166538026
39.3069891696331,48.5354791493859
39.3724153753845,48.57100264948
39.4136635652152,48.5770106870505
39.4058421007324,48.5913455355601
39.4027706858305,48.6579236025486
39.3114756654601,48.5763645599745
39.2884349853546,48.5647882289395
39.2623938471272,48.5473616826051
39.4120356139503,48.5801077805085
39.3306502147287,48.5508567040118
39.3535388445915,48.5947528779272
39.314547080362,48.5720089350722
39.2702964050727,48.5431315061747
39.3266482523417,48.5344634214356
39.3163088358403,48.5293402677103
39.3519108933267,48.5684046520932
39.365546759089,48.5821378875007
39.3596492370101,48.5133610999824
39.303571080178,48.5584699424599
39.3333850917601,48.5440609039938
39.1726375752126,48.5586709297967
39.1805908165723,48.5903473434177
39.3868723124572,48.5764792171801
39.3716835068831,48.5562482904889
39.2453216458805,48.5286145550446
39.4204835254329,48.5158660226964
39.3072689420796,48.4996548427408
39.3111472369359,48.5628053337377
39.2950501845789,48.5165350812135
39.1704135869965,48.5590472752125
39.3882691473532,48.6302615400299
39.2659558774787,48.5455271673165
39.364103295452,48.494947152772
39.2702254482928,48.5646911075419
39.315783755669,48.56620862938
39.3213224391752,48.5440973245179
39.2936432130001,48.5674226468504
39.2859920447891,48.5388230930629
39.3526245157989,48.5592536581825
39.3991782454304,48.5778685927296
39.3420377642362,48.5703673136704
39.4111557498794,48.579549332472
39.3285519213799,48.5625598324271
39.3008362031465,48.5806311569291
39.1750541604027,48.5566178913633
39.3026506693757,48.6013355504337
39.3069729509406,48.5738340080028
39.2693841036167,48.524886172502
39.2495972987043,48.5273276965259
39.3669821133798,48.6040441583011
39.2732076603857,48.6291878090227
39.3418694953009,48.5408464555137
39.2936087482784,48.5758452302788
39.3235119626696,48.668523323974
39.272848821813,48.5272642978358
39.3297338585995,48.5518589428791
39.3431994280901,48.5342422004743
39.2750342906342,48.5667441459753
39.2766075038117,48.5300808183672
39.2732684804827,48.4810925156174
39.2538141587676,48.5329998559296
39.3767903677001,48.5028450108715
39.3159520246042,48.5666915385515
39.2408108220148,48.5780102281012
39.3031716948739,48.5648017180225
39.3088421552571,48.5955892010735
39.2784807628014,48.5178597091646
39.3445415248987,48.5905065145971
39.3818749278149,48.6106254818993
39.3044631082683,48.5637050555742
39.2731650863177,48.5405699293121
39.3167122758175,48.573386170447
39.3439333239281,48.5632882429093
39.2871030252289,48.5662126761049
39.3175394291377,48.5557208673434
39.3936659172996,48.5649096306866
39.2916016850752,48.5521273756309
39.3092273492052,48.5691694830996
39.2230270256324,48.4787089946504
39.3162196330313,48.5625395988026
39.2944663116471,48.5479686913404
39.2646867647866,48.5252287952103
39.3387109049266,48.5667981023073
39.35059717923,48.5640894944398
39.3756631685678,48.5027816121814
39.2158867462368,48.5601183084031
39.3043495774204,48.5697184887779
39.3596918110781,48.5130616423396
39.3905539556663,48.6201744037587
39.3445678802741,48.5333208961051
39.3615184413267,48.501428657156
39.3106079654086,48.5685489852813
39.4057022145091,48.5636038874517
39.229899696601,48.5928387770487
39.3963764662922,48.5718726953338
39.2996319652246,48.5667171678092
39.2875368752546,48.6111056932543
39.1866079515088,48.5910555202754
39.2716405292179,48.5258735733779
39.4009967663327,48.5737746560375
39.3848125385032,48.6355816343672
39.4113970029311,48.579975587495
39.2741929459581,48.5632423800271
39.3205824613276,48.5692841403051
39.2521922895125,48.5612864629914
39.3012072057386,48.5842624180741
39.3066769598015,48.5762067377034
39.3147437320091,48.5707220765535
39.2948433962489,48.5270026096255
39.2769744517307,48.4934620047332
39.3251358592613,48.5396580673009
39.3888631569679,48.5591551878766
39.3816640848118,48.5226429379982
39.3578469348004,48.5121808052194
39.3067864359762,48.6041844447644
39.3493544219133,48.5085009833756
39.1974825848644,48.5611798992356
39.2311728639662,48.5521799830546
39.2705923962118,48.5192409912643
39.3155830493487,48.5676667992528
39.2733313279164,48.6002024674612
39.3236477942197,48.5954381233438
39.2660004788832,48.5615697337345
39.4064300283374,48.5218727113586
39.3930962357237,48.5607711800206
39.37624095949,48.5974965574104
39.2989629441569,48.5682953905209
39.3717990650675,48.5687729040592
39.3669658946873,48.559655632856
39.4224155771831,48.6435024239078
39.2950805946275,48.5131830440867
39.3074088283029,48.5682899948876
39.3038508526245,48.591538429447
39.2912732565511,48.5202283921403
39.355864199636,48.5967398198538
39.1817301797241,48.5927551447341
39.2732806445021,48.5648961416036
39.2761412164009,48.5159631440941
39.3041103517053,48.5509066136189
39.3390433881239,48.5619541726001
39.3559513751085,48.5967667980198
39.1613959939381,48.5489533943998
39.4104887561483,48.5797165971013
39.3330242258509,48.5683533935778
39.3499808689131,48.5815578569315
39.4109692349151,48.5798514879314
39.3548951327561,48.5697522114854
39.3720017987244,48.6119757391081
39.3371660744611,48.5951143853517
39.4010961058246,48.5771145529896
39.3572144057909,48.5578750738994
39.3880745230426,48.5685678699976
39.3301393259133,48.5513409620917
39.323876883252,48.5702809835392
39.3864364350949,48.5501674118702
39.3472662652473,48.5426283633786
39.2135512545094,48.5606012175747
39.4193745723297,48.5756523363919
39.4066976367644,48.5596826110221
39.3294338127874,48.5484462048788
39.3786413259875,48.5069402964719
39.2876706794681,48.5660332713009
39.193397501678,48.5641650333047
39.3646831137107,48.5099443152572
39.3603020393853,48.5226550781729
39.3891672574532,48.5963850569708
39.2876058046979,48.5658255394226
39.4077984805214,48.5942173613319
39.3884475529713,48.5597041935549
39.2589189922481,48.5601129127699
39.292595079994,48.5477636572787
39.2770920372517,48.5400182258171
39.2704423733057,48.5999353836177
39.302334404871,48.5679608612623
39.2609625475095,48.5592415180078
39.2938053999256,48.5811410442667
39.2258815155214,48.5219212720574
39.3025472752107,48.565194250338
39.4104319907243,48.5797327840009
39.2794194196328,48.582386086628
39.2165152205731,48.5605297254348
39.3462039408852,48.6578237833344
39.2278419499835,48.5731366224114
39.3343987600446,48.5430181978775
39.3707144400032,48.5612473446507
39.4104907834848,48.5789989778854
39.3463012530405,48.5315578729563
39.4101866829995,48.5798191141322
39.2793626542088,48.5824939992921
39.2439065649555,48.5266019838602
39.2708275672538,48.5255930004514
39.2602590617201,48.5634109935647
39.3321078697217,48.5313042781958
39.215627247156,48.5610193791479
39.2996745392926,48.5704468992602
39.3015518529554,48.5726847381307
39.317152207853,48.5562658262969
39.2617592907811,48.5385789406605
39.2728772045249,48.5298407126898
39.3114756654601,48.5762242735113
39.2958854472453,48.5764131206734
39.3060038840607,48.5331428402094
39.3254176590444,48.5597284739043
39.2044647320076,48.5871666176451
39.1808503156532,48.5796788276689
39.215627247156,48.5609640739075
39.1691201462655,48.5599699284901
39.3579422196191,48.5121767584945
39.3252068160412,48.5526278206104
39.3778040359846,48.4958441767919
39.3953769893637,48.5715030944595
39.3765896613798,48.508866537525
39.2771731307144,48.5303168773198
39.300335451014,48.5831738490755
39.2124281100502,48.5603058066569
39.3203614816416,48.5692760468553
39.3047003066469,48.5670328123516
39.2931992262915,48.5535639629709
39.3146180371419,48.5715462595251
39.1821133463356,48.5928414748653
39.2707221457522,48.5618003970539
39.3749211633836,48.5777647267905
39.3018295980653,48.5675049302567
39.3193478133571,48.5557869638502
39.3196235311305,48.5765385691453
39.3997418449966,48.6352794789078
39.3331823581032,48.5304396279752
39.3141639137504,48.5593116612394
39.2636122764051,48.4825291029575
39.3442840531545,48.5729450774327
39.293154624887,48.5650539638747
39.2936898417412,48.5810884368429
39.2050830696611,48.5643943477158
39.2882646890828,48.5663003551444
39.3268185486135,48.5496170572836
39.2648367876927,48.4685786933135
39.3161953049925,48.5721208944611
39.3161243482126,48.5627702621219
39.2646482453918,48.5309710978456
39.3703028906797,48.5713762970792
39.4245990186678,48.5165795951874
39.3937226827235,48.5622482346096
39.1735863687268,48.5605958219415
39.3020140856931,48.5778955708956
39.2932235543303,48.566069691825
39.386981788632,48.5102100501924
39.3388122717551,48.5667886599492
39.3278443809173,48.5508958223525
39.3293466373149,48.566742797067
39.2305241162642,48.5525428393874
39.2388280868504,48.5601156105865
39.384630078212,48.5671137468496
39.421781020837,48.5152037087209
39.2396917322287,48.52030797773
39.3135009746924,48.5763119525508
39.315534393271,48.5647464127822
39.3485698426611,48.5661303926985
39.3420114088608,48.5351823895598
39.2557117457961,48.5578899118907
39.1778052561267,48.5931840975737
39.3553533108207,48.5117289209387
39.3235038533233,48.5660669940084
39.218335768812,48.5604433953036
39.2786226763612,48.5288222869229
39.2607212944579,48.5591767704094
39.3714503631777,48.4929804444699
39.2638433927739,48.5554268053339
39.3543882986139,48.5579384725895
39.1861882928391,48.5913414888352
39.3164223666882,48.5684626551501
39.2870969432192,48.5690305455446
39.302672970078,48.5651375961893
39.2429881814897,48.5289490843031
39.3430412958378,48.5645535188952
39.3193640320497,48.5789450215534
39.314946465666,48.5701029276435
39.3408578543531,48.5894219923235
39.2866671478665,48.5661209503404
39.3575732443636,48.5605836817668
39.3603121760682,48.5497505992054
39.4051629429818,48.5638804136533
39.3606000578609,48.5552379581719
39.2911252609815,48.5255781624601
39.3691716368742,48.6139033290696
39.3981240304146,48.4819962841788
39.25742889987,48.5418406009311
39.1933934470049,48.5641191704225
39.3180908646844,48.5652144839625
39.3512033528641,48.5385236354202
39.3074007189566,48.5732148590928
39.3881576438419,48.5724459813615
39.3024215803434,48.5668331739231
39.2733597106283,48.5827624320439
39.3804132181487,48.559740614079
39.3208135776964,48.5691654363747
39.2516003072344,48.5323577755785
39.3749373820762,48.5099780379647
39.3580354771013,48.5369170856343
39.2485207829862,48.5275232882295
39.3181212747329,48.4808861326474
39.2611166250888,48.5403986179579
39.2883153724971,48.5643943477158
39.4003905926986,48.6462879195484
39.2158664728711,48.5606241490158
39.273850326078,48.5278079078809
39.3963643022728,48.5660440625673
39.30124775247,48.5719522809235
39.2564192862587,48.5584240795777
39.2994778876454,48.5401450231974
39.3232970649933,48.563452809722
39.4199260078765,48.5800497774515
39.3253406202548,48.5634568564469
39.2927795676218,48.5104501558698
39.3722734618246,48.5767530455651
39.3934834570084,48.5610207280562
39.2150372922144,48.5608548123352
39.3874906501107,48.5680053752362
39.3883482134794,48.5596974490134
39.304779372773,48.5347399476372
39.3667550516841,48.614654670993
39.3415593128059,48.5964376643945
39.2574471458991,48.5576902734622
39.3301352712402,48.5514016629652
39.4013779056077,48.5745192534194
39.2667120740189,48.5448095481006
39.3450868784358,48.5721991311425
39.3769484999525,48.5571250808843
39.3928630920183,48.5697495136688
39.3109749133276,48.5723623490469
39.1934421030826,48.5595922341659
39.3788704150198,48.5577995350345
39.3312746343919,48.5697886320095
39.1811929355333,48.5595625581833
39.2948859703168,48.5116344973577
39.3243533073457,48.4820596828689
39.3158932318437,48.5666025106037
39.3717990650675,48.5688889101731
39.213614101943,48.6287102954843
39.3523812354107,48.5597635455201
39.2158583635248,48.5609721673573
39.2592089013775,48.5400897179571
39.2546899681654,48.5577631145104
39.2712492532601,48.5242117183517
39.30152549758,48.6049910919281
39.1877675880262,48.477643357093
39.3229909371714,48.5673916219595
39.2717783881046,48.5260799563479
39.411995067219,48.5785970032119
39.3683830029489,48.490467428306
39.3714746912165,48.5878896324941
39.2933127571394,48.5628633367947
39.2124909574839,48.5601034704118
39.2707626924836,48.5257400314562
39.4121187347497,48.5794994228649
39.2428077485351,48.5246973253399
39.3078710610406,48.56004142063
39.3065451829245,48.5639114385442
39.3718213657698,48.5611326874451
39.1856490213117,48.5714572315773
39.330893495117,48.5478513363182
39.1744662327977,48.5566340782629
39.3281707821049,48.5506678568497
39.3520122601551,48.5665040402978
39.3266827170634,48.5508782865446
39.4014914364555,48.6353941361134
39.3370505162767,48.5728641429347
39.3228206408996,48.5620243158318
39.2496114900603,48.603855311139
39.2900669912926,48.5868320883865
39.3974205446252,48.5676614036196
39.2492262961122,48.5322876323469
39.3052983709347,48.4993176156657
39.2366892467702,48.562932131118
39.2733069998775,48.6292984195034
39.2716608025836,48.4788357920307
39.3591951136187,48.5217863812274
39.2136019379236,48.5604690245613
39.2191081840447,48.5601560778355
39.3339000352486,48.54332574897
39.2630284034732,48.5430600140348
39.3850010808042,48.50694973883
39.4091446320031,48.5202661615727
39.2564010402295,48.5605823328585
39.3103869857226,48.5624883402871
39.2619985164963,48.5240592917137
39.1906058592227,48.5590998826362
39.3011930143827,48.5719414896571
39.3110965535217,48.5725714298335
39.3946674215646,48.5817561464517
39.3021357258872,48.5851796757184
39.3766890008717,48.5006894554073
39.258312818614,48.5380353306154
39.2388889069474,48.5619406835171
39.2738077520101,48.5279481943441
39.2833443432301,48.4792350688876
39.2620248718716,48.5379948633664
39.3967434142112,48.4944224274431
39.3935260310763,48.5707638927108
39.3087630891309,48.5657675363657
39.3932563953127,48.6725053012772
39.3824121720057,48.4940204527696
39.34762510382,48.4501485592036
39.3754969269692,48.5595989787074
39.3856396918234,48.5622172097187
39.2712512805967,48.5232688314496
39.3879123361171,48.5685139136655
39.4102191203846,48.5789274857455
39.4118693723517,48.5795695660966
39.270201120254,48.52551476377
39.3388224084379,48.5646479424763
39.3028534030326,48.5669599713033
39.156684463752,48.5985284722603
39.3598864353887,48.5657999101649
39.3657576020922,48.4769446225933
39.3906654591776,48.5695768534063
39.3514324418964,48.509238836216
39.276027685553,48.5353712367219
39.3409997679129,48.6211658513596
39.2979492758724,48.5831387774597
39.3418755773107,48.5990734312137
39.2741726725925,48.56545458964
39.2755613981422,48.5592563559991
39.3181942588494,48.5691532962
39.3036319002751,48.5670638372425
39.2955103899801,48.5322350249232
39.2713992761662,48.5692558132308
39.2921652846414,48.5498045555374
39.3539808039635,48.5464619607687
39.3179489511246,48.5425217996229
39.3668929105708,48.5198574423576
39.3697392911135,48.5046296165531
39.3064032693647,48.5722220625836
39.3843421964193,48.6179230758051
39.2493114442481,48.560068398796
39.3470270395322,48.5059825715785
39.3685958732887,48.5062563999635
39.3053247263101,48.595649901947
39.2804959353508,48.5717863652026
39.2942574959805,48.5186083532714
39.315797947025,48.5668426162812
39.2863225006498,48.4954975073586
39.3677464192663,48.4900924317985
39.395841249438,48.5708394315756
39.3088847293251,48.5650917333071
39.2304349134552,48.5494943066283
39.3186078355095,48.5735534350763
39.4064584110493,48.6361225465957
39.3869858433051,48.5678556464149
39.3947525697005,48.5673794817848
39.3159560792773,48.5646681761008
39.2539013342401,48.5588732660418
39.3030095079484,48.5009012340105
39.2947379747473,48.5460707773616
39.3923582852127,48.5704698307013
39.4215113850734,48.5165741995542
39.3044671629414,48.5637819433473
39.2818643875348,48.5517766594727
39.4203558032291,48.5689374708719
39.3161730042902,48.5622698171425
39.3960358737486,48.5233146943319
39.3976131415992,48.5724230499204
39.4075714188256,48.6361427802202
39.3105370086287,48.5632005638698
39.2601475582089,48.4507312875894
39.4109144968277,48.5799418647875
39.302527001845,48.5524389734483
39.2947785214787,48.5645966839608
39.3239012112908,48.5540967817496
39.3025107831524,48.5656636704265
39.2885444615293,48.564521145096
39.3192890205966,48.469366455761
39.3995107286277,48.6555441283065
39.3001692094154,48.5830524473285
39.371665260854,48.6106861827729
39.3017160672174,48.60121145087
39.3056065260932,48.5079519776973
39.3957196092439,48.5806500416453
39.3370951176812,48.5791311708989
39.2994576142797,48.5959790355723
39.3438319570996,48.5326167659722
39.2461629905566,48.5262741991432
39.3073155708207,48.5730705259047
39.3192991572795,48.6007649622226
39.3158405210929,48.5646196154019
39.3082846377007,48.5641178215142
39.3653460527687,48.5109371117663
39.295317793006,48.5377115926233
39.2750707826925,48.4950469719863
39.3329451597247,48.574014761715
39.3295453162986,48.5495657987682
39.3188470612246,48.5731555071276
39.3760584991988,48.4766411182257
39.37941982323,48.5759302115018
39.3994093617993,48.573085363896
39.3864100797195,48.5612932075329
39.302733790175,48.56798649052
39.2937486345017,48.5480887441791
39.2973410749018,48.6022379700867
39.4003317999381,48.645985764089
39.3023607602464,48.5785956543036
39.3892929523205,48.5690696638853
39.3104052317517,48.5725471494841
39.2532323131724,48.5602639904996
39.2907360123603,48.5160656611249
39.2680156514327,48.4857759252368
39.3066161397045,48.5681335215248
39.3061113328988,48.5721586638935
39.2692563814129,48.5238286283944
39.1701763886179,48.5449107162231
39.1999255254299,48.5688686765486
39.3179266504223,48.5696375542799
39.3978097932464,48.5871962936277
39.3035345881197,48.5659064739206
39.3118284220231,48.5903311565181
39.3947545970371,48.5712373595243
39.4214728656785,48.6042599836292
39.3753448767265,48.6096043583158
39.3192890205966,48.5375699572517
39.372652573763,48.5764670770054
39.2934810260746,48.5809832219955
39.1569885642373,48.5651389450976
39.3681417498972,48.5640314913829
39.3714767185531,48.5520936529234
39.3666293568168,48.5709959049385
39.3285052926388,48.5493648114314
39.2190798013328,48.5608844883178
39.1920979789374,48.5554740171245
39.2936614590292,48.5552001887394
39.4293916423166,48.5189307423552
39.2881288575327,48.5663151931357
39.350493785065,48.5308726275397
39.3147660327114,48.6020814967239
39.309280059956,48.5651483874557
39.2996056098492,48.6024470508733
39.2960739895462,48.6052716648546
39.3956689258297,48.5665148315642
39.227839922647,48.5245934594007
39.4029977475262,48.5651187114731
39.2056628879198,48.5241213414956
39.3667753250498,48.4830578750113
39.3791015313887,48.5545594572967
39.3592620157255,48.5655921782866
39.3279112830241,48.5587774935524
39.2740591417446,48.5279711257852
39.1725139076819,48.5586237180062
39.3547146998015,48.5453504603291
39.3019025821818,48.5674900922654
39.3849949987944,48.5022083261537
39.3881738625345,48.5685934992553
39.3735567658727,48.5703673136704
39.2696577940535,48.530788995225
39.3006415788359,48.5731325756865
39.3737128707886,48.4834207313441
39.3165480615555,48.5614968926863
39.4053879773409,48.5638507376706
39.2954110504882,48.5296882860518
39.3038488252879,48.495880597316
39.2867644600219,48.5772845154355
39.3531800060188,48.5553323817529
39.3002807129267,48.582592469598
39.2689624176104,48.5767152761327
39.356466318597,48.5495077957113
39.3414538913043,48.5702445630151
39.3035345881197,48.5576997158203
39.2927998409874,48.5465739201576
39.3450970151186,48.5575945009729
39.3277409867523,48.4792647448702
39.3027094621362,48.5648300450968
39.3130955073786,48.5645710547031
39.3836265466104,48.5101466515022
39.3248297314394,48.6014636967222
39.261195691215,48.5402165153373
39.3453342134972,48.5323888004694
39.3066546590993,48.572358302322
39.3803422613688,48.5475302961427
39.2683744900054,48.561397073472
39.1765989908682,48.5576295725887
39.3011058389102,48.57251072896
39.2767717180738,48.4897255287407
39.3758030547911,48.5591376520686
39.4186487858381,48.5771469267888
39.3739480418305,48.5711173066855
39.369944052107,48.5555252756399
39.3585828579749,48.5205723637569
39.3790184105893,48.5030891632739
39.3311813769097,48.5317035550528
39.3774330333925,48.5786118412032
39.3646973050667,48.5232324109255
39.4002953078799,48.5917097408012
39.2878186750377,48.5656690660597
39.3064032693647,48.5631061402888
39.2258592148192,48.5219455524068
39.3052152501354,48.5648206027387
39.2774650671803,48.530295294787
39.3672882412017,48.4936805278778
39.3834258402901,48.5899831381765
39.3587977556512,48.5234967969524
39.329952810949,48.5514933887296
39.3182043955323,48.5278928891038
39.2385848064621,48.5610908712878
39.33940019936,48.5582406280488
39.2724190264604,48.6088462718509
39.2258470507998,48.5221182126693
39.3273740388334,48.5506219939675
39.3793833311717,48.5864651853288
39.3762004127586,48.5003886488563
39.2484396895235,48.5309050013389
39.3691310901429,48.4897970208807
39.2789450228756,48.4514853273294
39.388923977065,48.559013552505
39.3461208200859,48.5324710838758
39.3297865693503,48.5539227725789
39.3361949802446,48.5974709281527
39.2230310803056,48.5661317416068
39.3286553155449,48.5499799136165
39.3478298648135,48.5333087559304
39.366971976697,48.5879934984333
39.3823472972355,48.5548912887386
39.3807152912975,48.5621578577535
39.371430089812,48.5076147506222
39.230548444303,48.5494956555366
39.3070621537496,48.5683763250189
39.3532975915398,48.548299173874
39.2145811414864,48.5518521983376
39.3175637571765,48.5710350232792
39.2965747416787,48.570235120657
39.3084346606068,48.6642877519104
39.2885099968077,48.4925407003639
39.2929174265084,48.5461962258335
39.3530076824104,48.5553917337181
39.2743977069516,48.5651686210803
39.329967002305,48.5513396131834
39.373447289698,48.5738313101862
39.3085481914546,48.661633100375
39.3849990534676,48.6124316701137
39.3716145774398,48.5689698446711
39.3676369430916,48.5657999101649
39.2556347070065,48.5577779525017
39.3235119626696,48.5413981590086
39.3799124660162,48.5604784669194
39.4187116332717,48.5791797315977
39.2938256732913,48.547585601383
39.3070114703354,48.5682778547129
39.3504005275828,48.5703201018799
39.2593670336298,48.5818600123908
39.2294252998438,48.5250372502316
39.3031777768836,48.5775408080126
39.3346521771157,48.6092118260004
39.1915769534392,48.5576929712788
39.2762365012196,48.5278510729465
39.302851375696,48.5668952237049
39.2946832366599,48.522758944112
39.2991555411309,48.5685139136655
39.3025432205376,48.577524621113
39.401696197449,48.5181645624405
39.3882813113726,48.5878046512712
39.3207324842337,48.5765763385777
39.2923984283468,48.566837220648
39.3165460342189,48.5866553813992
39.3713733243881,48.4922790121536
39.4178479878934,48.5242980484829
39.2019325886331,48.5736343695743
39.2236331992665,48.5235885227169
39.2874922738501,48.61532372951
39.270643079626,48.5262458720689
39.3172008639307,48.528818240198
39.3963298375511,48.5661492774147
39.2535587143599,48.5530500289084
39.2886904297623,48.5753973927231
39.3580314224282,48.505526640573
39.2479288007081,48.5616223411582
39.2944014368769,48.5494052786804
39.3232849009739,48.5351405734025
39.3506782726928,48.5371544934952
39.3164527767367,48.5689131905225
39.3788298682884,48.5701649774254
39.310676894852,48.6032118818797
39.2967592293065,48.5709527398729
39.2879099051833,48.580756605401
39.1835263999241,48.5316158760132
39.2573234783684,48.5573989092693
39.3815647453199,48.574113232021
39.3048706029186,48.5672486376796
39.2851202900645,48.5393640052914
39.3484259017647,48.5414925825896
39.3663455296972,48.4792782339532
39.298981190186,48.5681470106078
39.365824504199,48.5236006628916
39.3823371605526,48.5660400158424
39.3798820559677,48.5598566201928
39.2929539185667,48.5535477760713
39.3883887602108,48.6164487190327
39.237757653142,48.561823328495
39.2347430036641,48.4828069780674
39.3929198574423,48.587332533366
39.3247689113423,48.5393316314922
39.197766411984,48.5668196848401
39.2018778505457,48.5736370673909
39.3390251420948,48.4731164208365
39.2937222791263,48.5540509188674
39.3572164331275,48.5370681633639
39.3949167839626,48.6299378020378
39.3157330722548,48.5667009809096
39.393678081319,48.5708070577764
39.4305127594392,48.5149433694189
39.2912692018779,48.5202688593893
39.3098842062535,48.5684140944513
39.3896558455663,48.5503710970236
39.3386865768878,48.5701784665084
39.2814954122793,48.4822377387646
39.3419668074563,48.5499300040093
39.2099831421482,48.5695795512229
39.333498622608,48.5303789271017
39.399415443809,48.6352066378596
39.3053713550512,48.5662180717381
39.3546538797044,48.5454367904603
39.2622742342696,48.5269432576602
39.3050692819024,48.56634352021
39.3962487440884,48.5658390285056
39.3468243058753,48.5668871302551
39.2727900290525,48.5273142074429
39.3828581860508,48.5655517110376
39.3402618174018,48.5645589145284
39.3181658761374,48.5690386389944
39.3539625579344,48.5447016354365
39.2710749023152,48.5289882026438
39.2777793043485,48.5221654244598
39.3146261464882,48.5687256922687
39.366957785341,48.6040711364671
39.2946589086211,48.5477339812961
39.2464265443106,48.5301968244811
39.2917537353179,48.5707180298286
39.2818785788908,48.4898766064704
39.3722856258441,48.5656892996843
39.2501487342511,48.5273020672682
39.2701828742249,48.5253812218482
39.4005527796241,48.5811774647908
39.3638255503421,48.5590054590552
39.3029203051394,48.567999979603
39.3055781433812,48.5571979219325
39.2305180342545,48.5661020656242
39.2660389982781,48.5287548415078
39.2773170716108,48.5584685935516
39.4140893058946,48.5761123141223
39.2730981842109,48.5404134559492
39.2809926328102,48.511388996047
39.4175357780618,48.5125638951768
39.2927430755635,48.5233794419303
39.2604435493479,48.4873851728393
39.1774342535346,48.5850812054125
39.2667911401451,48.5453329245212
39.2565875551939,48.6177760448004
39.3949451666746,48.6302183749643
39.2697226688237,48.5574744481341
39.3773782953051,48.519131729692
39.161203396964,48.5580747123278
39.332026776259,48.5514569682055
39.383379211549,48.5900411412335
39.3215272001687,48.5358757284263
39.2938905480615,48.559399340279
39.3309097138095,48.5321352057089
39.3357915402674,48.6135607063612
39.2606016816003,48.5596380970481
39.369502092735,48.5665579966298
39.2474341305853,48.5267571083148
39.337970927079,48.5354939873772
39.3023931976315,48.565180761255
39.2800418119594,48.5098175178769
39.2856899716403,48.5085333571748
39.2323710198784,48.5635296974951
39.2979046744679,48.5966629320807
39.3031818315568,48.5893113818429
39.2703977719012,48.5221775646345
39.3073257075036,48.5722342027584
39.2828070990394,48.5452007315077
39.2239981198489,48.5699990617044
39.3925083081188,48.5701123700016
39.2311525906005,48.5223124554646
39.3155283112613,48.5683210197786
39.3314611493562,48.5578804695326
39.3807517833557,48.5017807222224
39.3846990076554,48.5635108127789
39.2566078285596,48.558699256871
39.2706957903768,48.5253866174815
39.1700486664141,48.5605054450854
39.2955306633458,48.5326720712125
39.3880380309844,48.615543601563
39.3778628287451,48.556518072149
39.3877825865767,48.5683749761106
39.3493057658356,48.5291932367055
39.3889057310358,48.5591025804528
39.3533584116369,48.5537002027093
39.2122963331733,48.5611866437771
39.3127528874985,48.5627999381045
39.3428973549414,48.605911047389
39.2681454009731,48.5199167943229
39.3605392377639,48.5549533385204
39.3326390319028,48.5308132755744
39.2158137621203,48.5649500979356
39.1956194625575,48.5607725289289
39.3024499630554,48.576618154735
39.418851519495,48.5682252472892
39.2407560839274,48.5777809136901
39.3777797079458,48.6340627636208
39.411952493151,48.5793928591092
39.4010596137664,48.57381242547
39.3180949193575,48.5566543118874
39.3825500308924,48.6706087362066
39.2124240553771,48.5603543673557
39.3134259632394,48.5645777992446
39.3171765358918,48.5610058900649
39.3235829194495,48.5634447162722
39.3611251380323,48.5525158612214
39.3180766733284,48.5646034285023
39.3275362257589,48.6319382330475
39.3293121725932,48.5496845026986
39.3335533606953,48.5766208525516
39.358173335988,48.5113660646059
39.1823870367724,48.5616682040404
39.3164203393516,48.578413551683
39.3089070300273,48.565180761255
39.1836622314742,48.5867079888229
39.3156195414069,48.5673025940117
39.3000009404802,48.5610976158293
39.3066526317627,48.577003942509
39.235491090858,48.5598121062189
39.2525085540173,48.5601304485778
39.334189944378,48.5546741145022
39.2576296061903,48.565495056889
39.2890999517492,48.4741092173457
39.3149221376272,48.5687499726181
39.3606345225826,48.5584200328528
39.3584571631076,48.5111529370944
39.2991433771115,48.5386733642415
39.3049152043232,48.4993135689408
39.3477791813993,48.5427578585755
39.2677987264199,48.5493216463658
39.3847314450405,48.5754405577887
39.2390348751804,48.560122355128
39.1561715476,48.5716986861631
39.3266969084194,48.634203050084
39.291475990208,48.5670004385524
39.338398695095,48.5652778826526
39.2130809124254,48.6236491915408
39.3831562045265,48.5800632665345
39.3301271618939,48.5514664105636
39.3529407803037,48.5793780211179
39.3571880504155,48.5654397516487
39.3859032455773,48.6086358421561
39.4109590982323,48.5799094909883
39.3312057049486,48.5746123280922
39.2124362193965,48.5602788284909
39.3757057426358,48.55962865469
39.2987723745194,48.5698951957653
39.1817200430412,48.5541021773828
39.3009395973116,48.573825914553
39.3060647041577,48.5674212979421
39.3747305937461,48.5249333842925
39.3382628635449,48.5509592210426
39.2912225731368,48.5408302686141
39.3864121070561,48.5064034309683
39.308221790267,48.5586520450805
39.3186463549043,48.5690494302608
39.1570574936806,48.5719172093077
39.3710611145564,48.4818182282831
39.2820488751626,48.5053539803105
39.2574694466013,48.5552595407047
39.2940344889579,48.5186218423544
39.2170403007445,48.5635269996785
39.2876686521316,48.5658241905143
39.419147510634,48.5810992281093
39.3584287803957,48.5631627944374
39.3083515398074,48.5641205193308
39.2936432130001,48.555494250749
39.2707282277619,48.4835434819995
39.2899453510984,48.4834558029599
39.2871415446237,48.5659860595104
39.408392490136,48.6587572278783
39.4120761606817,48.5801361075828
39.3418836866569,48.5709662289559
39.2878348937302,48.5433055153455
39.3987281767121,48.6532712178201
39.2154751969133,48.5606079621162
39.3868986678326,48.5715030944595
39.2629047359425,48.5601736136434
39.3054078471094,48.5683911630102
39.2788173006718,48.4933783724185
39.2769197136433,48.532651837588
39.2156171104731,48.5610463573139
39.3999283599609,48.5760947783144
39.3278970916681,48.5490410734393
39.3162824804649,48.5732755599664
39.2945757878218,48.5492744345753
39.3546214423193,48.5454610708097
39.3018681174601,48.5679028582054
39.3674666468198,48.4762823086178
39.3508100495698,48.530393765093
39.2915996577387,48.5535423804381
39.3870507180753,48.571743200137
39.2947764941421,48.5287764240407
39.3501207551363,48.6079182229402
39.2471523308022,48.526789482114
39.3087793078235,48.6294144256172
39.2968585687984,48.5162450659289
39.2147149457,48.560876394868
39.3483711636774,48.5722760189157
39.2899433237619,48.5709311573401
39.3880197849552,48.5682252472892
39.3083231570955,48.5683304621367
39.3423945754723,48.5359188934919
39.3904606981842,48.5422695537707
39.4009075635237,48.5712049857251
39.1566601357131,48.5644186280652
39.3501126457901,48.5702175848491
39.3084042505582,48.5641286127806
39.2661809118379,48.5702661455479
39.4205788102517,48.5132289069689
39.3806260884885,48.5545243856809
39.3868013556773,48.5682630167216
39.2773089622645,48.5397862135895
39.300128662684,48.541642311411
39.3370322702476,48.5791257752657
39.2241055686871,48.5216420480392
39.3469297273769,48.5922627932044
39.3153296322776,48.5683763250189
39.3150539145042,48.5711685652009
39.25417907935,48.5584281263026
39.3990261951878,48.5909044425458
39.2833625892592,48.5942146635153
39.3303826063016,48.5321675795081
39.1832101354194,48.5889714569511
39.3406267379842,48.5389121210107
39.2383111160253,48.5620013843906
39.3706860572912,48.5640760053568
39.2634541441527,48.5592010507588
39.3718173110966,48.5651214092897
39.3588403297192,48.5227508506622
39.4069328078064,48.5488131079365
39.3144963969477,48.5368604314856
39.3245033302518,48.562357496182
39.4248362170463,48.5197387384272
39.353818617038,48.5499394463674
39.2887411131765,48.5650903843988
39.3915635692777,48.5714855586516
39.3680991758293,48.6043125910529
39.3580638598133,48.5376266114003
39.2887512498594,48.565149736364
39.264623917353,48.5578629337247
39.3718173110966,48.5686501534039
39.3002300295124,48.5828366220004
39.3012132877484,48.5466130384984
39.3920237746788,48.5705790922736
39.4060752444378,48.5930640447349
39.3478217554672,48.53038027601
39.3057950683941,48.5238610021936
39.2997211680336,48.5517955441889
39.311443228075,48.5726955293971
39.2740530597349,48.5298488061396
39.4059373855511,48.5704118276444
39.2679629406819,48.5596097699738
39.3403368288549,48.5635755603773
39.3623293759542,48.5519938337091
39.2672533728828,48.5515406005201
39.3762308228071,48.5583674254291
39.3661732060888,48.5055576654639
39.3541896196301,48.5456944319457
39.3256710761155,48.5643134132177
39.2737732872884,48.5296235384534
39.3878231333081,48.5876832495242
39.3533057008861,48.5711995900919
39.3023871156217,48.5658174459728
39.358850466402,48.5077280589194
39.2988980693867,48.5387542987396
39.2997961794867,48.594828416792
39.3013024905574,48.5719414896571
39.2161888193855,48.5605202830767
39.2996421019075,48.5405065306219
39.3726586557727,48.6156609565852
39.2727109629263,48.5252746580925
39.3563649517685,48.5597095891881
39.3942862822897,48.6317682706016
39.3936294252414,48.5832332010408
39.1881710280034,48.5580504319784
39.2490924918987,48.5281060166153
39.3516392302264,48.6123992963145
39.406111736496,48.5217513096116
39.3158222750638,48.5671231892077
39.286048810213,48.4671097321743
39.306382995999,48.5722544363829
39.3636674180897,48.5591120228109
39.2698990471052,48.5251991192277
39.3469560827523,48.4646560679756
39.3986146458643,48.5921778119815
39.402829478591,48.5625922062263
39.3494233513566,48.5559326459466
39.3031027654306,48.5657500005578
39.3546761804066,48.5581219241184
39.2782253183937,48.5210687620115
39.3708948729578,48.4947380719854
39.3124913610811,48.5720655892208
39.3301008065185,48.5398091450306
39.3021539719163,48.5660494582005
39.4034437615714,48.6566974449034
39.2708194579075,48.5207288371198
39.1753156868201,48.5570441463863
39.3678173760462,48.5600360249968
39.2306964398725,48.5522460795613
39.4102758858085,48.5794508621661
39.3013856113567,48.5347008292965
39.2881187208499,48.5664622241405
39.4201084681677,48.5122469017261
39.3450889057724,48.5318897043982
39.2787240431896,48.6224850836775
39.4050575214802,48.5640476782825
39.2707829658493,48.5256496546001
39.2809926328102,48.5619420324254
39.2707910751955,48.5256105362593
39.3254987525071,48.5527775494317
39.2876220233905,48.5227495017539
39.3166555103936,48.573507572194
39.3330221985143,48.5465145681924
39.2300456648339,48.5542937223615
39.3103464389912,48.5633961555734
39.3548890507464,48.5419539092284
39.2735928543338,48.500566704752
39.2720662698974,48.5881041089139
39.3663637757263,48.5506449254086
39.3604520622914,48.5077078252949
39.2909934841046,48.4862642300416
39.3702501799289,48.5866324499581
39.3599573921686,48.5125760353515
39.3606669599677,48.5512519341438
39.3357104468046,48.5699936660712
39.2772765248794,48.5850366914385
39.4187116332717,48.579113635091
39.397694235062,48.5600737944292
39.3184720039594,48.572497239877
39.2551400368837,48.5564614180004
39.2995123523671,48.5357772581203
39.1910964746723,48.5538108131899
39.2936351036538,48.5606551739067
39.4290834871582,48.5220103000053
39.3064336794133,48.5639653948762
39.226678258793,48.5635216040453
39.3044347255563,48.510976230107
39.3158607944586,48.5624492219464
39.2898642576357,48.5220386270796
39.2918429381269,48.6005127163704
39.2113678130247,48.5661007167159
39.3818424904298,48.5228533676931
39.3455815485586,48.5718187390018
39.3779540588907,48.5686245241462
39.3808085487797,48.569673974804
39.2697895709305,48.579508865223
39.2383577447664,48.5619487769669
39.3501572471946,48.5395069895713
39.2888120699564,48.5651173625648
39.378831895625,48.5030905121822
39.2439896857548,48.5697481647605
39.2752714890128,48.5750736547309
39.3130792886861,48.5653628638755
39.426502687706,48.5460289612042
39.3472520738914,48.5727171119299
39.3146748025658,48.5745381381356
39.2338570575834,48.5408221751643
39.3449692929148,48.5325317847493
39.2127261285259,48.5916409464779
39.3070357983742,48.586937303234
39.394341020377,48.6320501924364
39.3005179113052,48.5677423381176
39.4043357896617,48.5562401970391
39.3014322400978,48.5839764495143
39.3026749974145,48.5650809420407
39.2245596920785,48.5735305036351
39.3146038457859,48.572138430269
39.4292294553911,48.5477258878463
39.3754198881796,48.5595652559999
39.3967434142112,48.5721047075615
39.2957921897631,48.5764387499311
39.2606868297362,48.5642500145276
39.3614130198251,48.5675089769816
39.2726440608195,48.5271793166128
39.3550370463159,48.5242859083082
39.3000800066063,48.5838172783349
39.2153292286803,48.560876394868
39.3643688765425,48.4941243187087
39.2124666294451,48.5602221743423
39.1942652017295,48.5542100900469
39.208535623838,48.5640557717323
39.3058579158277,48.564013955575
39.3815789366759,48.6051785901818
39.3487827130009,48.5578359555587
39.4054285240723,48.6320043295542
39.2213747463288,48.6387906872141
39.2302747538662,48.5526089358942
39.2872064193939,48.565741907108
39.3783189794731,48.5598512245596
39.2704119632572,48.5998139818707
39.3640059832967,48.5524942786886
39.3153154409216,48.5663138442274
39.3224901850389,48.5553809424517
39.1568121859558,48.5714869075599
39.2681109362515,48.5619258455258
39.3938645962834,48.490139643589
39.3229949918445,48.562124135046
39.3981159210683,48.6525063868137
39.3163128905135,48.5425636157802
39.3419911354951,48.5989493316501
39.3277977521763,48.5507258599066
39.3063870506722,48.5698655197827
39.4189062575823,48.5044758410069
39.3850091901504,48.5497586926552
39.3573745653798,48.5579114944235
39.2597319542122,48.4728830597005
39.2735239248904,48.5283083528604
39.379950985411,48.6154195019994
39.314857262857,48.5733281673901
39.3092820872926,48.5640517250074
39.3099024522826,48.5891926779124
39.3019127188646,48.5675926092963
39.2378407739413,48.5176169056705
39.3322558652913,48.5451454262674
39.3056815375462,48.6557208352939
39.2989203700889,48.5125814309847
39.3342548191482,48.4539915989518
39.2946751273137,48.5466710415553
39.3330242258509,48.5447650341267
39.3071675752512,48.5640733075402
39.4337828533249,48.4997897335709
39.3223786815276,48.5696051804807
39.2941601838252,48.5458927214659
39.3069384862189,48.5867673407881
39.2319675799012,48.486221064976
39.293493190094,48.5192207576398
39.3335817434073,48.5432245808475
39.3438785858407,48.5325938345311
39.3885935212042,48.6222544203581
39.214789957153,48.5604933049107
39.2801715614998,48.5261177257803
39.3182287235711,48.5781329787565
39.2629108179523,48.5409678572607
39.2975255625295,48.6025495679041
39.4033707774549,48.5584483599271
39.2495587793095,48.5317237886773
39.3547572738694,48.5424853790988
39.2715391623895,48.5244788021952
39.3699176967316,48.4913091470855
39.2731975237028,48.4928253200153
39.2358884488255,48.5271874100626
39.3181516847815,48.5691505983834
39.3474406161923,48.5597257760877
39.2711438317585,48.5403095900101
39.4351675242014,48.5393963790906
39.3466803649789,48.5740741136803
39.3493706406058,48.5291311869237
39.3955249849333,48.5671083512164
39.3162561250895,48.5583606808876
39.2697287508334,48.4810061854862
39.3581023792081,48.5121619205032
39.2894405442928,48.5788600403305
39.4135439523576,48.56675628615
39.2801999442118,48.4840789985948
39.3494415973858,48.5292876602865
39.3729688382678,48.4879840881248
39.2461710999029,48.5262944327677
39.2769622877113,48.5410218135927
39.4118673450151,48.5749859756914
39.312487306408,48.572030517605
39.2116455581346,48.5627958913797
39.3664914979302,48.4905038488301
39.4039546503867,48.5565423524985
39.2912570378585,48.4847318702122
39.3045178463557,48.5041588475562
39.3068756387853,48.5639964197671
39.3443022991836,48.5583080734638
39.3156763068308,48.5670678839674
39.3046293498669,48.5119042790178
39.3770701401466,48.5020100366335
39.3809403256567,48.5698237036253
39.2920679724861,48.5563413651617
39.2010040684845,48.5206721829712
39.2729907353728,48.5564843494415
39.2567456874462,48.5561579136328
39.2716790486127,48.5257278912815
39.3510938766894,48.5558058485664
39.2928667430942,48.518090372484
39.3665624547101,48.5286766048264
39.3051726760674,48.5722328538501
39.1893509378865,48.582197239466
39.3822824224653,48.5548724040224
39.1844326193704,48.5557006337189
39.2933310031685,48.5457578306358
39.3584308077322,48.5632086573196
39.2774468211512,48.5123237894993
39.2168395944242,48.5839063062827
39.3990282225243,48.5812691905552
39.4250511147226,48.5137603768393
39.2610132309238,48.5417542707999
39.3704995423269,48.5659118695538
39.2397261969504,48.581797962609
39.4004433034494,48.6464646265357
39.3509884551878,48.5612230643012
39.3127772155373,48.560876394868
39.3279802124675,48.5642837372351
39.3851511037102,48.506895782498
39.2589453476235,48.5975046508602
39.3156296780898,48.5673511547105
39.2707951298687,48.5258358039455
39.2131194318202,48.5601547289272
39.2596934348174,48.4542816142364
39.3437022075592,48.56949457
39.2786105123418,48.6224729435028
39.300730781645,48.5976300993322
39.2939412314757,48.5585778551239
39.1898476353459,48.558587297482
39.3605149097251,48.5377480131474
39.3167021391347,48.5734212420628
39.2784503527528,48.5334301576774
39.3321058423852,48.5312273904227
39.3395684682952,48.5723340219726
39.2652382003333,48.5571021494432
39.2576052781515,48.5387003424075
39.3286309875061,48.5555522538059
39.4059921236385,48.6572558929398
39.3631099005332,48.5122320637348
39.3088766199788,48.5393990769072
39.384761855089,48.5631479564461
39.299437340914,48.5666901896432
39.3130873980324,48.5629685516421
39.2606057362734,48.5257130532902
39.1560559894156,48.5699505010056
39.3320206942493,48.5514111053233
39.3775931929814,48.5566745455119
39.3710307045079,48.4913887326753
39.3054565031871,48.5842408355412
39.2991068850533,48.5036341222273
39.3186585189237,48.5579263324148
39.3978158752561,48.6358379269443
39.2735786629778,48.527476076439
39.3953344152958,48.5664204079831
39.3771187962243,48.5567676201846
39.3570055901243,48.5617073223811
39.4046378628105,48.5835542412163
39.3229564724497,48.5549250114461
39.3796043108578,48.5478499874099
39.3704914329806,48.5159118855786
39.4182514278706,48.5695188503494
39.3162622070992,48.5689145394308
39.3709029823041,48.4804032234759
39.3153154409216,48.566495946848
39.2761351343911,48.6148259823471
39.2694550603966,48.5766856001501
39.390470834867,48.502896269387
39.2135269264706,48.5622657704175
39.2585844817142,48.5368509891275
39.2672026894686,48.6473872798133
39.3809768177149,48.5697535603937
39.4030261302382,48.5772885621604
39.2543351842658,48.5933230351286
39.3044590535952,48.5639438123434
39.3961352132405,48.5718039010105
39.3133367604303,48.5645332852707
39.3628686474815,48.5122576929925
39.2834213820197,48.49153576368
39.254296664871,48.5587680511943
39.4074092319001,48.5763537687081
39.3986126185277,48.4803479182355
39.3471142150047,48.465093114265
39.2935175181328,48.5147275440908
39.3204689304797,48.5692827913968
39.306147824957,48.5783164302854
39.3633268255461,48.5490788428717
39.4009440555819,48.5665606944464
39.3224982943852,48.6696564069465
39.2665296137277,48.5862925250663
39.3528231947827,48.5619164031677
39.3391873290203,48.6131668251375
39.3643709038791,48.568673084845
39.3921717702483,48.5705602075574
39.2361986313205,48.6081947491418
39.4004534401323,48.6464268571033
39.3516372028899,48.548272195708
39.3916243893747,48.5775893687114
39.3673125692406,48.4836878151876
39.3265854049081,48.5607711800206
39.3708441895436,48.4915303680468
39.3692344843079,48.5996750443157
39.2810331795416,48.523966217041
39.3775060175089,48.5566017044637
39.2943223707507,48.5266532423756
39.3495166088388,48.6134865164047
39.271541189726,48.5240862698798
39.3061863443519,48.6042019805723
39.2704565646617,48.5244855467367
39.2810189881856,48.6155813709954
39.3009598706772,48.5706910516626
39.226222108065,48.572205875684
39.4013839876174,48.5667886599492
39.341855303945,48.5704698307013
39.335515822494,48.5536475952856
39.358041559111,48.5052649523627
39.367724118564,48.5502969070671
39.2742010553044,48.5871652687368
39.2610416136357,48.4637091343487
39.3339304452972,48.5432960729874
39.3551444951541,48.5420051677438
39.280575001477,48.4825439409488
39.3048543842261,48.5640193512082
39.4119099190831,48.579113635091
39.2710221915644,48.588881080095
39.2281561871517,48.5245206183525
39.3202621421497,48.6255201273536
39.2871902007013,48.5660332713009
39.3743981105488,48.5232607379998
39.3588626304214,48.518718963752
39.3087103783801,48.5590796490117
39.3690885160749,48.4977488353122
39.3097341833474,48.5693043739296
39.3356496267076,48.5569213957309
39.2185141744301,48.5591066271777
39.1782897895666,48.5877331591313
39.3669881953895,48.4942308824644
39.3993890884336,48.5765264289706
39.3341412883003,48.6107617216377
39.3632153220348,48.570343033321
39.3740250806202,48.5711726119259
39.3213285211849,48.6329714968057
39.3054078471094,48.5684343280758
39.3841151347235,48.4975343588924
39.3003962711111,48.5424354694917
39.2783266852221,48.533432855494
39.3014727868292,48.5275920825528
39.3500011422788,48.558012662546
39.2112705008694,48.5663097975025
39.350757338819,48.543805960325
39.329454086153,48.5351028039701
39.3645858015554,48.5715718887828
39.322390845547,48.5694419625763
39.3024256350166,48.5649177241364
39.3693399058094,48.5996750443157
39.2913685413698,48.5532901345859
39.3450037576365,48.5756604298417
39.3068695567756,48.564054422824
39.3181354660889,48.5689577044964
39.3029770705633,48.5737962385704
39.3293304186223,48.5518886188617
39.3352137493453,48.5536192682112
39.3052578242033,48.5645130516462
39.1644674088399,48.560481164736
39.4043702543834,48.5574757970424
39.2886600197138,48.5649514468439
39.3511364507574,48.5735264569103
39.4108901687889,48.5785740717708
39.2181634452036,48.5604447442118
39.2721554727064,48.5264832799298
39.3006253601434,48.5564384865593
39.364691223057,48.5256928196657
39.2859433887115,48.5222841283903
39.2548744557932,48.5583471918046
39.2260031557156,48.5725727787418
39.2670242838505,48.4809616715123
39.3394995388519,48.5104110375291
39.1894969061195,48.5551435345908
39.2990399829465,48.5699140804815
39.2997961794867,48.5784122027747
39.3090388069043,48.5641893136541
39.3535145165527,48.5721546171686
39.3802733319255,48.5011467353212
39.3387555063311,48.5674900922654
39.2915266736222,48.4856208007823
39.3587166621884,48.5196861310035
39.3149322743101,48.5380272371656
39.2931728709161,48.5460910109861
39.3069628142577,48.5866931508316
39.3892828156377,48.5967195862293
39.3256589120961,48.5693610280783
39.3857978240757,48.608065253945
39.3578367981175,48.5222706393073
39.2802567096357,48.6194136194772
39.3353820182805,48.5543449808769
39.3138334578897,48.5991327831789
39.3972745763922,48.5988913285931
39.3094787389397,48.6243762531148
39.324803376064,48.5530028171179
39.18927795377,48.5806432971038
39.3831845872384,48.5849935263729
39.3120534563822,48.5873163464664
39.169061353505,48.5581151795769
39.3254703697952,48.5779805521186
39.2185891858831,48.569822354717
39.3004043804574,48.5814094770185
39.3045219010288,48.5321338568006
39.3599573921686,48.5125369170107
39.3826919444522,48.5547982140659
39.4039728964159,48.5562374992225
39.3065918116656,48.5763079058259
39.3192565832115,48.5732404883505
39.2612362379463,48.5401706524551
39.2161908467221,48.5553944315347
39.2190392546014,48.5612932075329
39.338163524053,48.5699005913985
39.2707728291664,48.518705474669
39.3298108973892,48.5537959751986
39.1903564968247,48.5688025800418
39.2734732414762,48.5275192415046
39.4046703001956,48.5733200739403
39.3531901427016,48.5551961420145
39.2988433312993,48.5836500137056
39.2679284759603,48.5325965323477
39.3293466373149,48.5492568987674
39.3738041009342,48.5558152909245
39.3937267373967,48.5708394315756
39.4108739500964,48.5798960019053
39.274452445039,48.4931234287497
39.316578471604,48.5666470245776
39.2682771778501,48.5438140537748
39.3580739964961,48.5123615589317
39.3159276965654,48.5625976018595
39.3106363481206,48.5998247731371
39.1978231774079,48.5662437009958
39.2924470844245,48.5686784804782
39.3762693422019,48.5006988977654
39.2377880631905,48.5181807493401
39.213849272985,48.5602572459581
39.3774553340947,48.5785875608538
39.3470412308882,48.5575864075231
39.3087265970727,48.5659280564534
39.3804193001585,48.5807107425188
39.314532889006,48.5721181966445
39.2370460580063,48.5615481512017
39.2062204054763,48.522049418346
39.4153746372793,48.5692841403051
39.3740960374001,48.6078656155165
39.3892037495115,48.5588692193168
39.2451837869938,48.5660710407333
39.2872185834133,48.5658997293791
39.4081167723627,48.5886666036752
39.2758229245595,48.5393181424092
39.2123693172897,48.5606794542561
39.2092958750513,48.481234150989
39.3208196597061,48.5563319228036
39.3639066438048,48.4979376824743
39.2630324581464,48.5374026926224
39.3921271688438,48.5705912324483
39.3075000584485,48.5656205053609
39.1576535306319,48.5825938185063
39.1783506096637,48.6320299588119
39.2908049418037,48.5645980328691
39.3025330838547,48.5669748092946
39.3859660930109,48.5134218008559
39.2545379179227,48.5823550617371
39.3133124323915,48.5652158328708
39.2277203097894,48.5634474140888
39.3220198429549,48.6237732911044
39.3938301315617,48.6308752933067
39.2578809959248,48.5537271808753
39.2328900180401,48.5287089786256
39.3058295331157,48.5348559537511
39.2870969432192,48.5812449102058
39.2947156740451,48.5397754223231
39.2118341004356,48.5908653242051
39.3767153562471,48.5480496258384
39.3114493100847,48.5697724451099
39.3015295522531,48.5727656726288
39.3160696101252,48.5514434791225
39.3525900510773,48.5574231896187
39.3932340946104,48.5691600407415
39.2899210230596,48.6431382186666
39.4112530620348,48.6695903104398
39.2935722562202,48.5447232179693
39.3206331447418,48.5527330354578
39.2733211912335,48.5768002573556
39.3930617710021,48.5706546311385
39.3668969652439,48.566796753399
39.3049476417083,48.5118867432099
39.3221921665633,48.5700705538443
39.3407848702366,48.5670786752338
39.2933411398513,48.5760988250393
39.2720845159265,48.5252018170443
39.275453949304,48.54572275902
39.3593775739099,48.5377817358549
39.2606179002928,48.5623925677978
39.3104437511465,48.5771239953477
39.2019873267204,48.5736343695743
39.3726870384847,48.5704172232776
39.3051990314428,48.5649865184597
39.273939528887,48.4953801523365
39.4015380651966,48.5181645624405
39.3059167085882,48.5721613617101
39.3935280584129,48.5908896045545
39.2576336608634,48.5419215354292
39.2388990436303,48.6069847783962
39.4051953803669,48.5910379844675
39.365015596908,48.5304382790669
39.3468932353187,48.5576538529381
39.3891875308189,48.6154667137899
39.3452632567173,48.5317143463192
39.3335695793879,48.6625746383688
39.4180405848674,48.5134218008559
39.291536810305,48.5725336604011
39.237433279291,48.5622199075353
39.3774979081627,48.5030406025751
39.1815598834523,48.5521948210459
39.3038974813656,48.5015379187283
39.3887698994857,48.5107914296699
39.2171822143043,48.5738434503609
39.3046029944915,48.5637441739149
39.2936026662687,48.5487996188535
39.2364662397476,48.6180539199103
39.3731006151448,48.5618179328618
39.3777209151853,48.6197548932772
39.3517568157474,48.6091497762186
39.4114699870476,48.5747377765641
39.3910202430772,48.5697090464198
39.316503460151,48.555862502715
39.2936634863658,48.5553094503118
39.3001935374542,48.5834422818273
39.3452733934001,48.5937695237761
39.3022999401493,48.6020288893001
39.3169758295715,48.5586682319801
39.3934672383158,48.5825749337901
39.3689506571882,48.5197225515276
39.4082181391911,48.658989240106
39.2977810069372,48.5890766717986
39.335440811041,48.5536354551109
39.3439556246303,48.5482155415594
39.2535972337548,48.5589204778323
39.3069019941607,48.5675143726149
39.2744848824241,48.565890287021
39.2957921897631,48.5764805660884
39.2566402659447,48.5569699564297
39.2196961116497,48.4863006505657
39.316724439837,48.5733335630233
39.2385260137016,48.5597662433367
39.435301328415,48.5390159869499
39.3492490004117,48.5292337039545
39.2355904303498,48.5670597905176
39.3460883827008,48.5352269035337
39.3738547843484,48.5710822350697
39.3719125959154,48.5008634645781
39.3953526613249,48.5664703175903
39.3473574953929,48.5642500145276
39.4234231634578,48.6040009932355
39.2943325074335,48.5204819869008
39.2746511240227,48.5256159318925
39.2491715580249,48.5322620030892
39.4167451167999,48.6443630274035
39.2548967564954,48.5579114944235
39.2972863368144,48.5390915258147
39.2725345846448,48.5271321048223
39.2776394181253,48.5895771167781
39.3163838472934,48.5689280285138
39.2883964659598,48.5734455224122
39.3967880156157,48.5721573149852
39.3746130082251,48.4878033344125
39.1875384989939,48.5557303097016
39.3184476759205,48.5592941254315
39.3293912387194,48.5519493197352
39.1831290419566,48.5535761031456
39.3785521231785,48.5010954768058
39.3171947819209,48.481135680683
39.260034027361,48.5635580245694
39.2180641057118,48.5634582053552
39.1690491894856,48.5600859346039
39.3289411700011,48.5577995350345
39.2272824050905,48.5501107577216
39.2606016816003,48.55970014683
39.2995305983962,48.5087626715859
39.2996704846194,48.5915060556478
39.2762871846338,48.5844890346685
39.3072142039923,48.5640760053568
39.3772485457647,48.5568728350321
39.3419931628316,48.5352646729661
39.3548748593904,48.5580409896203
39.3257987983193,48.5472753524739
39.3385791280496,48.5945033298916
39.3389967593828,48.5646385001181
39.3050510358733,48.5664595263238
39.3558094615487,48.5234684698781
39.3536037193617,48.5453194354382
39.3867689182922,48.5898968080453
39.3109951866933,48.5724918442438
39.2727292089554,48.527242715303
39.3400185370135,48.5771226464394
39.3289898260788,48.4576619784375
39.2558779873948,48.5578022328511
39.3204446024409,48.5528868110041
39.4180405848674,48.5692922337549
39.3706151005113,48.498811775053
39.2694631697429,48.5593966424624
39.2734529681105,48.526160890846
39.3756205944999,48.4807417994593
39.1896813937473,48.5588908018497
39.3398928421463,48.5698776599574
39.2123794539726,48.5606214511992
39.3180462632799,48.5650836398573
39.34216548644,48.5424867280071
39.288136966879,48.5667913577658
39.267214853488,48.5285659943458
39.2122821418173,48.5613458149566
39.4182433185243,48.5694594983842
39.3355320411866,48.5569402804471
39.2001992158667,48.5686919695612
39.3490584307742,48.5395555502701
39.311532430884,48.4995401855353
39.3054605578602,48.5721532682603
39.2656902963882,48.5020086877252
39.3794015772009,48.6044515286079
39.2636994518776,48.4882956859422
39.3181739854837,48.4793200501106
39.329468277509,48.548411133263
39.3199235769427,48.5901045399236
39.4084046541555,48.5509727101256
39.3612589422458,48.5017820711307
39.3298980728616,48.5520693725739
39.3031027654306,48.5658080036147
39.354524130164,48.5449889529045
39.3260704614196,48.5574690525009
39.3789292077803,48.5742157490518
39.3463174717331,48.5723299752477
39.2844938430647,48.524967107
39.3001793460982,48.5830106311712
39.3547532191963,48.5453909275781
39.424090157189,48.5152846432189
39.3046435412229,48.5660481092922
39.2510225163123,48.4912228169543
39.308485344021,48.5641232171474
39.3523650167181,48.5071399349004
39.3864181890658,48.5687081564608
39.4031599344517,48.585510158252
39.3279376383995,48.5494835153619
39.4042283408235,48.5721991311425
39.3031818315568,48.5530203529258
39.3653156427202,48.4857206199965
39.3127103134306,48.5653790507751
39.3048888489478,48.5639815817758
39.2787118791702,48.5259504611511
39.3277997795128,48.5705696499155
39.323862691896,48.5772346058284
39.3812951095562,48.5008931405607
39.2396410488145,48.5203592362454
39.4293916423166,48.5173835445345
39.2158644455345,48.5608804415929
39.3069384862189,48.5674819988156
39.2920456717838,48.5502915114339
39.275247160974,48.5488980891594
39.3216974964405,48.4817925990254
39.281162929082,48.5833397647965
39.3694797920327,48.4858716977262
39.2875814766591,48.566029224576
39.3741041467463,48.5548224944153
39.2721676367258,48.478765648799
39.261609267875,48.5238704445517
39.3773195025446,48.547872918851
39.3429500656922,48.5700880896522
39.2666573359316,48.586376157381
39.2343071263017,48.5632788005512
39.3412025015698,48.6063953054689
39.4114537683551,48.5782624739534
39.2616741426452,48.5248564965193
39.4247774242858,48.5197832524011
39.3093145246777,48.5636645883252
39.3743433724615,48.5269176284025
39.4216979000377,48.566276074795
39.2894466263025,48.5792053608554
39.3663759397457,48.633560969733
39.277617117423,48.5233902331967
39.2936776777218,48.560849416702
39.266772894116,48.5280857829908
39.3080717673609,48.5640989367979
39.3289006232697,48.5494686773706
39.3766808915254,48.502865244496
39.4104624007729,48.5797840425163
39.3121426591913,48.554340934152
39.4185251183074,48.5765857809358
39.3290324001467,48.5496858516069
39.3986187005374,48.4962043353081
39.2590122497303,48.5432380699305
39.4120031765652,48.5801738770152
39.3053632457049,48.5686946673778
39.4078572732819,48.5454367904603
39.350522167777,48.5640598184572
39.3934307462576,48.5825547001656
39.226649876081,48.5537689970326
39.3023506235635,48.5668304761065
39.3097199919914,48.4905874811448
39.3988579262525,48.4560837557259
39.2123652626166,48.5607199215052
39.322936199084,48.6019506526187
39.4050838768556,48.5639478590683
39.3060768681771,48.5303762292851
39.3164061479956,48.5785295577969
39.4104482094169,48.5796680364025
39.3686100646446,48.4887731994806
39.3682390620525,48.475713069315
39.2709269067457,48.5257778008886
39.2768386201806,48.5416976166513
39.2790382803578,48.5717512935868
39.3544004626333,48.5246325777415
39.3326106491908,48.5448459686247
39.2780996235264,48.4493311207735
39.2298388765039,48.5626002996761
39.2125396135615,48.5599645328569
39.3155364206076,48.5681753376821
39.3335148413005,48.6383064291342
39.3648615193288,48.4908262379139
39.3676126150527,48.4910676924997
39.2129187254999,48.5601196573114
39.2801999442118,48.5249509201004
39.2993684114707,48.5836688984218
39.356701489639,48.5654842656226
39.1914512585719,48.5577550210606
39.3894368932169,48.4986391147905
39.3394265547354,48.5050356379516
39.2604516586942,48.5568944175649
39.2728954505541,48.5568512524993
39.234771386376,48.5282247205457
39.4277170623107,48.5203632829703
39.2843681481974,48.6177773937087
39.2935094087866,48.5194271406098
39.3177847368625,48.575621311501
39.2397444429795,48.5621659512033
39.3008179571174,48.5716110071235
39.2837619745633,48.5444129690602
39.3515277267152,48.5736492075656
39.2276594896923,48.5233740462971
39.3826230150088,48.5269661891014
39.1889008691682,48.5623264712911
39.4059069755026,48.5359027065923
39.3571637223767,48.5539740310943
39.3080717673609,48.6604743881449
39.3528090034267,48.5574717503175
39.3950059867716,48.5802062508144
39.4063712355769,48.5817682866264
39.3087549797846,48.6615373278857
39.3368335912638,48.6106362731657
39.3840380959339,48.5186555650619
39.2138715736873,48.5603840433383
39.3439231872452,48.5325547161904
39.3250689571545,48.5525981446278
39.3533543569637,48.5537339254168
39.3518277725274,48.5140301584994
39.277617117423,48.5687014119193
39.2756222182392,48.4839886217386
39.2861258490027,48.4920658846421
39.3313618098644,48.575069608006
39.2338611122566,48.5290300188011
39.2697530788723,48.5252733091842
39.2932255816669,48.5460208677544
39.3149282196369,48.5696645324459
39.2310816338206,48.5527195463748
39.3730823691156,48.6308226858829
39.4032815746459,48.5855573700425
39.3512925556732,48.5503481655825
39.3798962473237,48.57415369927
39.3359070984518,48.5771239953477
39.3972806584019,48.5723812337631
39.2960050601029,48.5275988270943
39.3399333888777,48.6136052203352
39.3595235421429,48.5142689152686
39.1866606622596,48.5575243577412
39.211390113727,48.6285632644796
39.3712374928379,48.5645602634367
39.3684924791237,48.489659432234
39.2972863368144,48.6434349784928
39.2915104549296,48.5202729061142
39.3936172612219,48.5708003132349
39.2611247344351,48.5443725018112
39.2896554419691,48.485152729602
39.2550244786993,48.5634339250058
39.3579827663505,48.5369008987347
39.1574852616967,48.5713655058128
39.407376794515,48.5868590665525
39.2953907771225,48.5294212022083
39.3152911128828,48.5907533648161
39.4073220564277,48.5850016198227
39.4019881339149,48.5743088237246
39.2750302359611,48.5367241917473
39.2740307590326,48.4963945313785
39.3358239776525,48.5441027201511
39.3535651999669,48.5270929864816
39.357364428697,48.5083971174365
39.278999760963,48.5332966157557
39.3510634666409,48.5579681485721
39.2660106155661,48.5895083224548
39.4253369691789,48.5093696803211
39.3662441628688,48.600470900213
39.3384088317778,48.5676519612615
39.2597583095876,48.5406076987445
39.4023185897756,48.5778685927296
39.2641718212981,48.5460154721212
39.2774265477855,48.4987389340048
39.2930127113272,48.5388203952463
39.4116504200023,48.5800794534342
39.3636288986949,48.5003562750571
39.3817411236014,48.509319770714
39.352553559019,48.5575486380906
39.3296304644345,48.5500325210402
39.3999648520192,48.6316158439637
39.2069218639291,48.5635984918185
39.3016491651107,48.5290758816834
39.2133485208525,48.5622266520768
39.4209883322386,48.6464443929112
39.4009481102551,48.6496129785091
39.3180949193575,48.5652900228273
39.3687114314731,48.5197225515276
39.2612666479949,48.4629847705913
39.3634058916723,48.5589137332908
39.3796712129645,48.5850191556306
39.4253308871691,48.5197050157197
39.2571024986824,48.5576079900559
39.3052010587794,48.4992609615171
39.4041411653511,48.5562294057727
39.385542379668,48.5705642542823
39.3782378860103,48.5860820953714
39.3682025699943,48.5720912184785
39.2808831566355,48.5090284065211
39.3304211256964,48.5628700813362
39.3104680791854,48.4951683737333
39.245159458955,48.5661735577641
39.2776961835492,48.5220332314464
39.3272746993415,48.5552420048968
39.3986126185277,48.5643646717331
39.3964778331207,48.5748578294029
39.2664809576501,48.5592941254315
39.300363833726,48.5830484006036
39.3038609893073,48.4989493636997
39.3986126185277,48.5914925665648
39.2644353750521,48.5543193516192
39.1888745137928,48.5910663115419
39.3682208160234,48.5030729763743
39.3736033946138,48.5193961157189
39.3410504513271,48.575935607135
39.3061234969182,48.5782759630364
39.3854754775613,48.6193974325776
39.3030946560843,48.5734711516699
39.329158095014,48.5496480821745
39.3134827286633,48.5381850594367
39.4125748854777,48.5783717355257
39.3583274135672,48.573453615862
39.3369815868333,48.5791190307242
39.3622320637989,48.5700705538443
39.3577800326936,48.5573314638543
39.3894348658803,48.6093264832059
39.1747338412248,48.5605890774
39.3494801167806,48.5337930140103
39.2696030559662,48.4884750907461
39.3154999285494,48.5770093381422
39.4116281193,48.5796707342191
39.3053916284168,48.5728938189173
39.2155299350006,48.5610625442135
39.4192164400774,48.5681807333153
39.3750529402606,48.5485365817349
39.2512151132863,48.5690440346276
39.3453119127949,48.5575891053397
39.31362058755,48.4931301732912
39.3131015893883,48.5647464127822
39.2135695005385,48.5620148734737
39.3924332966657,48.5655678979372
39.2944805030031,48.5471809288929
39.40755114546,48.5602194765257
39.3157330722548,48.6033332836267
39.28687190886,48.56600224641
39.3745359694355,48.5267975755638
39.4059090028391,48.5717445490453
39.334852883436,48.5428536310648
39.3430108857892,48.5647706931316
39.3422932086438,48.5362385847591
39.3057504669895,48.5251384183542
39.3849199873414,48.5672526844046
39.383967139154,48.5644051389822
39.291668587182,48.5451939869662
39.4058664287712,48.5487429647049
39.2866144371158,48.5402529358614
39.3358523603645,48.5415060716726
39.3752941933123,48.4783393937761
39.4111131758115,48.5790853080167
39.3744650126556,48.5249522690087
39.3356232713322,48.5440770908934
39.2781867989989,48.5335475126996
39.2924024830199,48.5812246765813
39.2305646629956,48.5256375144253
39.3532996188764,48.5578049306677
39.4009116181968,48.659662345348
39.3739297958014,48.6079735281805
39.2719547663861,48.5238866314513
39.2865556443553,48.5467223000707
39.3317652498416,48.5564546734589
39.2648550337218,48.4685341793396
39.2701342181472,48.5312314371476
39.3534577511287,48.5071655641581
39.2700470426748,48.5791743359645
39.300805793098,48.5139708065342
39.2982067476167,48.5699370119226
39.3335249779834,48.5305475406392
39.2770494631837,48.5302426873633
39.4276156954823,48.5202068096075
39.3656136611958,48.582085280077
39.2992629899691,48.5006988977654
39.3149383563198,48.569588993581
39.3921129774878,48.6110288054812
39.3297845420138,48.5517456345818
39.3668584458491,48.4940420353024
39.223941354425,48.5699990617044
39.3372431132507,48.5433365402364
39.3501308918192,48.5287858663987
39.2869590843325,48.5400951135903
39.1897989792683,48.5860200455896
39.2771731307144,48.5320542712109
39.3674869201855,48.519800788209
39.404433101817,48.5678421573319
39.2175005061456,48.589334313284
39.3014281854247,48.5914669373071
39.3318889173723,48.5315376393318
39.3024438810457,48.5653089075435
39.3022269560328,48.5073530624119
39.3450179489924,48.5575891053397
39.2726541975024,48.478258459278
39.1901618725141,48.5866944997399
39.3161466489148,48.5666011616954
39.3368883293512,48.5551866996564
39.2999117376711,48.5838186272432
39.3342325184459,48.5417488751667
39.2913543500138,48.5401733502717
39.3543274785168,48.5483490834811
39.3090489435871,48.5648961416036
39.3079176897817,48.5642904817766
39.2915266736222,48.5724864486106
39.2446384334568,48.5555657428889
39.265963986825,48.5894921355551
39.3971549635347,48.5722490407497
39.2573842984655,48.5420078655604
39.4067402108324,48.5933513622029
39.3833021727594,48.5376063777758
39.3698791773368,48.5612284599344
39.3104599698391,48.6638264252717
39.3218982027608,48.4787980225982
39.2206104404423,48.559642143773
39.3039907388477,48.5681901756734
39.3876913564311,48.5684289324426
39.2386882006271,48.5597797324197
39.3645391728143,48.4922587785291
39.3439292692549,48.4505761631349
39.3867689182922,48.568287297071
39.374416356578,48.5624411284966
39.379095449379,48.5758155542962
39.3771086595414,48.5568647415823
39.3540700067725,48.5454840022508
39.2748396663236,48.5243250266489
39.2507123338172,48.5538728629717
39.3676450524379,48.485906769342
39.2948231228832,48.5284149166161
39.3145754630739,48.5718092966437
39.404343899008,48.5678502507817
39.1987577795662,48.5826140521308
39.3007348363181,48.57936048531
39.3841719001475,48.5643188088509
39.3062147270638,48.5640314913829
39.2398904112125,48.5186299358042
39.3472966752959,48.5557464966012
39.2680967448955,48.5583741699706
39.3412653490034,48.5404970882638
39.2991737871601,48.5673673416101
39.2560645023591,48.5578561891832
39.259888059128,48.4734927662523
39.3716348508054,48.5598309909351
39.261534256422,48.5244019144221
39.3302386654052,48.5503117450584
39.2221289155324,48.5564964896162
39.329026318137,48.5745570228518
39.4180628855697,48.5773209359596
39.3287100536323,48.6174563535331
39.2629838020687,48.5441431874001
39.3403733209131,48.5379287668596
39.2914394981497,48.484851923051
39.3517750617766,48.5733902171719
39.2934688620552,48.5576282236804
39.3953506339884,48.5668628499057
39.3040312855791,48.5714896053765
39.2383658541127,48.56209715688
39.393927443717,48.5688916079897
39.2134296143153,48.5596772153889
39.4376611481812,48.5084915410175
39.2164888651977,48.5919174726795
39.3508059948966,48.5305610297222
39.280457415956,48.6155867666286
39.3531881153651,48.5552811232375
39.2776982108858,48.5220669541539
39.311400654007,48.5697589560269
39.3154066710672,48.5696213673803
39.3686587207223,48.6004155949727
39.3492773831237,48.5338901354079
39.3777229425218,48.5117208274889
39.3088056631989,48.6615319322525
39.2524436792471,48.5612729739084
39.3030419453335,48.5659280564534
39.2941885665371,48.549259596584
39.3058599431643,48.5114105785798
39.2638616388031,48.5461678987592
39.3272280706004,48.5716932905299
39.382612878326,48.5547712358999
39.3514831253106,48.5742278892265
39.3155708853293,48.5678003411746
39.3068796934584,48.5695768534063
39.3160615007789,48.5617316027305
39.4012704567695,48.5649838206431
39.2796059345971,48.5557154717102
39.3680586290979,48.4914804584397
39.2802425182797,48.5262310340776
39.3067337252255,48.4915384614966
39.3289533340205,48.5494322568464
39.3639350265168,48.5524929297803
39.3310942014373,48.540242144595
39.3205986800201,48.5684208389928
39.3451922999374,48.5575931520646
39.3769890466839,48.6125503740442
39.287638242083,48.6141178054894
39.3586558420914,48.5377857825798
39.3266746077171,48.4794724767485
39.2158948555831,48.5447110777946
39.3778364733697,48.5839508202566
39.3176793153609,48.6364004217056
39.3079947285713,48.5164420065407
39.3443306818956,48.5330133450126
39.2938439193204,48.5546511830611
39.3260724887561,48.637120738738
39.369356124502,48.5717539914034
39.3336243174753,48.5439934585788
39.3531049945658,48.5564654647253
39.3721396576111,48.5708542695669
39.29371416978,48.5487375690717
39.2995082976939,48.5002375711266
39.1804732310513,48.590263711103
39.3018255433922,48.4940568732937
39.2771974587532,48.5382781341095
39.3197553080075,48.5881027600056
39.394515371322,48.5640328402912
39.2578546405494,48.5548575660311
39.3112567131107,48.5685881036221
39.3533178649055,48.5541574826231
39.4146934521922,48.5202162519656
39.1803941649252,48.5861765189525
39.3727356945623,48.5556008145047
39.3788339229616,48.5236411301406
39.2799749098526,48.5854103390378
39.3942700635971,48.6148516116048
39.3599229274469,48.5126610165744
39.2719284110107,48.4834315226105
39.3403956216154,48.5699909682546
39.3485049678909,48.5302521297214
39.3765673606776,48.5570886603602
39.2785598289275,48.5254001065645
39.2720074771369,48.4484408412952
39.2795005130955,48.5081151956017
39.3149484930026,48.5745597206684
39.2939087940906,48.5587478175698
39.2179708482296,48.5603233424648
39.3540517607434,48.5446463301962
39.2917557626545,48.5452573856563
39.1982245900486,48.5815942774556
39.2463170681359,48.5557464966012
39.298261485704,48.5715530040666
39.3711462626923,48.6021408486891
39.2911516163569,48.5413158756022
39.3025351111913,48.5946314761801
39.2489221956269,48.5321298100757
39.3062674378146,48.5753461342076
39.3780067696415,48.6200192793041
39.3221131004371,48.4782031540377
39.3440002260349,48.5332237747075
39.2255855243824,48.5575715695318
39.2139607764963,48.5623386114658
39.3134584006245,48.5651456896391
39.3409511118352,48.5420537284426
39.2185912132197,48.5888190303132
39.4045060859335,48.5585535747745
39.3653440254322,48.634315009473
39.2634460348064,48.5601560778355
39.2856372608896,48.5665161804725
39.3670510428232,48.4851190068945
39.3031960229127,48.5039592091278
39.3385203352891,48.5388311865127
39.365471747636,48.5581313664765
39.3054078471094,48.5956728333881
39.3838049522285,48.5826140521308
39.2220863414644,48.5697562582103
39.3426338011874,48.5536489441939
39.3506985460585,48.5642688992438
39.3039360007604,48.5680458424853
39.3032021049224,48.5678475529651
39.2431361770593,48.5336109113897
39.2991332404287,48.566783264316
39.3144457135335,48.5297800118162
39.3201060372339,48.5691357603921
39.2156292744925,48.5609236066585
39.2938946027347,48.5506260406924
39.2710323282472,48.52585603757
39.3665584000369,48.6011723325293
39.2901399754091,48.5728600962098
39.2993704388072,48.5391926939372
39.3952735951987,48.5740660202305
39.3012051784021,48.5679810948868
39.4044655392021,48.5732998403158
39.3149930944071,48.5715786333243
39.391735892886,48.5708380826673
39.3024296896897,48.4980321060553
39.2754701679966,48.5387057380407
39.2686299344131,48.6037689810078
39.2827219509035,48.5854508062868
39.3809646536955,48.5674024132259
39.3426966486211,48.5591282097106
39.4216309979309,48.569862821966
39.2939412314757,48.558631811456
39.414510991901,48.5756968503658
39.1685119452949,48.5854211303042
39.4240800205061,48.6546498021033
39.3328701482716,48.530596101338
39.3903978507505,48.5864058333636
39.3828967054456,48.56620862938
39.3545768409148,48.5613822354807
39.3085806288397,48.5757548534227
39.3884029515668,48.5902745023694
39.3707367407054,48.5640638651821
39.2140438972957,48.5612311577511
39.3618874165822,48.5545810398295
39.4079545854372,48.6396715243343
39.3591971409553,48.5050288934101
39.3414072625632,48.6001646980288
39.2397099782578,48.5203565384288
39.3405071251266,48.5637144979323
39.3789433991363,48.5696456477297
39.364648648989,48.5235898716252
39.2248049998033,48.5244545218458
39.1964608072336,48.5823361770209
39.295228590197,48.5305542851807
39.3583253862307,48.5724230499204
39.362307075252,48.5246433690079
39.187232371172,48.5577212983531
39.3452531200344,48.5646371512099
39.2724595731917,48.5237396004465
39.1924223527884,48.5724567726279
39.3625037268991,48.4952223300653
39.225032061499,48.5715691909662
39.3021032885021,48.5856410023572
39.2619640517746,48.5344081161953
39.265432824644,48.5452749214643
39.411200351284,48.5784998818143
39.304262401948,48.5765655473113
39.428223896453,48.5108656196264
39.3400509743987,48.5702513075566
39.2899514331082,48.5708866433661
39.2964105274166,48.5743182660826
39.3584024250203,48.5735345503601
39.3146058731225,48.5715084900927
39.2768649755559,48.53051516684
39.1843130065128,48.5586479983556
39.3703150546991,48.5856396534489
39.2705619861633,48.5263848096238
39.3789575904923,48.5740916494882
39.3231369054044,48.5643943477158
39.3848206478495,48.5516336751929
39.3345954116918,48.466228895054
39.1951126284153,48.5834692599934
39.3735810939116,48.4759747575253
39.3397772839618,48.5733200739403
39.2487012159409,48.5601102149533
39.2683278612643,48.5616641573155
39.1889860173041,48.5715759355077
39.3133327057572,48.5648206027387
39.3141172850094,48.6027370661579
39.3648513826459,48.6344728317441
39.3051524027017,48.5080153763874
39.2737712599518,48.5278564685797
39.2490174804456,48.5319908725208
39.2696192746587,48.5783515019012
39.3008179571174,48.5432529079218
39.2814589202211,48.4912497951203
39.3248824421902,48.5784202962245
39.4097649969932,48.6559838724125
39.3459586331604,48.5318586795073
39.3043394407376,48.5572356913649
39.3752678379369,48.5511062520474
39.1934502124288,48.5492285716931
39.304365796113,48.5660062931349
39.2268343637088,48.5649015372368
39.2556874177573,48.5668142892069
39.2936594316927,48.5020639929655
39.226457279107,48.5586479983556
39.2957273149929,48.5943684390615
39.37596321438,48.5568067385254
39.2165517126314,48.5546444385196
39.2230168889496,48.5660885765412
39.3522839232553,48.6221478566023
39.2921592026317,48.5499327018259
39.2589940037012,48.5313191161871
39.3156398147726,48.5666955852764
39.2505785296037,48.5334976030924
39.3203675636513,48.5573530463871
39.3680789024636,48.4882484741517
39.3648067812414,48.4908235400973
39.359264043062,48.5497613904718
39.3099835457454,48.5702148870325
39.2385625057598,48.5604110215043
39.3397732292887,48.6355168867687
39.3431021159348,48.6090728884454
39.364898011387,48.5671299337492
39.3689810672368,48.5607698311123
39.3766160167552,48.5912686477869
39.2758979360126,48.535448124495
39.320491231182,48.6085656989244
39.2568490816113,48.5526008424444
39.3994985646083,48.5911175700573
39.2644171290229,48.5778861285375
39.3230740579707,48.5621551599369
39.2926437360716,48.5475356917759
39.385556571024,48.4777296872242
39.3642006076073,48.5717620848532
39.3186706829431,48.5724041652042
39.305028735171,48.4993176156657
39.3903775773849,48.5762984634678
39.3463478817816,48.5575432424574
39.3544977747886,48.5114011362217
39.3792272262559,48.5575216599246
39.3469520280792,48.4647073264911
39.3700596102914,48.4912187702294
39.3126211106215,48.5627877979298
39.298525039458,48.5704860176009
39.2714013035028,48.5779023154371
39.3656339345615,48.494754258885
39.3446043723324,48.5486067249665
39.4124775733224,48.5779508761359
39.2921956946899,48.5187904558919
39.3547917385911,48.5101722807599
39.2436835579329,48.5698142612672
39.4116828573874,48.579989076578
39.2281805151905,48.5633975044817
39.2907603403991,48.5160858947494
39.3303400322337,48.5321149720844
39.3293223092761,48.5764023294069
39.3714260351388,48.4762944487925
39.3344616074782,48.5547577468169
39.2548460730812,48.5402947520188
39.4172641149615,48.568906445981
39.2801898075289,48.617886655281
39.3353779636073,48.5544043328421
39.2938378373107,48.519787299126
39.3082968017201,48.5517038184245
39.2698301176619,48.5248484030695
39.2170767928027,48.5737962385704
39.4148333384154,48.5687041097359
39.3699987901943,48.6052838050293
39.2124909574839,48.5600562586213
39.4092987095823,48.644454753168
39.3945356446877,48.5638831114699
39.2763763874428,48.5456094507228
39.3165906356234,48.5666807472851
39.4376814215468,48.5364773415283
39.3908317007763,48.6221343675193
39.4154455940592,48.5773155403264
39.3526123517795,48.4730894426705
39.3826899171156,48.5807916770168
39.3097139099817,48.5921144132914
39.269759160882,48.4896472920593
39.4167998548872,48.5801725281069
39.3288073657876,48.6000648788146
39.2935276548157,48.5144213419066
39.3479758330465,48.5734522669537
39.2428624866225,48.5687243433604
39.3471851717846,48.5726887848556
39.3626922692,48.5367956838872
39.2961854930575,48.5677855031833
39.350818158916,48.5733740302723
39.2937628258577,48.5189941410453
39.2760662049478,48.5392601393523
39.3655650051182,48.5820933735268
39.3968366716934,48.5652563001198
39.2929539185667,48.518144328816
39.2989588894837,48.5684181411762
39.2931079961459,48.5409880908852
39.2525511280852,48.5604906070941
39.3470736682733,48.5565005363411
39.3419505887637,48.6071668810168
39.25079342728,48.5593291970473
39.1627259267273,48.5472294895917
39.3796043108578,48.5481278625198
39.3340703315204,48.6576659610632
39.3032000775859,48.5888756844618
39.3338392151516,48.5303789271017
39.3931266457723,48.5921049709332
39.3299325375833,48.5541453424484
39.2353897240295,48.4838753134414
39.2557502651909,48.6234630421953
39.3855910357457,48.5675723756718
39.2750647006828,48.5531282655899
39.3579584383117,48.5122819733419
39.4214019088986,48.5699262206562
39.3246452438116,48.6247822745132
39.3734391803518,48.5616668551321
39.2791984399467,48.6170975439252
39.2645468785634,48.5251802345115
39.2777042928955,48.524940128834
39.3468709346164,48.5577145538116
39.3152424568051,48.5669909961942
39.3080231112833,48.5641947092873
39.2725163386157,48.5627716110302
39.3485779520074,48.6347358688627
39.2877132535361,48.5224473462946
39.3108613824797,48.5646965031751
39.3503559261783,48.5378667170778
39.2158603908614,48.5609330490166
39.3088624286228,48.5651767145301
39.3165663075846,48.6340155518303
39.2771427206659,48.540300147652
39.2352964665474,48.5535410315298
39.2991616231406,48.5666928874598
39.4031011416912,48.6442335322067
39.2970268377336,48.5161762716055
39.361558988058,48.5110706536881
39.2303112459244,48.5526831258507
39.3036177089191,48.5681901756734
39.4185170089611,48.5817264704691
39.2185141744301,48.5633502926912
39.3535307352452,48.5947083639532
39.3431000885983,48.5345133310427
39.2258592148192,48.5219684838479
39.364117486808,48.5591551878766
39.2862028877923,48.5496076149255
39.3788967703952,48.5030932099988
39.3591910589456,48.5375416301774
39.3396799718065,48.5961665338261
39.2396815955459,48.5685543809145
39.3511769974887,48.6218551435011
39.3063465039408,48.577798449498
39.3424493135596,48.6361387334953
39.2728001657353,48.525362337132
39.300363833726,48.5671164446662
39.3286472061986,48.5526682878594
39.3157817283324,48.5667684263247
39.3193741687325,48.4933513942525
39.2937364704823,48.553752810133
39.3074716757365,48.6281788256139
39.3877724498938,48.5693960996941
39.3373019060112,48.559534231109
39.2901156473702,48.4774207872234
39.3132090382265,48.5652913717356
39.411952493151,48.5784958350893
39.3086353669271,48.5964767827352
39.310413341098,48.5623494027322
39.3604277342526,48.5077995510593
39.4108212393456,48.5789800931692
39.3435521846531,48.5696483455463
39.1744337954126,48.5565868664724
39.2520544306258,48.5604973516356
39.2688569961088,48.5871882001779
39.3130367146181,48.5629699005504
39.3119155974955,48.5629388756595
39.353790234326,48.5501444804291
39.3273780935065,48.6323078339218
39.2944886123493,48.5121106619878
39.2262687368061,48.5655557577625
39.1793865786504,48.5872664368593
39.2563868488736,48.5678178769825
39.3062775744975,48.5711321446768
39.2641616846153,48.4834207313441
39.2667810034623,48.5864638364205
39.3354712210895,48.556971305338
39.3626334764395,48.6552446706638
39.4060205063504,48.5931166521586
39.3502606413596,48.5706411420554
39.3092030211664,48.5642850861434
39.4184338881618,48.5786954735178
39.3046415138864,48.5698304481668
39.3081711068528,48.538639641534
39.2779779833323,48.5335151389004
39.2875976953517,48.5486997996393
39.3123981035989,48.6367916051127
39.3927819985556,48.5781006049573
39.3342244090996,48.5675791202133
39.2126794997848,48.6264144535569
39.4172985796832,48.4721708361178
39.4187602893494,48.5759531429429
39.294494694359,48.5480806507293
39.3735952852676,48.5705318804831
39.3091503104156,48.5683749761106
39.2768386201806,48.5418095760402
39.3864262984121,48.6573341296213
39.3095517230562,48.554340934152
39.216953125272,48.5922992137285
39.3733520048793,48.5525603751953
39.2866266011352,48.6001876294699
39.261167308503,48.5443279878373
39.2889803388917,48.5793780211179
39.3015802356673,48.5719684678232
39.3515540820906,48.5403122878267
39.3669476486582,48.4936832256944
39.3031798042202,48.5008836982026
39.350169411214,48.5807889792002
39.2851953015175,48.5393626563831
39.2949325990579,48.5040145143681
39.2647333935277,48.5263335511084
39.340928811133,48.6076605814548
39.2309822943288,48.5659145673704
39.3958635501403,48.5662585389871
39.3043353860645,48.5681982691232
39.3044955456534,48.5674887433571
39.2591480812804,48.5400654376077
39.3231490694238,48.5499839603414
39.3055071866013,48.5680107708694
39.3223523261522,48.5719468852903
39.3875149781496,48.5694824298253
39.3677545286126,48.5282139292793
39.3831703958824,48.5800106591108
39.2599204965131,48.5406400725437
39.2234081649074,48.5697292800443
39.268023760779,48.5716271940231
39.2867928427338,48.5661263459736
39.3951073536001,48.4814836990246
39.4285746256794,48.5163947947502
39.3967373322015,48.4893410898751
39.2694165410018,48.4812678736965
39.3448983361349,48.572632130707
39.3472277458525,48.4644348470144
39.3445699076107,48.5331212576766
39.344314463203,48.5582379302322
39.1609094331615,48.5597082402798
39.3655690597913,48.4911108575654
39.3640688307303,48.5525104655882
39.306660741109,48.5683250665035
39.3050104891419,48.5656501813435
39.2977039681476,48.6459169697657
39.195574861153,48.5835110761507
39.3267577285164,48.631806040034
39.271818934836,48.5258924580941
39.4094669785176,48.6702674624066
39.3241059722843,48.562739237231
39.2122902511636,48.5613336747819
39.3413363057833,48.60813269936
39.3556817393448,48.5580180581792
39.3639350265168,48.6270025775759
39.3729607289215,48.5707193787369
39.4180993776279,48.5662113271966
39.3279153376972,48.5514299900395
39.217762032563,48.5882848626262
39.3580395317744,48.5604353018537
39.2926275173791,48.6451885592834
39.3833285281348,48.5800983381504
39.2967572019699,48.5702809835392
39.4067239921398,48.6526723025347
39.3087022690339,48.5115252357854
39.3429642570481,48.6059043028475
39.3465506154385,48.5742440761261
39.3638701517466,48.5371909140193
39.330437344389,48.5739796900992
39.3090002875095,48.6002901465008
39.2519185990757,48.5605013983605
39.3854916962538,48.6520032440176
39.2448715771622,48.608092232111
39.3370870083349,48.5951116875351
39.3699521614533,48.4830754108192
39.4187886720613,48.5659955018685
39.2945291590807,48.581402732477
39.3324727903041,48.5308955589808
39.3916304713844,48.5915869901458
39.3691229807966,48.4761150439885
39.3096388985287,48.6749603143841
39.366590837422,48.5322053489406
39.3144984242843,48.5665809280709
39.3381533873702,48.5671946813476
39.2432051065026,48.5335636995992
39.3080332479661,48.5706735158547
39.3302082553567,48.5674293913919
39.155287628856,48.5709392507899
39.3375289677069,48.5050922921002
39.3870405813925,48.6140166373668
39.2376197942553,48.5611745036024
39.4118734270248,48.5149622541351
39.2381306830707,48.5175993698626
39.2793626542088,48.4525199399959
39.3361341601475,48.5951224788015
39.3383115196225,48.5198088816588
39.3818141077179,48.4990748121716
39.2704991387296,48.5253920131147
39.2985696408625,48.5078062956008
39.3724153753845,48.6050369548103
39.4020651727045,48.5777944027731
39.3567035169755,48.5035801658953
39.2521233600692,48.5594101315454
39.3143200186663,48.5920577591427
39.3150518871676,48.5712157769915
39.2748315569773,48.5221195615776
39.3422202245274,48.5781181407652
39.3371133637103,48.592952085346
39.3718842132034,48.5652630446613
39.3491476335833,48.5492703878504
39.3677829113245,48.4903028614933
39.3805551317086,48.5784391809407
39.3474446708654,48.6554712872583
39.3193964694348,48.6237759889211
39.2676446488406,48.5299985349609
39.2956887955981,48.5722476918414
39.2616457599333,48.5480428812969
39.2485390290154,48.5299486253538
39.3673470339622,48.5507258599066
39.1915992541414,48.5577293918029
39.3900734768995,48.512524776836
39.1860139418941,48.5913927473506
39.3296426284539,48.5693380966371
39.2987419644709,48.5464484716857
39.393955826429,48.5684033031849
39.2711174763831,48.5242454410592
39.23703794866,48.5795965442626
39.3132272842556,48.5382201310526
39.1969757507221,48.6113984063555
39.3799449034013,48.4996966588981
39.3289026506063,48.5499380974591
39.3422100878445,48.5493391821737
39.2350248034471,48.6117464246971
39.2833990813175,48.5484907188527
39.2800215385937,48.5854076412212
39.2384854669702,48.5612932075329
39.3717504089899,48.6034546853738
39.2698666097201,48.524980596083
39.2691225771993,48.5248537987028
39.290182549477,48.4906778580009
39.3741082014195,48.5559137612304
39.3572671165417,48.5578831673492
39.252603838836,48.5612217153929
39.313385416508,48.572070984854
39.3543436972093,48.5482074481096
39.3121021124599,48.5724486791781
39.2782820838176,48.5334315065857
39.3049131769866,48.5715057922761
39.3423966028089,48.5355573860673
39.2151832604474,48.6269648081435
39.3482819608684,48.6066961120199
39.3926988777562,48.5716420320144
39.2749430604886,48.520662740613
39.3014910328583,48.5719617232817
39.3244100727696,48.5657257202084
39.3980571283078,48.5868199482118
39.2731650863177,48.5553809424517
39.1880210050973,48.5732243014509
39.3132435029482,48.5651335494644
39.3471162423412,48.655919124814
39.2135695005385,48.5619622660499
39.3003435603603,48.5831333818265
39.2692340807106,48.5237841144204
39.3642269629827,48.5591025804528
39.307060126413,48.6714234768202
39.4057447885771,48.5529434651527
39.3956587891468,48.567357899252
39.2385827791255,48.5778267765723
39.3162926171478,48.557491983942
39.3680647111076,48.4914467357322
39.4171972128547,48.5786523084522
39.4276684062331,48.5851365106528
39.3932584226493,48.5692126481652
39.1924507355004,48.5605782861336
39.4214870570345,48.5140422986741
39.2302625898468,48.5244437305794
39.3058862985397,48.5161492934395
39.3882894207189,48.5046808750685
39.3966704300947,48.5902866425442
39.2163226235991,48.586578493626
39.4119423564682,48.580087546884
39.3486813461724,48.6102949993657
39.3304353170524,48.5320178506868
39.3081204234386,48.5644793289387
39.2943345347701,48.5490235376314
39.1949747695286,48.4824009566689
39.2231527204997,48.5737733071292
39.2594075803612,48.555575185247
39.2588318167756,48.5557424498763
39.2773778917079,48.4892938780846
39.3833812388856,48.586403135547
39.3929664861833,48.5706236062475
39.1830540305035,48.5505518507359
39.1613169278119,48.584522757376
39.3290810562244,48.5498315337034
39.3160716374618,48.456353537386
39.2916320951238,48.5728344669521
39.2907765590917,48.5763119525508
39.3345062088827,48.4662788046612
39.3374478742442,48.5640719586319
39.4061705292565,48.584033103663
39.3552539713288,48.5420483328094
39.3073561175521,48.600470900213
39.359424202651,48.5053175597864
39.3420276275533,48.5708380826673
39.3993323230097,48.5885114792207
39.3413971258804,48.540735845033
39.393720655387,48.5708866433661
39.3490564034377,48.5925231325064
39.3413221144273,48.6088476207592
39.361601562126,48.6191006727515
39.305292288925,48.5728169311442
39.2597076261734,48.5527060572918
39.3876041809586,48.56079546037
39.3288114204607,48.5650768953158
39.3745785435035,48.602144895414
39.2668418235593,48.5453329245212
39.285414253867,48.5464444249608
39.2489080042709,48.4905497117123
39.3668361451469,48.5668318250148
39.2860467828765,48.5505491529193
39.2501750896265,48.5272224816785
39.3257197321931,48.557671388746
39.3155688579927,48.5677005219603
39.3793894131815,48.5479066415586
39.3151938007274,48.5673106874615
39.2781563889503,48.5208124694344
39.410273858472,48.5795264010309
39.2471604401485,48.5621983250025
39.2350531861591,48.4836513946635
39.2619194503701,48.5239001205343
39.2696294113416,48.5245300607106
39.3767214382568,48.5028584999545
39.3673470339622,48.5816576761458
39.299790097477,48.573345703198
39.3580334497647,48.5052150427555
39.3110296514149,48.5029205497364
39.3268935600665,48.5601695669185
39.2290238872032,48.5634069468398
39.394722159652,48.5677989922663
39.4003824833523,48.5735534350763
39.3903735227117,48.563852086579
39.2708600046389,48.584854588818
39.3726708197921,48.4904552881313
39.2732259064148,48.5276190607188
39.3041427890904,48.5659901062353
39.2609118640953,48.5591956551256
39.3523508253621,48.5705817900902
39.294523077071,48.5042640624037
39.3539767492904,48.5530338420088
39.2500554767689,48.5271887589709
39.2706734896746,48.5207113013119
39.2945940338509,48.5457807620769
39.3014444041172,48.5943009936465
39.1867113456738,48.5910271932011
39.3126028645924,48.6258640989702
39.1857503881402,48.571083583978
39.3267212364582,48.5303762292851
39.3773843773148,48.6355843321838
39.2615261470757,48.5421508498403
39.3470777229464,48.5564560223672
39.4046784095418,48.5922627932044
39.2913097486093,48.4847075898628
39.1917310310184,48.5802345778887
39.3910628171451,48.6296437400283
39.3346582591254,48.6091538229435
39.4111010117921,48.5768002573556
39.3991072886505,48.5813487761449
39.3855768443897,48.5226159598322
39.3079014710891,48.4713304662466
39.3396252337192,48.5722976014485
39.3592316056769,48.5065841846806
39.3632437047468,48.6347345199544
39.2945007763687,48.5512128158031
39.2589494022966,48.5432407677471
39.2155360170104,48.5611286407202
39.2871577633162,48.5774409887983
39.4278488391877,48.5182320078555
39.4134405581926,48.5771347866141
39.2869327289571,48.5664338970661
39.3766606181597,48.5028881759372
39.3115851416348,48.5726955293971
39.3307819916057,48.5318937511231
39.3804051088025,48.5857462172046
39.4106793257858,48.6524119632327
39.3617718583978,48.530842951557
39.3058416971351,48.5113323418984
39.3512337629127,48.5904539071734
39.3836873667075,48.6186717199119
39.2959097752841,48.5155058641802
39.3070560717399,48.5639761861426
39.1555126632151,48.5705683010072
39.2390794765849,48.5601264018529
39.3561216713803,48.5558921786976
39.3138334578897,48.574674377874
39.2485511930348,48.5295709310297
39.4110178909928,48.642821225216
39.2929924379615,48.5886841394831
39.4332192537587,48.4997074501645
39.2761249977083,48.5354278908705
39.3988680629354,48.5776986302837
39.3224435562978,48.5363343572484
39.367282159192,48.4975127763596
39.2861785597534,48.5670557437927
39.3537233322193,48.5578804695326
39.2156454931851,48.5568687883072
39.3099490810237,48.6758357558711
39.2183540148411,48.5601709158268
39.410687435132,48.5796707342191
39.3051483480286,48.5080477501866
39.2328758266841,48.6201056094353
39.2635818663566,48.5251923746862
39.3595965262593,48.5523324096926
39.2184452449867,48.5604285573122
39.3302204193761,48.5481143734368
39.181683550983,48.579468397974
39.3817857250059,48.5683736272023
39.3634484657402,48.6356652666818
39.3718781311937,48.5686231752379
39.2180316683267,48.5605513079676
39.3978239846024,48.5871787578198
39.3394468281011,48.5756523363919
39.3955330942795,48.5678435062402
39.2185526938249,48.5601992429012
39.3395137302079,48.5779522250442
39.3185287693833,48.5690534769857
39.2556488983625,48.5573827223697
39.3278484355905,48.5263308532918
39.3158547124489,48.5625854616848
39.291875375512,48.5572694140724
39.2704748106908,48.5999785486834
39.3271064304063,48.5648947926952
39.311518239528,48.5710458145456
39.3708381075339,48.5947434355691
39.3754482708915,48.5052204383887
39.3000597332407,48.5834760045349
39.3144416588604,48.5687648106094
39.2730900748647,48.49338511696
39.3436636881644,48.5985392635267
39.3687154861462,48.4898820021036
39.2675128719636,48.5514610149304
39.3150478324945,48.5712980603978
39.3037738138349,48.5670516970678
39.4100042227083,48.5776244403272
39.2694327596944,48.5204792890842
39.2762669112681,48.527938751986
39.342254689249,48.5663920809088
39.1604066536924,48.6136591766672
39.2612666479949,48.4629389077091
39.2539297169521,48.5652495555783
39.3121325225084,48.568646106679
39.3789535358191,48.5649150263198
39.3647500158175,48.57251072896
39.2705356307879,48.5526588455013
39.3953404973055,48.5797260394594
39.3716693155271,48.4910649946831
39.3957033905513,48.5932421006306
39.1566722997325,48.5692854892134
39.3407990615926,48.5385371245032
39.2489789610508,48.5605769372253
39.3538855191448,48.5446881463535
39.1898902094139,48.5586547428971
39.3263461791929,48.5560702345933
39.3883380767966,48.5593238014141
39.2748315569773,48.5221519353768
39.3046719239349,48.5075661899233
39.4260242362757,48.5842003682922
39.3000637879138,48.5560203249862
39.3087184877264,48.5719091158579
39.3084650706553,48.5674212979421
39.1884954018545,48.5617302538222
39.3955351216161,48.5665957660622
39.3305853399585,48.5323348441374
39.2688732148014,48.5786428660941
39.2155380443469,48.5609101175755
39.3303440869068,48.4588692513664
39.350404582256,48.6088192936849
39.2181634452036,48.5896661447259
39.3418492219353,48.5959466617731
39.2784158880312,48.5288074489316
39.3880988510814,48.5597419629873
39.3601459344695,48.5100373899299
39.3510857673431,48.5734064040715
39.2976330113677,48.5771307398892
39.3081711068528,48.5683709293857
39.2589818396817,48.5352592773329
39.2940446256408,48.4992474724341
39.3025959312883,48.5765952232939
39.2632291097936,48.5598269442102
39.2305950730441,48.567479300999
39.3368761653318,48.5746973093151
39.3073196254939,48.5683601381193
39.336235526976,48.541148610973
39.3011058389102,48.5796977123851
39.4297241255139,48.5158700694213
39.3060849775234,48.5044083955918
39.3621225876242,48.5701919555914
39.238538177721,48.5610949180127
39.3810781845433,48.5657634896408
39.3283674337521,48.5558989232391
39.3127285594597,48.5609222577502
39.2721270899944,48.5262539655187
39.39856396245,48.5921332980076
39.3530299831127,48.5449269031227
39.3091361190596,48.5187284061101
39.4138176427944,48.5758249966543
39.2701159721181,48.5549209647212
39.3068837481316,48.5731420180446
39.3407341868224,48.611090855263
39.3227192740712,48.5552447027134
39.2804128145515,48.5254257358222
39.3622584191743,48.5985783818674
39.3280065678429,48.5507622804308
39.2381813664849,48.5176007187709
39.3714017071,48.5563332717119
39.2303903120506,48.5633894110319
39.408566841081,48.6583120881391
39.3132414756116,48.5650903843988
39.3510046738804,48.5640962389813
39.3976536883306,48.5874539351131
39.2794153649596,48.5686757826616
39.3531597326531,48.5146627964924
39.3044326982198,48.5672931516536
39.3645391728143,48.60183059978
39.3308468663759,48.532171626233
39.3384980345869,48.5954610547849
39.2805466187651,48.4813973688933
39.2594075803612,48.5556062101379
39.3072263680117,48.5676141918291
39.3038549072976,48.5680471913936
39.2508299193382,48.5682589699967
39.3010085267549,48.6048521543731
39.4186852778963,48.5792323390214
39.35384699975,48.5495806367595
39.3347332705784,48.6436926199782
39.3014707594926,48.5449727660049
39.2944845576762,48.5471067389363
39.2316452333868,48.577358705392
39.4125019013612,48.576195946437
39.1736573255067,48.4684303134005
39.3651798111701,48.5814634333505
39.2853149143751,48.5470972965783
39.3788055402496,48.5247984934624
39.3090489435871,48.5705345782997
39.3060059113972,48.568179384407
39.4036728506037,48.6413697998847
39.2384104555172,48.5614321450878
39.1569115254477,48.5654357049238
39.3363794678724,48.6122455207682
39.303350100492,48.5678691354979
39.3861343619462,48.5711564250262
39.3737939642513,48.5726941804888
39.272025723166,48.5260381401906
39.2377454891226,48.5177059336183
39.320726402224,48.5419309777873
39.3726464917533,48.4853523680305
39.3336608095335,48.5433810542103
39.3870547727484,48.5677558272006
39.3296507378002,48.5494376524796
39.3646993324033,48.4922978968698
39.1747601966002,48.5800281949187
39.194248983037,48.5660669940084
39.3364463699792,48.6135188902039
39.3052456601839,48.5645804970612
39.3230010738543,48.5702647966396
39.3211014594892,48.6693110864216
39.424517925205,48.5104110375291
39.3187173116842,48.55894610709
39.3911945940221,48.6074649897512
39.255811085288,48.5581043883105
39.3582159100559,48.5739513630249
39.4361345637448,48.5086183383977
39.4298842851029,48.517471223574
39.1555451006002,48.6010603731404
39.3093672354284,48.5664568285072
39.3573725380433,48.5083620458206
39.304205636524,48.5210930423609
39.3949107019529,48.6301239513833
39.1914228758599,48.4811518675826
39.3215312548418,48.5676465656283
39.3234592519188,48.62553091862
39.3129312931166,48.5653264433514
39.3712618208768,48.5610814289297
39.2941784298543,48.5490950297713
39.2392234174813,48.5561929852486
39.3362436363223,48.5437843777922
39.3047814001096,48.5670355101682
39.3805895964302,48.5595625581833
39.3702501799289,48.6052123128894
39.3677971026805,48.5275017056967
39.2958976112647,48.5337134284205
39.3071209465101,48.5684235368094
39.3775850836351,48.5714923031931
39.2723156322954,48.5406198389192
39.3995269473203,48.6555184990488
39.271141804422,48.5198587912659
39.2750403726439,48.5225363742425
39.2590527964617,48.5432340232056
39.2127281558624,48.5690116608284
39.2630932782435,48.5351446201274
39.3419120693689,48.541036651584
39.2882383337074,48.4870007339737
39.3523731260644,48.5071736576079
39.2745234018189,48.5559731131956
39.3762774515482,48.583552892308
39.3161953049925,48.5682023158481
39.2909752380754,48.5769149145611
39.3325741571326,48.5505370127446
39.2782314004034,48.5334315065857
39.3082177355939,48.5385034017957
39.3608007641813,48.5596340503232
39.3016451104375,48.5722530874746
39.3003455876969,48.5813919412106
39.3493442852305,48.5315335926069
39.4005385882681,48.6461017702029
39.396678539441,48.4944048916352
39.4205037987986,48.5123480698487
39.2936513223464,48.5488495284606
39.1584076998355,48.5606646162648
39.2730373641139,48.5787372896751
39.345005784973,48.5594627389691
39.3316659103497,48.5316860192449
39.3062147270638,48.5721964333259
39.2803763224933,48.582017834662
39.301026772784,48.5879961962499
39.3933192427463,48.569099339868
39.4182514278706,48.5695539219652
39.2305565536493,48.5523769236665
39.2634642808356,48.5591497922434
39.2124240553771,48.5603732520719
39.4101238355659,48.5779832499352
39.1880473604727,48.5579762420219
39.2683704353323,48.5298299214233
39.3082278722767,48.5641218682391
39.3859296009527,48.5625207140863
39.2982371576652,48.5729612643323
39.2374130059253,48.5655530599459
39.40637529025,48.5532145957211
39.2792106039662,48.527323649801
39.1916053361511,48.5580180581792
39.2796748640404,48.616970746545
39.3833771842125,48.5899116460366
39.387202768318,48.5605499590593
39.3356516540441,48.556764922368
39.314607900459,48.5716271940231
39.3033521278285,48.5659469411697
39.2716162011791,48.4786914588425
39.2147271097194,48.5653844464083
39.2820184651141,48.5416746852102
39.4003622099867,48.6464282060116
39.3333607637213,48.530474699591
39.3150397231482,48.5712589420571
39.3062816291706,48.5629496669259
39.1602444667669,48.5836675495135
39.21630437757,48.5604973516356
39.3036866383624,48.5659213119119
39.3001205533377,48.5039969785602
39.2884289033449,48.5466076428652
39.3293973207291,48.5981224508619
39.3525941057504,48.5444790655669
39.1565810695869,48.5699558966388
39.3035690528414,48.5648381385466
39.404418910461,48.5731878809268
39.3813376836242,48.6170395408683
39.3924535700314,48.5704455503519
39.3663455296972,48.4793267946521
39.3441583582872,48.5938383180994
39.303410920589,48.568138917158
39.1870032821397,48.5673417123524
39.1965986661203,48.5630292525156
39.2940223249385,48.5207773978186
39.1552856015194,48.5731541582193
39.3443104085299,48.6065221028492
39.3282133561729,48.5506395297754
39.4280961742491,48.5153089235683
39.376330162299,48.5007353182895
39.3183706371309,48.5772251634703
39.27526135233,48.5842098106503
39.3604034062138,48.5497897175461
39.3133610884692,48.5647625996818
39.2158583635248,48.5607779245621
39.3985903178254,48.4802507968379
39.1791331615793,48.5047442737587
39.2946426899286,48.5467290446122
39.3858890542213,48.6089123683577
39.2611693358396,48.5447380559607
39.37091717366,48.4915317169551
39.2305666903321,48.5522959891684
39.2790909911086,48.6190237849783
39.2436977492889,48.526529142812
39.3668097897715,48.5030082287759
39.2568977376889,48.5586102289232
39.3347332705784,48.6442254387569
39.384747663733,48.5817939158841
39.3165237335166,48.5666470245776
39.2333238680658,48.6146803002507
39.3130590153204,48.5648920948787
39.3240329881678,48.5470473869711
39.3450443043678,48.6060580783938
39.3106647308325,48.5630953490224
39.2660430529512,48.5288209380146
39.4051183415773,48.563919531994
39.3832474346721,48.5657405581997
39.1558877204804,48.5628808726026
39.290991456768,48.548177772127
39.3086738863219,48.5704968088673
39.2543655943144,48.6261311828138
39.2654125512783,48.4893950462071
39.3464593852929,48.5741955154273
39.4104705101192,48.5794940272317
39.2884491767106,48.5669963918275
39.2169470432623,48.5390429651159
39.3721781770059,48.4807849645249
39.3014200760784,48.5680053752362
39.3932543679761,48.5925042477902
39.2423009143929,48.5664001743586
39.2902271508815,48.4918743396634
39.3399698809359,48.5353334672895
39.2921956946899,48.5694568005676
39.2629817747322,48.5681969202149
39.1894401406956,48.5564856983498
39.3364666433448,48.6113134251326
39.2701078627718,48.4935402414146
39.3355239318403,48.4759747575253
39.3157046895428,48.5616061542586
39.3854937235904,48.5567460376518
39.2932174723206,48.5780115770095
39.1836237120794,48.5358055851946
39.3067114245232,48.6640719265824
39.3387473969849,48.5567298507522
39.2712573626064,48.4893626724079
39.3037940872006,48.5733227717569
39.3051138833069,48.5647356215158
39.2722041287841,48.5494376524796
39.3949654400403,48.6302493998552
39.3078994437526,48.5705372761163
39.311974390256,48.4992690549669
39.3709293376795,48.5713385276468
39.2632777658712,48.5417785511493
39.293154624887,48.5758560215452
39.324037042841,48.5995617360185
39.2951819614559,48.5377480131474
39.2973897309794,48.604680843019
39.3199519596546,48.5908059722398
39.2379806601646,48.5603044577486
39.2770028344426,48.4789423557864
39.3045036549997,48.5707976154183
39.3045502837408,48.5672971983785
39.3296973665413,48.5532388760705
39.3159398605848,48.5988508613441
39.2929012078159,48.5462474843489
39.1574143049167,48.5653210477182
39.3468101145193,48.5669195040543
39.189687475757,48.5582433258654
39.2383638267761,48.5616682040404
39.3064924721738,48.5613687463977
39.3047955914656,48.5640072110335
39.3306826521138,48.5322862834386
39.3070905364616,48.5640706097236
39.3597789865506,48.5521125376396
39.3778851294473,48.5882214639361
39.3322274825793,48.5576525040298
39.2755958628638,48.609721713338
39.2764493715593,48.5723610001386
39.3239539220416,48.5349625175068
39.213200525283,48.5609451891913
39.2150413468875,48.5608966284925
39.2427570651209,48.5247404904055
39.4293875876435,48.5158525336134
39.3695568308223,48.4779117898448
39.4026287722707,48.6407533487913
39.1571852158845,48.5596205612402
39.3422587439222,48.559273891807
39.3058173690963,48.5349180035329
39.3915838426433,48.5776338826853
39.3414275359289,48.5357259996049
39.3362111989372,48.595362584479
39.3827223545007,48.591363071368
39.3559939491764,48.527283182552
39.3919467358892,48.5705480673827
39.2488775942224,48.6135000054877
39.2843863942265,48.5108305480106
39.1766294009167,48.4782395745618
39.4106225603618,48.5794643512491
39.3936882180019,48.5708893411827
39.2973654029406,48.5698061678174
39.2575201300156,48.5552541450715
39.3211055141623,48.5495091446196
39.3018255433922,48.5647477616905
39.3691513635085,48.5047118999595
39.2746065226182,48.6079640858224
39.2645529605731,48.525393362023
39.1836784501668,48.5470986454865
39.3492307543826,48.5094087986618
39.3234572245823,48.5649730293767
39.3032102142687,48.5891724442879
39.212288223827,48.5612446468341
39.2744909644338,48.493618478096
39.2964571561577,48.5562267079561
39.3723748286531,48.5701622796088
39.213553281846,48.5619150542594
39.4015583385623,48.642026718227
39.2629392006642,48.5600737944292
39.3134705646439,48.5650188922589
39.3270070909144,48.5601722647351
39.2691164951896,48.5248065869122
39.3730458770574,48.562505876095
39.3208885891495,48.5572087131989
39.3313273451427,48.5746635866076
39.3646445943159,48.5667252612591
39.3484299564379,48.5408572467801
39.2698929650955,48.5208030270763
39.307986619225,48.5316590410789
39.2727474549845,48.5826288901221
39.3450970151186,48.5323550777619
39.3616360268477,48.6647369383745
39.2888445073415,48.5795547281053
39.4345390498651,48.4997465685053
39.4057772259622,48.5833262757135
39.3883563228257,48.5686447577707
39.3228307775825,48.5621565088452
39.3076642727106,48.6687391493021
39.2897669454804,48.5476098817324
39.3899964381099,48.5911485949482
39.2611510898105,48.4731137230199
39.3026182319906,48.4934633536415
39.3196275858036,48.5629793429085
39.2938439193204,48.5198749781655
39.3466945563349,48.6566839558204
39.2307025218822,48.5514704572885
39.3704954876537,48.5645049581964
39.2865536170187,48.6248861404524
39.3179509784611,48.5694176822269
39.2135654458654,48.5622644215092
39.4005284515853,48.6329971260634
39.1695114222233,48.6129550465343
39.3028148836378,48.5116331484494
39.2787078244971,48.5440622529021
39.3531597326531,48.5477892865364
39.3015052242143,48.5913671180929
39.4102556124429,48.5782570783202
39.3104356418003,48.5621619044784
39.2907360123603,48.5250790663889
39.2130728030792,48.5622280009851
39.2395356273129,48.6082203783995
39.3132495849579,48.5650202411672
39.2757823778282,48.5256968663906
39.3441178115558,48.6531754453308
39.1590828029129,48.547791984353
39.2010709705913,48.5206816253293
39.2968910061835,48.5623871721646
39.329614245742,48.5495968236591
39.2965889330347,48.5259828349503
39.3683444835541,48.500934956718
39.2715087523409,48.5197495296936
39.3096287618458,48.5627082123401
39.3901160509675,48.569180274366
39.3207912769942,48.5675426996892
39.2955772920868,48.5715260259006
39.3685938459521,48.4856788038392
39.2182222379641,48.5602572459581
39.3542707130929,48.5545999245457
39.300481419247,48.5159064899454
39.3369734774871,48.6120566736062
39.2741625359096,48.5289450375782
39.3464046472056,48.5740228551648
39.1916844022773,48.5803128145701
39.3055092139378,48.5967128416878
39.3300582324506,48.5894880888303
39.3932057118985,48.5426405035533
39.421456646986,48.5699046381234
39.3304616724278,48.5324063362773
39.3731898179538,48.5625760193267
39.1897645145466,48.5658349817807
39.4080478429193,48.6481709955359
39.3158526851123,48.5625463433441
39.350066017049,48.5287022340841
39.4058116906838,48.5699005913985
39.3276882760015,48.5548926376469
39.2793829275745,48.5630805110311
39.2098716386369,48.5679015092971
39.3023445415538,48.5786401682775
39.3201790213504,48.5691317136672
39.2890979244127,48.5224837668187
39.2928059229972,48.6256927876161
39.3386581941758,48.5674698586409
39.3672720225092,48.6342043989923
39.3104599698391,48.5628039848295
39.2163915530424,48.5628471498951
39.2842688087055,48.5388028594384
39.2751052474141,48.5388149996131
39.1745473262605,48.6141771574546
39.3995249199837,48.61347437623
39.2876422967562,48.5658848913878
39.4116402833194,48.5370627677307
39.1832669008433,48.5504695673295
39.339207602386,48.4734496011867
39.2865130702873,48.5231878969516
39.1922723298823,48.5639438123434
39.3831926965847,48.574853782678
39.2937060604337,48.5182036807812
39.3218252186443,48.4796208566616
39.3632355954005,48.5624330350468
39.2737063851816,48.5831171949269
39.3091685564447,48.5673632948852
39.2425036480498,48.5279778703267
39.3867385082437,48.6593291649977
39.2668600695885,48.5562860599214
39.3154492451351,48.5695579686901
39.3765247866096,48.5570670778274
39.3025371385278,48.5656353433522
39.3139611800936,48.6646465615184
39.2737084125182,48.5276770637757
39.2810899449655,48.5239783572157
39.2646320266992,48.5467668140446
39.3776357670494,48.4877008173817
39.3301677086253,48.5674159023089
39.3836326286201,48.5878653521447
39.3285620580627,48.5517429367652
39.397722617774,48.482015168895
39.2430287282211,48.5559124123221
39.2627648497193,48.5472820970154
39.3046536779058,48.5697913298261
39.2574958019767,48.5568930686566
39.3077230654711,48.5631479564461
39.2325818628816,48.5235993139833
39.4359419667707,48.4998328986365
39.2942108672394,48.5439287109803
39.3726586557727,48.5934741128583
39.2956239208279,48.5688781189067
39.3780452890363,48.4922992457781
39.3214866534373,48.5557842660336
39.3690702700458,48.5196483615711
39.2331353257649,48.6204846526678
39.3867364809071,48.571303456031
39.355539825785,48.5723461621473
39.3948843465775,48.5678731822228
39.2294577372289,48.5255619755605
39.2309235015683,48.5527101040167
39.3052253868182,48.4993162667574
39.2140601159882,48.5623278201994
39.3649628861572,48.5503050005169
39.3222306859581,48.5697427691273
39.3826493703842,48.5547820271663
39.3525109849511,48.5057141388267
39.4104603734363,48.5794454665329
39.3020809877998,48.5678421573319
39.411303745449,48.5799337713377
39.1775558937287,48.5842394866329
39.3162824804649,48.5732175569094
39.260372592568,48.4983248191565
39.375375286775,48.5665526009966
39.3343034752258,48.5547388621007
39.4051305055967,48.5729895914066
39.3011240849393,48.5914858220233
39.39497152205,48.6299391509461
39.2883356458627,48.5657486516495
39.3442718891351,48.6271172347814
39.3970272413308,48.5651025245735
39.3549316248143,48.530075422734
39.2666958553264,48.539052407474
39.3821100988569,48.5547294197426
39.3990464685534,48.4909786645519
39.3134360999222,48.5548791485639
39.2901947134964,48.5740822071301
39.1951876398684,48.5856342578157
39.2569139563815,48.558425428486
39.3150356684751,48.4655706278034
39.3641276234908,48.4954206195855
39.259196737358,48.5636807752248
39.3412045289063,48.5885425041116
39.2255368683047,48.5214329672526
39.2953968591322,48.5321756729579
39.4177851404597,48.5217567052448
39.3254622604489,48.4804315505502
39.391971063928,48.5779980879265
39.3063343399214,48.5722395983916
39.2730758835087,48.5937371499769
39.3151025705818,48.5708650608333
39.2719709850786,48.4804275038253
39.4030565402867,48.6426094466129
39.3840583692996,48.564426721515
39.3920967587953,48.6308442684157
39.359880353379,48.5118570672273
39.2931748982527,48.5757238285318
39.3810721025336,48.5722989503568
39.2577573283941,48.539873892629
39.3968163983277,48.5796235224286
39.3848713312637,48.592117111108
39.276173653786,48.5843905643626
39.2929255358547,48.4952155855238
39.2934830534112,48.5182954065456
39.259813047675,48.540627932369
39.3122034792883,48.6091592185767
39.3017485046025,48.5458239271426
39.2779719013226,48.533432855494
39.3134178538931,48.5680552848434
39.1775579210653,48.5444723210254
39.3050469812001,48.5454691642595
39.3960460104315,48.5720817761204
39.3354225650119,48.5488427839191
39.3054909679087,48.5284297546074
39.4259512521592,48.5131061563136
39.4100265234106,48.6579438361731
39.4004676314882,48.5812354678477
39.1944172519722,48.4722113033668
39.2692056979987,48.5495024000781
39.2200468408761,48.5585495280496
39.3567521730532,48.5382255266858
39.1886069053657,48.5907331311916
39.2886397463481,48.5664082678084
39.3944626605712,48.5653817485917
39.354420735999,48.544928252031
39.3701893598318,48.4984947816024
39.3149201102906,48.5697130931447
39.340561863214,48.5495212847943
39.3410382873077,48.5760070992749
39.3789292077803,48.5487173354472
39.3054179837922,48.4993108711242
39.3153377416238,48.564808462564
39.3266462250051,48.5531458013978
39.2686177703937,48.5765830831192
39.2220721501085,48.5710768394365
39.3010308274572,48.5796774787606
39.3296101910688,48.5482600555333
39.3392238210785,48.5897403346824
39.4005973810286,48.5812745861884
39.3868459570818,48.5690399879027
39.3157310449182,48.5672891049287
39.170044611741,48.544806850284
39.2306477837949,48.5516916782498
39.3665746187295,48.5605917752166
39.3897531577216,48.6219522648988
39.4226061468206,48.5255093681368
39.4123599878014,48.5784472743905
39.3119054608127,48.5188605991236
39.2305646629956,48.5523337586009
39.3161730042902,48.5689185861557
39.3882873933823,48.5892763102271
39.2524355699008,48.5600184891889
39.3336486455141,48.5302426873633
39.3044367528929,48.5672135660638
39.3686384473566,48.4873379610488
39.1767469864377,48.6195903264646
39.3706090185016,48.5719158603994
39.2837660292365,48.6108655875768
39.2952772462746,48.5936953338196
39.370268425958,48.6367781160297
39.3687458961948,48.4898280457716
39.3467046930178,48.5748295023285
39.4321305740212,48.5209014973822
39.2365858526052,48.563821061688
39.3171217978045,48.4818290195495
39.3706921393009,48.5714032752452
39.3399475802336,48.5702877280807
39.2155461536932,48.5578885629824
39.3679572622695,48.6131519871462
39.3202013220526,48.6367187640645
39.3235444000547,48.5660413647507
39.3255433539116,48.5386962956826
39.2925849433111,48.5812462591141
39.3549417614972,48.5419727939446
39.3385730460399,48.5605958219415
39.3504816210456,48.5489493476749
39.2935438735082,48.5022204663284
39.277527914614,48.5303047371451
39.3310881194276,48.5751613337705
39.2728913958809,48.5568080874337
39.3186139175192,48.5734684538533
39.2780509674487,48.4989898309487
39.3529407803037,48.5571830839412
39.3204060830461,48.5887246067322
39.1897584325369,48.5791446599819
39.3054727218796,48.5679676058038
39.3938281042251,48.5687567171596
39.3269118060957,48.6231892138103
39.2915428923147,48.6323523478957
39.2387409113779,48.5604258594956
39.3413200870908,48.5406508638101
39.309134091723,48.6290718029089
39.377049866781,48.5770363163082
39.3516959956504,48.6496062339676
39.3555215797559,48.4693421754116
39.3047367987051,48.5639842795924
39.3159337785751,48.5674604162828
39.1932393694257,48.5864328115296
39.2575018839864,48.5575499869989
39.2171011208415,48.5600899813288
39.322433419615,48.5554308520588
39.1953579361402,48.580016054744
39.3868054103505,48.5677301979429
39.3733256495039,48.5525145123131
39.3753793414482,48.6142432539613
39.3486590454702,48.5393235380424
39.3781669292304,48.5060486680853
39.3776945598099,48.5640355381078
39.1896084096308,48.55887461495
39.3372431132507,48.5629469691093
39.2728772045249,48.5564614180004
39.4237211819334,48.5170867847084
39.158951026036,48.5609209088419
39.3305650665928,48.4557910426247
39.2835835689453,48.5482789402495
39.3130934800421,48.5652913717356
39.4102819678182,48.5784729036482
39.2985919415648,48.5556790511861
39.2735705536315,48.5271334537306
39.3315199421167,48.5578885629824
39.2857224090254,48.5086803881796
39.340458469049,48.6093143430312
39.4115835178955,48.5748780630274
39.3133347330938,48.6347399155876
39.3986734386248,48.5920145940771
39.3887658448126,48.5041682899143
39.2936797050584,48.5475788568415
39.4228149624872,48.5127918606795
39.3242276124784,48.5347979506941
39.3248216220931,48.5619771040412
39.3979091327383,48.5008041126129
39.1885460852687,48.587565894502
39.3453707055554,48.595676880113
39.380463901563,48.5206843231459
39.1921101429568,48.563973488326
39.2077834819709,48.5637873389805
39.4118430169763,48.5763915381405
39.2750809193753,48.5388338843293
39.1949139494316,48.4731676793519
39.3270821023674,48.479191903822
39.2183479328314,48.5602356634253
39.209551319459,48.5715395149836
39.3038569346342,48.5784459254822
39.2132329626681,48.5870222844569
39.3109059838842,48.5629065018603
39.3831562045265,48.5748241066953
39.2503636319274,48.5333478742711
39.3302183920395,48.5325358314742
39.1947821725546,48.5635256507702
39.3688797004083,48.6039200587375
39.2709167700628,48.4904768706641
39.3752698652735,48.5691775765494
39.269260436086,48.5710363721875
39.2967693659893,48.5709244127986
39.4018948764327,48.6465550033919
39.3582199647291,48.5373878546311
39.3699217514047,48.4831334138761
39.3669740040336,48.4881661907453
39.3183990198429,48.5691681341913
39.329336500632,48.5493054594662
39.268230549109,48.4945492248234
39.3472054451503,48.6588192776601
39.3740291352933,48.5558908297893
39.3086961870241,48.4720157116633
39.3283451330499,48.5563548542447
39.2922402960944,48.5486741703816
39.3474223701631,48.5181915406065
39.1571020950851,48.5761595259129
39.2863589927081,48.6159792989441
39.2385989978181,48.4829917785046
39.254809581023,48.5634002022983
39.2984946294095,48.570755799261
39.2311992193416,48.5527235930997
39.3336587821969,48.5432502101052
39.3935341404226,48.5610409616807
39.3810214191194,48.569768398385
39.3355340685232,48.5566138446384
39.3411416814727,48.594500632075
39.2763561140772,48.4901113165147
39.3062714924877,48.5722207136753
39.3537253595558,48.5144199929983
39.2534208554733,48.5589649918062
39.3957601559753,48.5931018141673
39.1777829554244,48.5945626818568
39.3862864121888,48.5839238420906
39.3455430291638,48.5940932617682
39.2507305798463,48.5316563432622
39.3656298798884,48.5063548702695
39.4229021379596,48.5165485702965
39.1566236436549,48.5642405721695
39.2097601351256,48.568480190958
39.3162865351381,48.5957416277114
39.3561541087654,48.5559663686541
39.2242677556126,48.5568080874337
39.3508931703691,48.5387799279973
39.2725872953956,48.6089649757814
39.2647638035762,48.5233551615809
39.4300261986627,48.512978010025
39.3770295934153,48.5001984527859
39.3718538031549,48.4891131243723
39.2618768763021,48.4896634789589
39.3962913181563,48.6416004632041
39.3385183079526,48.5709271106152
39.3208115503598,48.5416665917604
39.4052359270983,48.5926539766116
39.4100670701419,48.5783825267921
39.214319615069,48.5636146787181
39.3414032078901,48.5644685376723
39.2912529831854,48.5453059463552
39.4121390081154,48.5794036503756
39.3256954041543,48.5519115503028
39.4319683870957,48.5134339410306
39.2514158196066,48.5596987979217
39.2615930491825,48.5423356502774
39.2864664415462,48.6201811483002
39.175988762561,48.5450415603283
39.3197492259977,48.6367538356803
39.3445131421868,48.5699383608309
39.2199211460089,48.5886639058586
39.4024138745944,48.5584348708441
39.2977688429178,48.5762148311532
39.186451846593,48.5930573001934
39.2217558856037,48.5644793289387
39.3918737517727,48.5656353433522
39.302879758408,48.5913684670012
39.326171828248,48.5560607922352
39.3493361758842,48.5902353840287
39.3701994965147,48.5719091158579
39.2735502802658,48.5297031240431
39.3372877146552,48.6121268168378
39.3205763793179,48.49468681347
39.3146666932195,48.5996642530493
39.3318382339581,48.4544664146736
39.4102698037988,48.5789301835621
39.2690739211217,48.5767719302813
39.1880960165504,48.5514138031399
39.3594931320943,48.5008634645781
39.1563114338233,48.5653763529585
39.3410686973562,48.5581273197516
39.2190068172163,48.5622239542602
39.1617284771354,48.6122698011177
39.3642087169536,48.4949646885799
39.3527096639348,48.6076848618042
39.3030095079484,48.56798649052
39.3266036509372,48.5909678412359
39.3378796969334,48.5436440913289
39.3207061288583,48.5675089769816
39.4036809599499,48.5418743236387
39.2070394494501,48.5664055699918
39.2657389524659,48.6080625561283
39.3682877181302,48.526089398706
39.3299061822079,48.4766977723743
39.2704565646617,48.491221468046
39.3197836907194,48.569535037249
39.3704225035372,48.5158768139628
39.3869655699394,48.5627851001132
39.3698447126151,48.4999637427416
39.4144724725062,48.4810520483684
39.3590329266932,48.5039484178614
39.3094381922084,48.5198115794754
39.2020359827981,48.5736316717577
39.2945778151584,48.5480266943973
39.2381874484946,48.5613957245637
39.2436815305963,48.5892102137203
39.2875166018889,48.5658835424795
39.3535935826789,48.6312624299889
39.1565648508944,48.5602666883162
39.343797492378,48.5623966145227
39.3178901583641,48.5689253306972
39.274851830343,48.5281275991481
39.2582601078632,48.5589690385311
39.3294520588165,48.5510010371999
39.3535651999669,48.5283636581007
39.2871374899505,48.5965347857921
39.3234004591583,48.5722854612738
39.294847450922,48.5641893136541
39.3134077172103,48.5763537687081
39.2583087639409,48.5598269442102
39.3167649865683,48.562272514959
39.3036683923333,48.5586952101461
39.3675639589751,48.5686299197794
39.3254825338146,48.5348519070262
39.2205171829601,48.5568512524993
39.3732445560411,48.659029707355
39.3789515084826,48.5030932099988
39.386807437687,48.5697778407431
39.2347734137126,48.5289962960936
39.1883838983432,48.5581259708433
39.2964003907338,48.6453369391965
39.3224111189127,48.5701771176001
39.4159179634798,48.5133408663579
39.3126109739387,48.5611043603708
39.3079643185228,48.5600603053462
39.293874329369,48.6449929675799
39.3331235653427,48.5308011353997
39.3604804450034,48.5527937363313
39.191822261164,48.5594991594932
39.3537983436723,48.5612851140831
39.4038167915,48.6449848741301
39.2939533954952,48.5182603349298
39.3908337281129,48.5778861285375
39.3958777414963,48.5722166669504
39.2589271015944,48.540120742848
39.3189585647359,48.5561066551174
39.2937547165114,48.5469731970146
39.3767133289105,48.5268083668302
39.2161320539616,48.5620067800239
39.3120798117576,48.6010455351491
39.2702193662831,48.5425083105399
39.3390312241045,48.5687014119193
39.3141436403848,48.4828164204255
39.2907948051208,48.5157945305565
39.3032061595956,48.5008715580279
39.1918060424715,48.5605904263083
39.2441539000169,48.5697130931447
39.3093429073896,48.5651456896391
39.2696314386781,48.4898671641123
39.3717240536145,48.6106902294977
39.2558577140291,48.5649055839617
39.3104721338585,48.4878721287358
39.3580577778036,48.5373959480809
39.2994920790014,48.5001485431788
39.2236818553442,48.5544839184319
39.3233659944367,48.5861616809612
39.4063164974895,48.6384237841564
39.2876199960539,48.5227036388717
39.3833082547691,48.5900303499671
39.2875449846009,48.5665161804725
39.2728893685443,48.5298177812486
39.3061802623421,48.571604262582
39.310869491826,48.5763227438172
39.3447280398631,48.5316307140045
39.3986288372203,48.5784958350893
39.4038999122994,48.5247243035059
39.407433559939,48.5815740438311
39.3530908032098,48.5713628079962
39.2815359590107,48.5394408930645
39.357378620053,48.5484907188527
39.2539033615767,48.5578818184409
39.3002016468005,48.528571389979
39.3228692969773,48.6692112672073
39.3527806207147,48.6128741120363
39.3031493941716,48.4994214816048
39.3198019367485,48.6677665864175
39.3110316787515,48.4602842561737
39.2610193129335,48.5403055432852
39.2720500512048,48.6297759330417
39.3231632607798,48.5357179061551
39.4058806201272,48.5718268324516
39.314753868692,48.5724594704445
39.2508420833576,48.5553984782596
39.3191714350756,48.4791932527303
39.235608676379,48.4837889833102
39.3504349923045,48.5641137747893
39.4010069030156,48.5772764219857
39.2931708435796,48.5453963232113
39.1891542862393,48.570235120657
39.3710469232005,48.551670095717
39.1748676454384,48.6147275120412
39.344578016957,48.5721235922777
39.1813510677857,48.5801900639148
39.3411802008675,48.6088476207592
39.3478116187844,48.589828013722
39.3964778331207,48.5720386110548
39.2945717331487,48.5059717803121
39.3008118751077,48.4995590702515
39.3885245917609,48.5950132172292
39.3215373368515,48.5351500157606
39.3282985043088,48.591376560451
39.2763824694525,48.5455919149149
39.3550877297301,48.558124621935
39.3247871573714,48.5620027332989
39.3187315030402,48.5722962525402
39.3860309677811,48.5773978237327
39.3075791245747,48.5046619903523
39.1821011823162,48.6315119780245
39.3276234012313,48.563632214526
39.295256972909,48.52962623627
39.3791015313887,48.566742797067
39.3707813421099,48.4801590710735
39.3570197814803,48.5120607523807
39.2946629632943,48.5476692336977
39.3928144359407,48.5417596664331
39.2813372800269,48.5618138861369
39.3137402004076,48.574894249927
39.2716243105254,48.629108223433
39.3073459808693,48.583485446893
39.2732725351559,48.597077046929
39.3742805250278,48.5261150279637
39.3271591411571,48.4786496426852
39.1960046565056,48.5848964049753
39.3692648943564,48.496374297754
39.3787933762302,48.5649015372368
39.3590106259909,48.5177356096009
39.3024560450651,48.5790219093265
39.3084975080404,48.4675643142716
39.3596066629422,48.5136673021666
39.3880623590232,48.6358217400447
39.3116378523856,48.5726982272137
39.2789977336264,48.587045215898
39.3469033720015,48.6342893802153
39.3511323960842,48.5627877979298
39.4117943608986,48.5791621957898
39.3709658297377,48.5530513778167
39.3168987907819,48.5668763389887
39.3093043879948,48.5315389882401
39.3133935258543,48.5650000075427
39.329689257195,48.5481750743104
39.4204348693553,48.5154276274987
39.1742432257751,48.5271267091891
39.2886519103675,48.565629947719
39.2782537011056,48.5142014698536
39.2171680229483,48.5600778411541
39.3874034746383,48.5693394455455
39.3828744047434,48.5558260821909
39.3369248214094,48.5702432141068
39.1904456996337,48.5479754358819
39.2899311597425,48.5868280416616
39.3159945986722,48.5285754367039
39.3488516424442,48.5913833049925
39.276911604297,48.5413455515849
39.3627388979411,48.5379840721
39.3537861796529,48.554354423235
39.3316578010034,48.5564411843759
39.3677565559491,48.5219806240227
39.377947976881,48.568659595762
39.4069003704213,48.5305192135649
39.3453321861606,48.5067932654671
39.367221339095,48.6039362456371
39.3225307317703,48.563259915835
39.358055750467,48.5374418109632
39.3865925400107,48.4965348178417
39.3239964961096,48.5470689695039
39.3820715794621,48.6135134945707
39.2279149341,48.4852161282921
39.2933147844759,48.5887745163393
39.3505241951136,48.5913293486605
39.3512986376829,48.6216244801817
39.2965179762548,48.4997195903392
39.2756870930094,48.5726442708817
39.2425847415125,48.5875618477771
39.3723403639314,48.6358891854597
39.2171254488804,48.5551961420145
39.2661951031939,48.5494174188551
39.3456646693579,48.5940015360038
39.2701909835712,48.5073341776957
39.3800787076149,48.568825511483
39.3157574002936,48.5627540752223
39.2799485544772,48.6202863631476
39.317829338267,48.6258667967869
39.2981925562607,48.5615575935598
39.3441380849215,48.5622833062255
39.4154901954637,48.5226146109239
39.3544693920766,48.5261217725052
39.395973026315,48.5074097165605
39.4106590524201,48.5795506813804
39.2156941492627,48.5603327848229
39.3575245882859,48.5121659672281
39.209433733938,48.5737760049458
39.3147944154234,48.5612648804586
39.2391240779894,48.5560634900518
39.2806155482084,48.5539335638453
39.3535368172549,48.6080639050366
39.2663998641873,48.5622172097187
39.18568551337,48.5512182114363
39.3898950712815,48.5069726702711
39.2496236540797,48.5317251375856
39.4089682537216,48.6580760291866
39.3355928612837,48.6114267334298
39.1995930422326,48.5875672434103
39.3450503863775,48.5735305036351
39.3854045207814,48.6177868360668
39.3187598857521,48.6221775325849
39.3006050867777,48.5576268747721
39.2544689884794,48.5581165284852
39.280396595859,48.5251249292712
39.3721781770059,48.5608170429028
39.3673429792891,48.4738569714935
39.410494838158,48.5348438135764
39.2770231078083,48.5609141643004
39.3647094690861,48.5232904139825
39.3397448465767,48.5495415184188
39.3580111490625,48.5375551192604
39.1929068862284,48.5542950712698
39.3002198928296,48.5827354538779
39.3740372446396,48.5649136774115
39.3206270627321,48.5676114940125
39.3147376499994,48.539559596995
39.2776961835492,48.5235682890924
39.3976293602918,48.6078157059094
39.2507954546166,48.5558598048984
39.2936918690778,48.5554052228011
39.4173675091265,48.522224776425
39.3594931320943,48.5055657589137
39.1893732385888,48.554506849873
39.3152769215268,48.622559273634
39.3203270169199,48.588746189265
39.4114618777013,48.5792903420784
39.2970085917045,48.5991975307774
39.2667100466824,48.5466912751798
39.3337297389768,48.5304328834337
39.2734326947448,48.552451113623
39.3094219735158,48.6605674628176
39.3944687425809,48.4855358195593
39.3034230846085,48.5648462319964
39.411891673054,48.5792471770127
39.3514932619935,48.55785079355
39.39697453058,48.5407371939413
39.3840502599533,48.5643579271916
39.3679288795575,48.6066178753385
39.3187761044447,48.5690723617019
39.2647617762397,48.5598862961754
39.2664323015724,48.520774700002
39.3527015545885,48.5574231896187
39.1703487122263,48.5447043332531
39.33967794447,48.5552244690889
39.2875753946494,48.5857327281216
39.2995305983962,48.5796774787606
39.4282360604724,48.5144213419066
39.309190857147,48.5679338830963
39.335868579057,48.612078256139
39.2845485811521,48.5849395700409
39.2456602110875,48.6106578556985
39.3067458892449,48.5686784804782
39.3729830296238,48.5705426717495
39.2934729167283,48.5574623079594
39.2988980693867,48.5835043316092
39.3371681017977,48.595690369196
39.2311809733125,48.52791177382
39.2390490665364,48.5892358429781
39.3330343625337,48.6514623317891
39.3368822473415,48.5408113838978
39.3744852860213,48.5623871721646
39.3713043949447,48.5644752822138
39.3545687315685,48.5111407969197
39.3363875772187,48.6138628618206
39.2160955619034,48.5304827930408
39.3466702282961,48.6133705102909
39.3292270244573,48.5495968236591
39.2762729932778,48.5844121468954
39.2785273915424,48.5178408244484
39.3714726638799,48.4807701265336
39.2772015134264,48.5310978952258
39.3130813160227,48.5764778682718
39.3019289375572,48.5658309350558
39.254221653418,48.5581988118915
39.3584044523568,48.5111934043434
39.3489509819361,48.5087302977867
39.3214481340425,48.5412187542046
39.1568162406289,48.5650364280668
39.3806524438639,48.4650985098982
39.2948819156437,48.511676313515
39.3298413074377,48.5517982420055
39.3445212515331,48.5484232734377
39.3024783457673,48.5679756992536
39.4038755842605,48.5248038890956
39.4426301501115,48.5348964210001
39.3647378517981,48.6002173054525
39.3698325485957,48.5971080718199
39.4005406156047,48.6297219767097
39.3795921468383,48.5017078811742
39.3347515166076,48.5426081297541
39.4031274970666,48.5837188080289
