"Longitude","Latitude"
30.8092380143105,46.5763876257176
30.7133864626127,46.4161820990224
30.6391471468421,46.4441901337255
30.6577264509463,46.3498242692596
30.6448858277743,46.440026801529
30.644589805319,46.4449116100482
30.6577082741288,46.3498188716812
30.6358181925638,46.4435766089722
30.6434758260792,46.4397677177622
30.6406739995064,46.4444654102277
30.6420554376313,46.4445625666402
30.7131501639861,46.4161281232377
30.6463737301156,46.4397785129192
30.6577368376991,46.3497145184973
30.7439001457054,46.4545318940822
30.6430759360957,46.4426932052953
30.7254506760114,46.4234724283484
30.6357922256817,46.4435712113938
30.6448287006338,46.4434686574027
30.7024232450127,46.4243648279894
30.713124197104,46.4154102453006
30.6435563234136,46.4370149527403
30.6386875330299,46.4442513062815
30.8082201125342,46.5920442016786
30.712895688542,46.4158510475427
30.6442704126698,46.4448702286132
30.6369867022558,46.4393521042197
30.6440730643663,46.437151691395
30.7087487774792,46.3885752843193
30.7243263100188,46.4981137418764
30.6446728993416,46.4448180520213
30.6408557676807,46.4452822437701
30.7206468028328,46.4113980453014
30.6448546675159,46.4433625050261
30.6451091429599,46.4447011044877
30.7029997097941,46.5130992189138
30.7216724946737,46.411401643687
30.7108209346665,46.388927926113
30.6953966067309,46.4320167950731
30.6421956587943,46.4431016220665
30.7512435799481,46.4148920777671
30.6372515644527,46.4442477078959
30.6576070032889,46.3499052329367
30.6574953456961,46.3499825982282
30.6351846006418,46.4381772313051
30.6359506236622,46.4385352706772
30.6393704620277,46.4442135232322
30.6443327331868,46.443250955071
30.644678092718,46.4446975061021
30.6378072557285,46.4440156120215
30.6350963132429,46.438168235341
30.8092665778807,46.5764380031166
30.7087903244905,46.3885896778619
30.6576355668591,46.3498062773314
30.6225387290852,46.444461811842
30.7054639669003,46.3880643135571
30.6432265440116,46.4426932052953
30.6367867572641,46.4405863504975
30.6393003514462,46.4442099248465
30.638448637715,46.4442351135461
30.6447819602462,46.4446975061021
30.6403312366634,46.4507823762354
30.6390121190555,46.4444078360573
30.7129398322415,46.4154246388432
30.6581367276826,46.4349080979425
30.7053419225547,46.3875461460236
30.711792096055,46.4167056641344
30.6573914781679,46.3500599635197
30.6435563234136,46.4428569318423
30.640655822689,46.4451239148015
30.7287328899021,46.3866231601044
30.6578147383452,46.3497684942821
30.7074997704528,46.4936841291418
30.644678092718,46.4449116100482
30.6573940748561,46.3501751118605
30.7078477266722,46.5132179656402
30.6350807331136,46.4377184371348
30.6576485503001,46.3497091209188
30.6366621162303,46.4437601266404
30.6408635577454,46.4451688946221
30.7116934219033,46.3812597662938
30.6403494134808,46.4441019732771
30.7271904571085,46.4220762547163
30.7087202139089,46.3886184649471
30.6463425698571,46.4400807773137
30.7064429183535,46.4683856788328
30.6439717935263,46.439769516955
30.6561762280881,46.3496551451341
30.7108079512255,46.3889711067408
30.634932721886,46.4377094411707
30.703163301151,46.5131298051918
30.8075423769128,46.5906570240107
30.6348392411106,46.4382689901392
30.6429876486968,46.4428245463715
30.6227828177765,46.4442351135461
30.6368075307697,46.4405215795558
30.6355117833556,46.4384974876279
30.6367633870702,46.4384183231436
30.6408557676807,46.4452282679854
30.7025271125409,46.4244781771374
30.6398897996686,46.4442387119317
30.6574018649207,46.3499879958067
30.7030776104403,46.5131819817837
30.6554491553908,46.3505151593043
30.7053808728778,46.3882046505974
30.6436238373069,46.4397731153407
30.7184681814292,46.4061462014459
30.6399443301209,46.4442279167748
30.6386070356955,46.4382599941751
30.6421333382774,46.444677714981
30.7053860662542,46.3877944346334
30.706385791213,46.4683263054696
30.7130177328876,46.415847449157
30.6369062049215,46.4384309174934
30.6446728993416,46.4434578622458
30.6408505743043,46.4369285914847
30.7224722746407,46.5002853676158
30.6450260489374,46.4434938461023
30.6430889195367,46.4369843664623
30.6357818389289,46.4438734757883
30.7022700404086,46.4242011014424
30.6448442807631,46.4447154980303
30.6364413977329,46.438414724758
30.6373138849696,46.4442513062815
30.7307401298843,46.4277041298722
30.6435459366608,46.439769516955
30.6449273747856,46.4433661034117
30.7054613702121,46.3878376152612
30.7307972570248,46.4277617040426
30.7239056465297,46.4178787378562
30.6428552175983,46.4447622770438
30.7053678894368,46.5139952169405
30.6361038282663,46.4436935565058
30.8027073434758,46.5745578466148
30.6431538367418,46.4426968036809
30.6356520045187,46.4385100819777
30.7128671249717,46.4154408315786
30.7275332199515,46.4222561739988
30.7130722633399,46.4157826782153
30.6445145013611,46.4393754937264
30.634031671079,46.4421750377617
30.64460278876,46.4446993052949
30.6555426361662,46.3504989665689
30.7125347488816,46.4151133784845
30.6451454965948,46.4433804969543
30.6383629470043,46.4442225191963
30.6576251801063,46.3497594983179
30.6357039382827,46.4438590822457
30.702921809148,46.5131549938914
30.7411113025736,46.4809530407138
30.6470177087904,46.442264997403
30.6202043063893,46.4587815875343
30.6470852226837,46.4423819449366
30.7210518861928,46.4115185912207
30.6418139456283,46.4443862457434
30.7030802071285,46.5130416447434
30.6347379702706,46.4379793200944
30.6365037182498,46.4437439339049
30.6354131092038,46.4384884916638
30.6462438957054,46.4431879833221
30.7464137398875,46.4560648063689
30.6463399731689,46.4404262223361
30.705497723847,46.3881992530189
30.6581600978765,46.4348163391085
30.7029919197295,46.5132395559541
30.6435693068546,46.4371247035026
30.6406610160654,46.445170693815
30.7972568949343,46.569966306526
30.7984955152079,46.5708623045527
30.6432161572588,46.4445697634115
30.7125633124518,46.4151619566908
30.7082839702906,46.4343719384808
30.7144952484761,46.3825605827061
30.6469216313268,46.4422685957886
30.7943408140804,46.5701912056291
30.6372126141296,46.4440138128286
30.7106729234388,46.3887785931085
30.6330890732607,46.4432059752503
30.7107300505793,46.3885105133776
30.6395678103312,46.4442351135461
30.7129761858763,46.4155181968701
30.6416529509596,46.4433049308557
30.6340420578318,46.4421408530981
30.7503269490118,46.3780931869223
30.7129580090589,46.4154570243141
30.7115869576869,46.3812417743656
30.6370464260845,46.4391937752511
30.6578017549042,46.3499556103358
30.7313269814185,46.4570867478934
30.6414607960324,46.4370419406327
30.6392302408646,46.4442027280752
30.7190342594578,46.4042246635091
30.6450909661425,46.4448558350706
30.6358052091227,46.4380944684352
30.7119401072827,46.4132062340903
30.7222359760141,46.4233248945367
30.6225906628493,46.444298085295
30.7042513135088,46.4773438599073
30.6360311209965,46.4384489094217
30.6358078058109,46.438373343323
30.6455973203424,46.4446183416178
30.7099406573651,46.3803565714958
30.710649553245,46.3888685527497
30.6549220276853,46.3505565407393
30.6449922919907,46.4433679026046
30.6201913229482,46.4588481576688
30.7036177215868,46.4725454126437
30.6326268627603,46.4431502002728
30.6357532753586,46.4435622154296
30.6446728993416,46.4369861656551
30.6387888038699,46.4443466635012
30.6430369857726,46.4428677269993
30.7106833101916,46.3887174205525
30.6442859927991,46.4396597661927
30.7058716469485,46.4698088403572
30.74111649595,46.43981089839
30.6414763761617,46.4430116624253
30.6409648285853,46.4445913537254
30.7026465601983,46.5133421099451
30.7057937463023,46.4693644397295
30.7210440961281,46.4096330371403
30.6414841662263,46.4368908084354
30.6419957138026,46.444564365833
30.6560723605599,46.3498170724883
30.703721589115,46.4725346174867
30.7089019820833,46.3884925214494
30.7096887786093,46.4501652530965
30.6402793028993,46.4442477078959
30.6406584193772,46.4452192720212
30.6356520045187,46.4435622154296
30.6225543092145,46.4441793385685
30.7141109386218,46.3823590731098
30.7111585041331,46.4132871977674
30.6422787528169,46.4446003496895
30.6370853764076,46.4391344018879
30.6577368376991,46.3496389523987
30.64201389062,46.4430746341741
30.7585039201682,46.4544095489701
30.6427539467583,46.4373172171349
30.7651436519075,46.4367648649377
30.6390562627549,46.4441901337255
30.6391783071006,46.444215322425
30.6441873186473,46.4396579669999
30.6352391310941,46.443589203322
30.63508592649,46.4376158831438
30.6390874230134,46.4444258279855
30.6447741701815,46.443353509062
30.6413205748694,46.4431699913938
30.7128177878959,46.4158366540001
30.6808499594086,46.32630881904
30.7053523093075,46.3876864830639
30.6438938928802,46.4393646985695
30.7035398209407,46.4725490110293
30.6370256525789,46.4392477510359
30.7411216893264,46.4637293678024
30.6429331182445,46.4368872100498
30.7489429141988,46.4572612695974
30.6418139456283,46.443312127627
30.7258531626831,46.4983296450153
30.6404195240624,46.4444348239496
30.6370152658261,46.4382977772244
30.7348844442589,46.4706004852001
30.6448364906985,46.4448324455639
30.7040046281293,46.3851046413603
30.7213582954009,46.4115185912207
30.7221762521854,46.4233806695143
30.6404818445793,46.445015963232
30.6443119596811,46.4369915632336
30.7065883328929,46.4643338965915
30.7130021527584,46.4157790798297
30.6581393243708,46.4349602745345
30.6289161953158,46.5057908976596
30.7252922780309,46.4234400428775
30.6136035249731,46.4752028204459
30.7030282733644,46.4725975892356
30.7085747993695,46.3885482964269
30.6149304326456,46.4890781955104
30.6144889956509,46.5194143857287
30.63549100985,46.4436449782996
30.7624638696803,46.4322776780327
30.6202510467769,46.4585818771307
30.70439413136,46.5586151989946
30.7221035449156,46.4234274485277
30.6573265609628,46.3497541007395
30.7243678570301,46.3943111110447
30.7130722633399,46.4158312564216
30.6409907954674,46.4448720278061
30.6430681460311,46.4428173496002
30.6354286893331,46.4436377815283
30.641886652898,46.4432059752503
30.7590154677446,46.4355684017092
30.640642839248,46.4455683154292
30.6366179725308,46.4384507086145
30.740316715983,46.4594113050229
30.7128619315953,46.4158906297848
30.644106821313,46.4373406066416
30.6447611867405,46.4448252487926
30.6369867022558,46.4391451970448
30.7402855557245,46.4593213453817
30.7714042671689,46.5572316197123
30.7118570132601,46.3812363767871
30.7052718119732,46.3878556071894
30.6356883581535,46.4385154795562
30.7137629824023,46.3939242845873
30.6224841986329,46.4447910641289
30.7077750194025,46.5132071704833
30.6582042415759,46.435016049512
30.6420294707492,46.4446759157882
30.6404377008798,46.4450519470885
30.7450219150098,46.4376464694218
30.8091341467823,46.5762077064351
30.6431590301183,46.4428713253849
30.6417412383585,46.4433103284342
30.6679080653967,46.5146573199
30.6350184125967,46.4382114159688
30.7120829251339,46.4166840738205
30.6582198217052,46.4349404834134
30.6806084674055,46.3263681924032
30.6438886995038,46.4394906420672
30.7487689360891,46.4573458316601
30.6406090823013,46.4443196756089
30.7117817093022,46.3813569227064
30.6358181925638,46.4436773637704
30.7282447125196,46.4225710327432
30.7056327516336,46.3883701763373
30.6399469268091,46.4443646554295
30.7131839209327,46.4161856974081
30.6386823396535,46.4382689901392
30.6399131698625,46.4521227748898
30.6405909054839,46.4429666826046
30.7065909295811,46.4621892587444
30.712807401143,46.3814126976839
30.622725690636,46.4444546150707
30.7264867546051,46.4163980021614
30.6447637834287,46.4449224052051
30.7150171828052,46.4180496611745
30.6410816795545,46.4445913537254
30.7612200560303,46.4335497073598
30.7272605676901,46.4220888490661
30.6833064264502,46.3928825519418
30.6401338883599,46.4445085908555
30.6838101839619,46.3927602068297
30.6434680360146,46.4428533334567
30.6432810744639,46.4371714825161
30.7126048594631,46.4151169768702
30.7014235200539,46.4592943574893
30.7034904838648,46.5128905125461
30.7981579457413,46.5706284094855
30.6444443907796,46.4446327351604
30.6394743295559,46.4442225191963
30.68660422047,46.3500329756273
30.6437277048351,46.4370689285251
30.6456362706655,46.4477021581194
30.7440793171915,46.4415651113941
30.6835972555291,46.4868759834929
30.641899636339,46.4444042376716
30.712908671983,46.4158942281705
30.7464630769633,46.4459047644875
30.6445170980493,46.4434632598243
30.7402829590363,46.4592727671754
30.6555348461016,46.3506339060308
30.6473916318918,46.4422110216182
30.6357247117884,46.4383607489733
30.7224359210058,46.5001558257325
30.6562645154871,46.3497666950892
30.6349483020152,46.4381646369553
30.6434005221213,46.442860530228
30.6449247780974,46.4448468391065
30.7252143773848,46.4234292477206
30.6473968252682,46.3376419346432
30.7208623279538,46.4114106396512
30.7138175128546,46.4148345035967
30.7249728853818,46.4233590792004
30.6448806343979,46.4399728257442
30.6351638271362,46.4380584845787
30.802722923605,46.5746136215923
30.7584961301036,46.4337836024271
30.6403961538685,46.4505664730964
30.7053600993721,46.3879383700593
30.6557607579754,46.3500149836991
30.6437173180823,46.4369519809915
30.7408827940116,46.4384399134575
30.6867028946218,46.4780653362301
30.730241565749,46.4294817323831
30.6446599159005,46.4398756693317
30.7125243621287,46.4150522059285
30.6352573079115,46.4384722989284
30.6438809094391,46.4427453818872
30.7115480073638,46.4807155472609
30.6434550525736,46.4370149527403
30.7048199882256,46.3877224669204
30.6385992456309,46.444245908703
30.7032489918618,46.4724518546168
30.721054482881,46.4113494670951
30.681756203592,46.450611452917
30.6148525319995,46.4896413428646
30.7655721054613,46.4296472581229
30.7149912159231,46.4179453079907
30.7128333680251,46.4157844774082
30.7028516985665,46.5132071704833
30.7988590515565,46.5702397838353
30.7083644676249,46.3885482964269
30.6445093079847,46.4449008148913
30.6437848319756,46.4428803213491
30.6444366007149,46.4369861656551
30.6586015348712,46.4385658569553
30.809347075215,46.5765477538789
30.7131501639861,46.4155038033275
30.6408739444982,46.4450069672679
30.635402722451,46.4383409578522
30.7129528156825,46.4155685742692
30.6414010722037,46.4368980052067
30.6577134675052,46.3501823086318
30.7021791563215,46.4242730691554
30.7231629937031,46.4254245525632
30.6289265820686,46.5060068007986
30.635402722451,46.4382204119329
30.6366049890898,46.4439310499587
30.6224945853858,46.4447406867299
30.6817484135274,46.4505556779395
30.6349275285096,46.4379919144442
30.639006925679,46.4441919329183
30.712895688542,46.4146186004577
30.6396612911066,46.4444870005416
30.652735616217,46.3499214256722
30.6364154308508,46.4425240811697
30.6435693068546,46.4370725269107
30.7302337756844,46.4281899119349
30.6452285906174,46.4369105995565
30.7057963429905,46.4694382066353
30.7128593349071,46.4153310808163
30.8111154198824,46.5820874685864
30.7911962246646,46.5788075400668
30.6444391974031,46.4414085816184
30.6445170980493,46.4414283727395
30.6405389717198,46.4444600126492
30.644589805319,46.4393916864618
30.6358908998335,46.4435874041292
30.7408646171941,46.4313978727414
30.7119349139063,46.3812399751728
30.7125996660867,46.4150701978567
30.7011093207811,46.4768688730016
30.6401338883599,46.4507032117511
30.7267983571896,46.4218621507702
30.8099598936313,46.579473241412
30.720979178923,46.4115203904135
30.6364284142918,46.4437385363265
30.6369789121912,46.4392909316636
30.7304804610638,46.4275350057467
30.7301688584792,46.4284525940873
30.6436498041889,46.4394978388385
30.6202146931421,46.4587348085208
30.6800995165174,46.382213338491
30.7111377306275,46.4132332219827
30.7128930918538,46.415509200906
30.714240773032,46.4146383915788
30.7009275526068,46.47870225049
30.7103093870902,46.3974345097884
30.7043733578544,46.4724770433164
30.6369996856969,46.4439778289722
30.7086942470269,46.3884385456646
30.7112623716613,46.479718794436
30.6836543826696,46.4479612418862
30.6398222857753,46.4443556594654
30.7222307826377,46.4123606134626
30.6371684704302,46.4442369127389
30.7489922512747,46.4464733094201
30.6398664294748,46.4506798222444
30.6222764635766,46.4447910641289
30.6407441100879,46.4369339890632
30.7131449706096,46.4153670646728
30.7122672899965,46.4107053560639
30.6436186439305,46.4448234495998
30.7225579653515,46.4242586756128
30.6948538988962,46.4292838211723
30.6108770023582,46.5136173864473
30.7211375769035,46.4115221896063
30.7132176778794,46.4157215056593
30.7126957435502,46.4153940525652
30.7275695735864,46.4219862950751
30.7033087156905,46.472450055424
30.6411647735771,46.4370527357896
30.7109118187537,46.3891546244089
30.6391731137241,46.4443124788376
30.7062481667381,46.4658308250217
30.6209183956455,46.519000571379
30.7133215454076,46.4160039789328
30.7219269701177,46.4115185912207
30.7206519962093,46.4114466235077
30.7022336867738,46.4241507240433
30.7148172378134,46.4173353816231
30.649258650711,46.4426518238603
30.6943761082665,46.4879285112954
30.6362128891709,46.438558660184
30.6371476969245,46.4384381142647
30.6363531103339,46.4384057287939
30.7130307163286,46.4158078669149
30.6944098652132,46.4421390539052
30.7128125945195,46.4156891201884
30.807646244441,46.5908009594367
30.710636569804,46.3889387212699
30.6555919732421,46.3503262440577
30.7127113236795,46.4155631766907
30.7064533051063,46.4751488446611
30.6461478182418,46.4412718429637
30.7087487774792,46.3883845698799
30.6367062599297,46.4412430558785
30.6450831760779,46.4449511922903
30.7327214029844,46.4809008641219
30.7038150698904,46.4725310191011
30.706398774654,46.4613148510315
30.6402039989414,46.4445121892411
30.791263738558,46.5788219336094
30.6448416840749,46.4445211852052
30.7310309589632,46.4279722096031
30.7484521401281,46.4446435303173
30.708644909951,46.4172256308608
30.644589805319,46.4448090560572
30.6432888645285,46.4396489710358
30.7108053545373,46.3890376768753
30.76284038947,46.5538617315515
30.7488026930357,46.4575113574
30.7021272225574,46.3500221804704
30.7085592192403,46.3884943206422
30.7134098328065,46.4162324764215
30.6225620992791,46.4442369127389
30.7053990496952,46.3880715103284
30.6450130654964,46.4448450399137
30.7120102178642,46.4166876722062
30.6949473796715,46.4291776687957
30.6401312916717,46.4528820342619
30.6952174352448,46.429451146105
30.6370126691379,46.4437961104968
30.6384927814145,46.4533336316609
30.7300987478977,46.4281215426075
30.7134695566352,46.3819614514955
30.7036047381458,46.4724248667244
30.7065078355586,46.4212648187524
30.7063052938786,46.3959789627932
30.6226997237539,46.4445571690617
30.7126490031626,46.4152393219823
30.6949837333064,46.4320815660148
30.749046781727,46.4578963846645
30.7134877334527,46.4162558659282
30.7061105422633,46.3964611464702
30.6348080808521,46.4376986460137
30.6149589962159,46.4889306616988
30.7317580316605,46.3876091177724
30.7253701786771,46.4234562356129
30.6226711601837,46.4446723174025
30.6439769869027,46.4427687713939
30.7133942526773,46.4162090869148
30.7511890494958,46.4148273068254
30.7061287190807,46.4057018008182
30.6426267090363,46.4444852013487
30.6628081697628,46.5416793969351
30.7300805710803,46.4283680320245
30.6413984755155,46.4430224575822
30.6453921819742,46.4449709834114
30.6407493034644,46.4522361240378
30.7662005040068,46.4300070966879
30.640123501607,46.3924111634217
30.6403623969219,46.4442656998241
30.6367841605759,46.440467603771
30.6408505743043,46.4453398179405
30.6463555532982,46.4403074756096
30.6557581612872,46.3500725578694
30.7038825837837,46.4725238223298
30.722324263413,46.5075756969418
30.7044097114892,46.4772970808939
30.7197924924135,46.4731949212534
30.7413424078238,46.4663453941696
30.6461945586295,46.4478137080745
30.7056924754623,46.4700931128235
30.6554335752616,46.3506339060308
30.644031517355,46.440519780363
30.6450182588728,46.444708301259
30.6443379265632,46.4414319711251
30.6233047521056,46.4451868865504
30.7928087680397,46.5669958391723
30.7106209896747,46.3889962954403
30.6561528578943,46.349748703161
30.6402663194583,46.4509191148901
30.6575784397186,46.3499466143717
30.6370204592025,46.4441055716627
30.7584364062749,46.4547549939925
30.7305661517746,46.4297570088852
30.6412478675996,46.4370419406327
30.6392510143703,46.4444510166851
30.7280837178509,46.4227419560615
30.7128307713369,46.4151709526549
30.7303142730187,46.4295393065535
30.6406454359362,46.445273247806
30.7114701067177,46.4075981500555
30.6438082021694,46.4370059567762
30.719976857276,46.3989710204608
30.6370074757615,46.4394150759686
30.7150301662462,46.4181090345377
30.7141680657623,46.3823914585806
30.7304804610638,46.4277347161502
30.8089939256192,46.5761105500225
30.6412037239002,46.4528874318404
30.6947811916265,46.4299567192888
30.7126879534856,46.4155038033275
30.6430837261603,46.4368764148928
30.614883692258,46.4895351904879
30.6408298007987,46.4455953033216
30.6760902299295,46.4685350118373
30.7135734241634,46.4160615531032
30.6887257147332,46.3490955961656
30.6411543868243,46.4430260559679
30.7686154240371,46.5563554128067
30.7478393217118,46.4383661465517
30.7065831395165,46.3954517992955
30.6540365570075,46.3499915941923
30.6387836104934,46.4442621014385
30.7041188824103,46.3851316292527
30.703378826272,46.5128365367614
30.6432862678403,46.4369807680767
30.7302934995131,46.4275691904103
30.6415724536252,46.4368962060139
30.6392458209939,46.4443304707658
30.6368205142107,46.4407356835019
30.6455765468368,46.4441667442187
30.627472436674,46.4269376737289
30.8108323808681,46.5807074876898
30.7334510723699,46.4467503851151
30.6439847769673,46.4394906420672
30.7114856868469,46.4076521258402
30.6950200869413,46.4320149958803
30.6409232815741,46.4443574586582
30.6401157115424,46.444123563591
30.6406584193772,46.4450177624249
30.6463295864161,46.4424215271787
30.6391133898954,46.4441955313039
30.6419671502323,46.4446759157882
30.7063052938786,46.4055362750783
30.7208103941897,46.4114070412655
30.7127502740025,46.4155271928342
30.6148057916118,46.4898590451964
30.700917165854,46.4787526278891
30.7222229925731,46.4995692888716
30.6398794129158,46.4521947426028
30.6424890845615,46.4444852013487
30.6348522245516,46.4379847176729
30.7133838659245,46.4161155288879
30.6421099680836,46.4432059752503
30.7641361368841,46.4776875057369
30.6411751603299,46.4446021488823
30.8093834288499,46.5765999304709
30.6412426742232,46.4431519994656
30.6412374808468,46.4432689469992
30.8094067990438,46.5782677822194
30.7136071811101,46.4161641070942
30.8086953064757,46.5842734878685
30.6369970890087,46.4394708509461
30.7116466815156,46.3812381759799
30.708759164232,46.3884367464718
30.6450831760779,46.4433750993759
30.8023983375794,46.5744462966596
30.7180059709287,46.4032998783971
30.6448780377097,46.4399278459236
30.7119245271535,46.4131450615342
30.6489470481264,46.4430008672683
30.743780698048,46.4544347376697
30.6450935628307,46.4445355787478
30.7140174578464,46.3822996997465
30.6919689783008,46.4884790642998
30.7398363286651,46.4584955158751
30.6418918462744,46.4430782325598
30.7240952047686,46.4980777580199
30.7097381156852,46.4502138313028
30.7282395191432,46.4227617471826
30.7016286584221,46.4251366817113
30.7282187456376,46.3892535800142
30.7281694085617,46.4225044626086
30.680766865386,46.3263304093539
30.7444220800345,46.4543627699567
30.645249364123,46.4433894929185
30.6355637171197,46.4385010860136
30.6413906854509,46.4431627946225
30.7136461314331,46.3820730014506
30.7054691602767,46.3879563619876
30.6304508380448,46.4440461982995
30.7645438169322,46.476566608607
30.7691918888185,46.4377238347133
30.6419905204262,46.4433301195552
30.6171272308668,46.4753611494144
30.6365167016908,46.4384237207221
30.726777583684,46.4162234804574
30.6381136649367,46.4440551942636
30.7094940269939,46.4501490603611
30.7503399324529,46.3780410103303
30.7114960735997,46.3812327784015
30.6109445162515,46.5136587678823
30.7008470552725,46.4785349255573
30.6369373651799,46.4384507086145
30.7129060752948,46.3814756694328
30.7334095253586,46.4470058704962
30.6435433399725,46.4403776441298
30.6597700445633,46.449389800989
30.6744698964898,46.5054184647449
30.658141921059,46.434749768974
30.7137110486383,46.4785349255573
30.6451896402943,46.4446939077164
30.7548192196059,46.4050558905941
30.7139499439531,46.419656340367
30.7041110923457,46.5144252240256
30.6224816019447,46.4446867109451
30.713466959947,46.4161856974081
30.6362648229349,46.4437601266404
30.6402429492645,46.4445175868196
30.6368309009636,46.438445311036
30.7126334230333,46.398116403869
30.6117832465416,46.5004436965844
30.7038747937191,46.3821449691636
30.7489688810808,46.4574285945301
30.7137577890259,46.3938199314035
30.7041993797447,46.4428569318423
30.6422216256764,46.4429702809903
30.638765433676,46.4441217643981
30.6442158822175,46.4414517622462
30.7252143773848,46.4762517498627
30.6670407715363,46.4838389460047
30.7260660911159,46.4223713223396
30.705269215285,46.3879509644091
30.6953238994612,46.432337051396
30.6447222364175,46.4449817785684
30.7240718345748,46.4179956853898
30.6924493656187,46.3431582598439
30.7409555012813,46.4323226578534
30.640642839248,46.4456186928283
30.7109637525177,46.38909165266
30.7552165129012,46.5512061229422
30.723858906142,46.4117434903238
30.7257441017785,46.3700741845023
30.7624950299388,46.4322057103197
30.7980800450951,46.578066272623
30.7055444642347,46.4691449382049
30.639869026163,46.4443682538151
30.6401390817363,46.4529396084323
30.7280006238284,46.4227761407252
30.6405311816552,46.4429594858333
30.6453090879517,46.4435010428736
30.7066039130222,46.3955111726588
30.7223813905535,46.4232421316668
30.7319839435343,46.3874435920325
30.6421982554825,46.4445769601828
30.6291109469312,46.5059330338928
30.7027478310383,46.5132755398106
30.6408635577454,46.445098726102
30.6445924020072,46.4370023583906
30.705853470131,46.4700319402675
30.6368231108989,46.4404244231432
30.7272917279485,46.4222021982141
30.7292807911133,46.4719768677111
30.6288305046051,46.5058088895879
30.7054951271588,46.3883827706871
30.7982410397638,46.570171414508
30.6406402425598,46.4453488139046
30.6838101839619,46.4578693967721
30.7222697329607,46.499760003311
30.6367711771349,46.4406367278966
30.7293742718886,46.4719282895048
30.6379007365039,46.4440318047569
30.6650620951244,46.4713687405363
30.6577264509463,46.3499987909636
30.7132150811912,46.4162450707713
30.7240406743163,46.397675601627
30.7118699967012,46.4095826597412
30.634818467605,46.4383247651168
30.6369970890087,46.4392009720224
30.7413476012002,46.4661025031382
30.7992485547872,46.5765153684081
30.7461073306793,46.4655015727348
30.7128671249717,46.4152843018029
30.7411658330259,46.4397101435918
30.6362726129996,46.4384129255652
30.644031517355,46.4427255907661
30.6445794185662,46.3874813750819
30.6419905204262,46.453322836504
30.7216984615557,46.4116499322969
30.6550440720309,46.3504216012775
30.7021298192456,46.4241975030567
30.7692126623242,46.556085533883
30.64066880613,46.4431088188378
30.730140294909,46.4281845143564
30.6433148314105,46.4426914061024
30.7298598525829,46.4534343864591
30.6493235679161,46.4426500246675
30.7023427476784,46.4242820651195
30.6406402425598,46.4456690702274
30.6353222251167,46.4383445562378
30.706601316334,46.4615523444844
30.6939216878307,46.4060508442262
30.8132005605107,46.5815980881381
30.7140200545346,46.4009987107743
30.6226815469365,46.4446129440393
30.7274319491116,46.4234670307699
30.750950154181,46.4509964801815
30.7283226131657,46.3894856758886
30.6400404075845,46.4443880449362
30.7009197625422,46.4785259295932
30.6381188583131,46.4440911781201
30.6413075914284,46.4431322083445
30.6423358799574,46.444708301259
30.6351586337598,46.4376248791079
30.7081099921809,46.4313888767773
30.6417308516057,46.4444024384788
30.6555971666185,46.3503964125779
30.6222842536412,46.4447406867299
30.7592985067589,46.456422845741
30.6351820039536,46.4384669013499
30.6428370407809,46.4368944068211
30.6433537817336,46.4370221495116
30.6444469874678,46.4446849117523
30.6358857064571,46.4436809621561
30.724557415269,46.4174325380356
30.7128125945195,46.4147247528344
30.6435563234136,46.4427147956092
30.7975321438839,46.5699123307412
30.7054743536531,46.4732417002669
30.6868535025377,46.4807929125524
30.7018701504251,46.425026930949
30.6560671671835,46.3498872410085
30.6538937391562,46.4506762238587
30.6419567634795,46.4430764333669
30.6953135127084,46.4319952047592
30.6290901734255,46.5074641469866
30.7107092770737,46.3885500956198
30.8048574013092,46.579473241412
30.6491184295479,46.4429486906764
30.7240276908753,46.3978933039587
30.7115402172992,46.4806687682475
30.7166323228685,46.4257879895138
30.6463191996633,46.4424647078065
30.6903096945381,46.3941833683541
30.703176284592,46.4725885932715
30.7300052671224,46.4358976539962
30.6439614067735,46.4405233787486
30.6367062599297,46.4384489094217
30.6583912031267,46.492798926272
30.7242328292434,46.4980993483338
30.6438705226863,46.4369933624264
30.6422891395697,46.4449008148913
30.7915935179599,46.5787067852687
30.6329176918392,46.4431825857436
30.7154690065528,46.3829887905984
30.7136746950034,46.3939314813586
30.6433096380341,46.4428569318423
30.74101522511,46.4599708539914
30.6418035588754,46.4429037108558
30.740241412025,46.4684486505817
30.7642036507774,46.4776767105799
30.7629987874505,46.5539157073363
30.8094821030017,46.5762203007848
30.800793584269,46.5712923116378
30.6408194140459,46.4457032548911
30.7119427039709,46.3812867541862
30.7114311563946,46.4094837041359
30.6447559933641,46.4434704565956
30.6412219007176,46.4442333143533
30.6513308078983,46.4947348577515
30.8026008792594,46.5745020716372
30.640655822689,46.4450555454742
30.6433174280987,46.4445805585684
30.6441925120237,46.439769516955
30.7222671362725,46.4160597539103
30.7277461483843,46.4222795635055
30.7514824752629,46.4151655550764
30.6874715143304,46.4799616854674
30.702262250344,46.4243738239536
30.6408220107341,46.4456456807207
30.7038150698904,46.5126584166717
30.6671290589353,46.3349935228051
30.6392276441764,46.4464499199134
30.6422138356118,46.4433553082548
30.7419889831868,46.5591207721783
30.7988590515565,46.5730195367496
30.7417448944955,46.457378217131
30.6942696440501,46.4290607212621
30.7287173097729,46.4532724591049
30.634831451046,46.4381610385697
30.7460995406147,46.4654368017931
30.6361947123534,46.4436089944431
30.7212128808615,46.4117884701444
30.7266996830379,46.4218315644922
30.6422060455472,46.4373765904981
30.703963081118,46.5127051956852
30.6914106903368,46.4795676622387
30.6830441609415,46.4513527203608
30.7585688373734,46.4543213885217
30.6202302732713,46.4586862303146
30.640339026728,46.4444456191066
30.6386148257601,46.4444528158779
30.7590699981969,46.4727109383836
30.6367659837584,46.4409102052059
30.722412550812,46.4161749022511
30.6918780942137,46.344984440561
30.6371632770538,46.4382995764172
30.7180137609933,46.463034879372
30.8111284033234,46.5806840981831
30.6149434160867,46.4890098261831
30.7045005955764,46.4857209016994
30.641569856937,46.4430170600037
30.7152950284431,46.3829492083563
30.7225449819104,46.4243306433258
30.7140096677818,46.4010724776801
30.6516969409351,46.4946323037604
30.6399443301209,46.452059803141
30.6424163772917,46.4444564142635
30.7986279463063,46.5708587061671
30.6409492484561,46.4370617317538
30.6401962088768,46.4443934425147
30.711779112614,46.4725885932715
30.7272631643783,46.4430314535463
30.7152275145498,46.4980669628629
30.6805357601358,46.3263340077396
30.6370827797194,46.4438069056538
30.701589708099,46.46521190269
30.7126204395923,46.4152986953455
30.7590777882615,46.4435748097794
30.6433927320567,46.4429037108558
30.7410801423151,46.4398720709461
30.6902110203863,46.3405926108758
30.7124906051821,46.4838299500406
30.6417931721226,46.4760160556027
30.7341989185728,46.4816169428661
30.6422787528169,46.5353930172054
30.7209558087292,46.5528415892199
30.7501607609668,46.5622693596217
30.6815302917182,46.4527704843068
30.7138538664895,46.4335623017096
30.7056872820859,46.4700427354244
30.7127554673789,46.4155973613544
30.6861965404219,46.482665872283
30.7129632024353,46.3815224484463
30.6468411339924,46.442264997403
30.6370334426435,46.4392729397354
30.6347509537116,46.4376986460137
30.6367530003174,46.4384704997356
30.7300078638106,46.4283032610828
30.639983280444,46.4445013940842
30.6417308516057,46.4430314535463
30.6367971440169,46.4406979004526
30.8119593435489,46.5822691870617
30.8120320508186,46.5823825362096
30.7189823256937,46.4043703981279
30.6888996928429,46.3492809130266
30.640681789571,46.43663892144
30.7752681392174,46.5760079960315
30.7032308150443,46.5130686326358
30.6359532203504,46.438445311036
30.7203300068719,46.399071775259
30.6679132587731,46.5147058981063
30.6429798586321,46.4426914061024
30.6464698075792,46.4392441526502
30.7128878984774,46.4153814582154
30.773042777426,46.5680447685891
30.6920754425172,46.4884736667213
30.7213764722183,46.4114196356153
30.7974516465496,46.5699285234767
30.7331965969259,46.3895018686241
30.6430317923962,46.4368818124713
30.6444314073385,46.4372794340856
30.7612590063534,46.4336000847589
30.6873910169961,46.4801056208933
30.7289743819051,46.4529647971318
30.6550596521601,46.3503298424434
30.6575888264714,46.3500743570623
30.6337122784298,46.4442189208107
30.6582120316405,46.4348253350726
30.7081177822455,46.4481699482538
30.8008714849151,46.5712059503822
30.7264633844112,46.4164483795605
30.6384330575858,46.4382545965966
30.7982332496992,46.5700742580955
30.6423748302805,46.444594952111
30.6489574348792,46.4432383607212
30.809308124892,46.576495577287
30.7348974276999,46.4468979189267
30.7058508734428,46.4699725669043
30.6948694790254,46.4294025678988
30.6817380267746,46.4506510351592
30.6943683182019,46.4878457484254
30.6400507943373,46.4445193860124
30.6337382453118,46.4479360531866
30.7305583617099,46.4275745879888
30.7624067425398,46.4324054207233
30.7062611501792,46.3958548184883
30.6949993134356,46.4294565436835
30.6463140062869,46.4425186835913
30.6348704013691,46.4377040435922
30.7040098215057,46.3852863598357
30.6370853764076,46.4439508410798
30.7586311578903,46.4542314288805
30.6523383229217,46.3460585586774
30.722425534253,46.47846655623
30.6577965615278,46.3498692490802
30.711005299529,46.3891708171443
30.7223190700366,46.49759377515
30.7624404994865,46.4323316538175
30.7059625310356,46.4694490017923
30.6436394174361,46.439389887269
30.6554569454554,46.3505709342819
30.7208701180184,46.4113530654808
30.7072426983205,46.4014575049446
30.6394743295559,46.4444510166851
30.7299948803695,46.5583902998915
30.6868560992259,46.4808936673506
30.7033165057551,46.4725688021504
30.6324528846505,46.443137605923
30.6418113489401,46.4430782325598
30.7130385063933,46.4159554007265
30.8075216034072,46.5906246385399
30.6461426248654,46.4417396330982
30.6429616818147,46.4447622770438
30.7302467591254,46.4282474861053
30.7943122505102,46.5744930756731
30.7049498226358,46.387490371046
30.6522785990929,46.4945909223255
30.6366309559718,46.4438033072681
30.6455583700193,46.4429954696898
30.6384772012853,46.4534217921093
30.6438861028156,46.4396579669999
30.6423047196989,46.4433625050261
30.6961418562457,46.4322362965978
30.706513028935,46.5541532007892
30.7244950947521,46.412808612476
30.640185822124,46.4510342632309
30.7972802651281,46.5698475597995
30.7182188993615,46.4527255044861
30.7076659584979,46.3889657091623
30.6885984770112,46.4598485088794
30.7419006957878,46.3828466543653
30.6201809361954,46.4589147278033
30.6923818517254,46.3431564606511
30.6294095660747,46.5060319894981
30.8120787912063,46.5824329136087
30.7100159613231,46.4053293679035
30.686780795268,46.4461116716623
30.7458788221173,46.4558183169519
30.6462361056408,46.4432455574925
30.7413657780176,46.466536108609
30.6340108975733,46.4422290135465
30.6807642686978,46.4874787130892
30.7202624929786,46.399060980102
30.6339044333569,46.4441955313039
30.6462490890818,46.4430674374028
30.6638806019913,46.3611987662978
30.718478568182,46.4772970808939
30.6389446051621,46.444389844129
30.6372463710763,46.4391577913946
30.7047394908912,46.4773420607145
30.7136279546157,46.4162360748072
30.7244094040414,46.4981263362261
30.6458725692921,46.4477687282539
30.7029140190834,46.4038936120293
30.6369867022558,46.4395356218878
30.7254350958822,46.3699212531122
30.6446651092769,46.4371390970452
30.6892112954275,46.4578568024223
30.7071518142333,46.4032207139129
30.641569856937,46.4432977340844
30.7135890042926,46.4161155288879
30.6440289206668,46.4372056671798
30.6573239642746,46.3496137636991
30.7413476012002,46.4662932175777
30.7324020103352,46.3901063974132
30.6453168780163,46.4369123987493
30.6445145013611,46.4372794340856
30.8085031515485,46.5920334065217
30.6362726129996,46.4385622585696
30.6430240023316,46.4426464262818
30.6366906798005,46.4411908792866
30.6518267753453,46.3651479945481
30.7488000963475,46.4572846591041
30.7323708500768,46.4562519224227
30.642369636904,46.437326213099
30.7124049144713,46.4838065605339
30.6362804030642,46.4438716765955
30.7085670093049,46.4840638451078
30.7271956504849,46.4221878046715
30.6837556535096,46.3928069858432
30.6443716835098,46.4434290751606
30.7240536577573,46.3976090314924
30.6836362058521,46.3927170262019
30.6370879730958,46.4384399134575
30.7107923710962,46.3883144013597
30.7127528706907,46.4157161080808
30.640123501607,46.4443988400931
30.7232408943493,46.3892211945434
30.7124957985585,46.4150072261079
30.6409336683269,46.4369195955206
30.6289291787568,46.5061795233098
30.7240718345748,46.3912488848569
30.7060196581761,46.5129930665371
30.6732858066685,46.4904024014294
30.6463685367392,46.4401995240402
30.7114129795772,46.4074776041362
30.7144069610771,46.3825120044999
30.7464137398875,46.4560288225124
30.810450667702,46.5788597166588
30.8109544252137,46.5821414443711
30.6489574348792,46.4430818309454
30.6107835215828,46.4848644859148
30.6949084293485,46.4320059999162
30.6361297951483,46.4437655242188
30.6410531159843,46.4547028174005
30.7526276147612,46.415232125211
30.6741634872816,46.4900713499497
30.640884331251,46.4449583890616
30.65576854804,46.3499574095287
30.7085410424228,46.3886184649471
30.6395418434492,46.4382959780316
30.6838802945434,46.392839371314
30.7133708824834,46.4160615531032
30.7215348701988,46.4160111757041
30.6191162940315,46.4686897424202
30.7131761308681,46.4160849426099
30.7087565675438,46.3969631212683
30.6445949986954,46.4414067824256
30.6418191390047,46.4432059752503
30.7258739361888,46.468137390223
30.7008522486489,46.4787076480685
30.7301740518557,46.4283698312174
30.6365842155841,46.4428461366854
30.6435926770484,46.4419645322012
30.7025712562404,46.5134014833083
30.7487455658952,46.4574195985659
30.7338379789124,46.446710802873
30.6385265383612,46.4382563957894
30.6369581386856,46.4413078268202
30.8062570162515,46.5788957005153
30.6375683604137,46.4440156120215
30.6943605281373,46.4877108089636
30.7276708444264,46.4220654595594
30.7409113575818,46.4397947056546
30.6411569835125,46.4443322699586
30.7107378406439,46.4467233972227
30.7296599075911,46.4534361856519
30.7022674437204,46.4607427077133
30.7303999637295,46.4283140562398
30.7137733691552,46.4784683554228
30.6121363961375,46.5008233262704
30.645934889809,46.4478964709445
30.6363583037103,46.4693194599089
30.7125685058282,46.4152393219823
30.8027800507455,46.574658601413
30.6463088129105,46.4426302335464
30.7459411426342,46.4558165177591
30.7475173323744,46.465345042959
30.8121281282822,46.582512078093
30.6149486094631,46.4889702439409
30.724645702668,46.4133519687091
30.6444288106503,46.441453561439
30.7080009312763,46.4344187174942
30.6370048790733,46.4384435118432
30.6464620175146,46.439317919556
30.6444963245436,46.4390318478969
30.7140823750515,46.414697764942
30.7586804949662,46.4541612603603
30.7245210616342,46.4176178548966
30.7264374175292,46.4165239456591
30.807544973601,46.5776038800671
30.6445170980493,46.4402696925603
30.6359713971678,46.4435910025148
30.6581938548231,46.4350430374044
30.7402310252722,46.4686051803575
30.641658144336,46.4445211852052
30.7131605507389,46.4161569103229
30.6222660768237,46.4448756261917
30.6915483148117,46.3494374428023
30.6368127241461,46.4403074756096
30.6463217963515,46.4406979004526
30.6408687511218,46.4450555454742
30.6436394174361,46.4427453818872
30.6445170980493,46.4446813133666
30.7073907095482,46.433558703324
30.703391809713,46.4003312102363
30.7120154112406,46.3812381759799
30.7117635324848,46.3812327784015
30.7096446349098,46.4501148756974
30.6357532753586,46.4443160772232
30.645020855561,46.4445841569541
30.8065270718248,46.5787787529817
30.6444599709088,46.4402696925603
30.6405026180849,46.4445463739048
30.6417334482939,46.4431807865508
30.7068583884662,46.4608362657402
30.7985578357248,46.5708587061671
30.732399413647,46.46044764009
30.7652293426183,46.4369681737269
30.7411840098433,46.4809458439425
30.7241237683388,46.4778422363198
30.6440211306022,46.4415507178515
30.6486536223593,46.3470553115023
30.7057314257854,46.4692582873529
30.7235005631697,46.3909898010901
30.643815992234,46.4371570889735
30.6402793028993,46.4440965756986
30.7478756753467,46.4334003743554
30.638892671398,46.4443952417075
30.6405130048377,46.4442926877165
30.7040072248175,46.3850506655756
30.7077126988855,46.4228858914875
30.8094301692376,46.5766575046413
30.7099406573651,46.4506006577601
30.7327681433721,46.4853322760493
30.6384408476504,46.4443664546223
30.6400689711547,46.4507697818856
30.6585262309133,46.492768339994
30.6817224466453,46.4507140069081
30.7146640332094,46.485776676677
30.7575639190382,46.4352859284357
30.6424864878733,46.4432419591068
30.7335263763278,46.4467377907653
30.639095213078,46.4443196756089
30.6406791928828,46.4429684817975
30.6442028987765,46.4536592855622
30.7302389690608,46.4352769324716
30.7652033757362,46.4369105995565
30.7190420495224,46.4042876352579
30.6382123390884,46.4440785837703
30.6148655154405,46.4895873670798
30.7052744086614,46.5138278920078
30.730584328592,46.4276231661951
30.7242354259316,46.3939656660223
30.6442782027345,46.4446255383891
30.7117038086561,46.3813443283566
30.6361453752775,46.5005588449252
30.7338431722888,46.483034706812
30.6438835061274,46.4371606873591
30.6359791872324,46.443877074174
30.6405779220429,46.4523512723786
30.644260025917,46.439348505834
30.6420891945779,46.4372578437717
30.7053341324901,46.3878502096109
30.7117245821617,46.3812147864732
30.7008470552725,46.4785907005349
30.7134825400762,46.4680798160526
30.6454077621035,46.4448954173128
30.7237784088076,46.4117380927453
30.700789928132,46.4785924997277
30.7077905995317,46.4341920191983
30.72218404225,46.4994397469882
30.7423810831057,46.4691575325547
30.7127736441964,46.4773492574858
30.6364362043565,46.4439364475372
30.6725093968953,46.4906308989182
30.7393247810888,46.4671118503129
30.7261543785149,46.4274756323835
30.643815992234,46.4396489710358
30.7063624210191,46.4059572861993
30.6293576323106,46.5061147523681
30.637420349186,46.4442746957882
30.703163301151,46.5129966649228
30.7254428859468,46.3911031502381
30.646277652652,46.4428785221562
30.7312283072667,46.4571605147992
30.7239368067881,46.4179992837754
30.6433901353685,46.442705799645
30.7065545759463,46.3953942251252
30.721054482881,46.5528649787266
30.706284520373,46.3959213886228
30.7474420284165,46.4653486413447
30.6462880394048,46.4428281447571
30.6350911198665,46.4383229659239
30.6640026463369,46.4916762299494
30.6519150627443,46.3488994841477
30.7339885868283,46.4733172663655
30.6416373708303,46.4432023768647
30.7331186962797,46.4716458162313
30.72188022973,46.4115833621623
30.7517421440834,46.4612374857401
30.7062455700499,46.4658848008064
30.7153755257774,46.3829905897913
30.7149678457293,46.4421390539052
30.7131190037276,46.3816429943655
30.7914740703025,46.5788795077798
30.6353222251167,46.4384740981212
30.7282836628427,46.422603418214
30.6459426798736,46.4430332527392
30.6149927531626,46.4887381480665
30.7114597199648,46.3814468823476
30.6455635633958,46.4477345435903
30.6714759149898,46.4729358374867
30.7453958381112,46.4381196571347
30.6954303636776,46.4324378061941
30.6448650542687,46.4398073000044
30.7118102728725,46.3812345775943
30.7053626960603,46.3883467868306
30.7111117637454,46.4659891539903
30.6369010115451,46.4441019732771
30.7024803721532,46.4244260005455
30.7275617835218,46.4223029530123
30.7108053545373,46.3891312349022
30.6918858842783,46.3450492115027
30.636392060657,46.4384075279867
30.7079360140711,46.5133403107523
30.7119868476704,46.4133501695163
30.6539067225973,46.3896925830635
30.6379630570208,46.4440443991067
30.744453240293,46.3757740273711
30.6440626776135,46.4389940648476
30.6587729162927,46.4385550617983
30.7033424726371,46.4724464570383
30.7044226949303,46.4019180983077
30.6562774989281,46.349676735448
30.6572928040161,46.350169714282
30.7090863469458,46.4406169367755
30.7108494982367,46.3884925214494
30.7134773466998,46.4143001433277
30.6566644054706,46.4932001462719
30.7325759884449,46.4743554006254
30.6412478675996,46.4430260559679
30.6437796385992,46.4371588881663
30.6410816795545,46.4370473382112
30.7570965151613,46.4386935996458
30.7064221448478,46.4680744184742
30.7201404486329,46.3989008519406
30.7624015491634,46.4320923611718
30.7220100641403,46.4968974875268
30.6420710177605,46.4373927832335
30.7502957887534,46.3781795481778
30.640642839248,46.4455161388373
30.7307141630022,46.4281107474506
30.7013248459021,46.4592961566822
30.7397895882774,46.4582058458304
30.6943215778142,46.487563275152
30.6462620725228,46.439461854982
30.7290029454754,46.4535639283425
30.6464386473207,46.4422901861025
30.6399910705086,46.440755474623
30.6456336739773,46.4424844989276
30.7080191080937,46.4914765195458
30.6463477632336,46.4404837965065
30.6387031131591,46.4443880449362
30.7227345401494,46.4169647479012
30.7133007719019,46.4159536015337
30.7015377743349,46.4253184001866
30.715001602676,46.4179956853898
30.7643672421343,46.4775705582032
30.7518563983644,46.4612392849329
30.6953810266017,46.4320887627861
30.7029192124598,46.4772539002661
30.6421255482128,46.4445733617971
30.6350833298018,46.4384597045786
30.7382393654193,46.4692798776668
30.7355907434505,46.4813848469917
30.6202406600241,46.4586322545298
30.7217140416849,46.4116877153462
30.7217374118788,46.4114610170503
30.6361349885247,46.438445311036
30.7244873046875,46.4981335329974
30.6445041146083,46.4398810669102
30.6149719796569,46.4888622923714
30.6847995221678,46.4583066006285
30.6455947236542,46.444215322425
30.7568212662116,46.4388267399149
30.644576821878,46.3731975832461
30.8104195074436,46.5791367923538
30.7075672843461,46.3525536447748
30.7412359436074,46.4641971579368
30.6437718485346,46.4420526926497
30.7106962936327,46.4094962984856
30.7377875416717,46.4827594303099
30.7159234269886,46.3831309268316
30.6097604264302,46.4844812578432
30.7136409380567,46.4162828538206
30.7051497676276,46.4711618333614
30.7076088313574,46.3967058366944
30.6574953456961,46.3499160280937
30.6440419041078,46.4429037108558
30.7398181518477,46.458137476503
30.7081593292567,46.3884943206422
30.7111091670572,46.4664263578467
30.7247963105839,46.4764082796385
30.6432810744639,46.4447982609002
30.8099754737606,46.580705688497
30.6473241179985,46.4422110216182
30.7517213705777,46.4612878631392
30.6447585900523,46.4429450922907
30.622611436355,46.4441829369542
30.6425228415081,46.4508039665493
30.6455375965137,46.4440875797345
30.645135109842,46.4369070011708
30.635161230448,46.4383715441302
30.6944695890419,46.4290697172262
30.7587583956123,46.4356547629648
30.7029295992126,46.5132899333532
30.7126334230333,46.4153796590226
30.6403104631578,46.4508201592847
30.6290148694676,46.5060481822335
30.7131657441153,46.4154732170495
30.6556231335005,46.3506339060308
30.7128229812723,46.4150648002783
30.7277643252018,46.4221500216222
30.6338914499159,46.4441451539049
30.681743220151,46.4506762238587
30.7305505716453,46.4275188130112
30.7325058778634,46.4564426368621
30.7489818645218,46.4575095582072
30.6438886995038,46.4428767229634
30.640123501607,46.4399818217084
30.6524344003852,46.3460999401124
30.7130436997697,46.4158942281705
30.6408479776161,46.4431322083445
30.7083540808721,46.3884943206422
30.7083333073665,46.4344367094224
30.7318930594471,46.387490371046
30.6462542824582,46.4430116624253
30.6870067071418,46.4807749206241
30.6380435543551,46.3500293772417
30.7239523869173,46.3956856943628
30.6455194196963,46.44330133247
30.6912315188507,46.4797223928217
30.7103301605958,46.4749311423293
30.7045031922646,46.4774374179342
30.6358960932099,46.4381052635921
30.6406480326244,46.4457446363261
30.6406272591187,46.4431861841293
30.635174213889,46.4383193675383
30.7037735228791,46.5125702562233
30.6520371070899,46.3490668090804
30.7438378251885,46.454472520719
30.7589167935928,46.4354028759693
30.7046823637507,46.4773096752437
30.7126827601092,46.4154462291571
30.6453869885978,46.443035051932
30.7020986589871,46.4241525232361
30.7127450806261,46.4772934825082
30.7552606566007,46.4656976847527
30.6427046096824,46.4444852013487
30.636202502418,46.4384273191078
30.7506229714672,46.4169071737308
30.6448520708277,46.4445661650258
30.6899617383186,46.4954491373029
30.7518538016762,46.4611853091482
30.7985760125422,46.5701444266156
30.7078685001778,46.4802801425973
30.7058820337013,46.4702100603572
30.6402948830285,46.4445283819765
30.7068843553483,46.3954086186678
30.6451584800358,46.4435406251157
30.643701737953,46.4371444946237
30.732627922209,46.3860330248579
30.7128878984774,46.4159482039552
30.6948746724018,46.4319646184812
30.7369332312523,46.4513797082532
30.7037553460617,46.5127195892278
30.643803008793,46.4416982516632
30.7149834258585,46.4179003281701
30.6369113982979,46.4439670338152
30.6557737414164,46.3499034337439
30.712680163421,46.4153328800091
30.6420476475667,46.4368962060139
30.741916275917,46.4849148633139
30.7033995997776,46.5129552834878
30.695549811335,46.4291362873607
30.7512409832599,46.4686861440346
30.6366750996713,46.4427453818872
30.7093018720668,46.4171770526545
30.6509075477209,46.3650112558934
30.6448910211508,46.440087974085
30.6454181488563,46.4448378431424
30.7981475589884,46.5704233015035
30.7002783805557,46.4550158769521
30.6352547112233,46.4380620829643
30.6867678118269,46.480796510938
30.7442974390007,46.4715432622403
30.6576147933535,46.3500005901565
30.6441094180012,46.4396561678071
30.705484740406,46.4733208647512
30.7208960849005,46.4113548646736
30.6560775539363,46.3496731370623
30.7210337093753,46.4801523999068
30.6462698625874,46.4429504898692
30.808331770127,46.5830392415907
30.8092925447628,46.5764703885875
30.6438341690515,46.4393682969551
30.705308165608,46.3882136465615
30.657443411932,46.3497037233404
30.704266893638,46.5586421868869
30.807633261,46.5906714175533
30.6985282127057,46.3787804785813
30.6736493430171,46.4692690825098
30.6765991808176,46.4683712852902
30.6491288163007,46.4430026664611
30.719722381832,46.4956110646571
30.6148291618057,46.4560809991043
30.8056467945234,46.5725985256286
30.6452805243814,46.4371067115744
30.7282447125196,46.3893219493416
30.7284134972529,46.4297678040422
30.7355855500741,46.4814712082473
30.6497364413406,46.3890412752609
30.6446625125887,46.4398090991972
30.7247365867551,46.4764730505801
30.6370152658261,46.4408418358786
30.7040331916996,46.3852341832437
30.7974854034963,46.5759450242827
30.6399728936912,46.4409138035916
30.7114519299002,46.4219952910392
30.6366283592836,46.4413582042193
30.7120257979934,46.4106981592926
30.7120257979934,46.4882757555106
30.694965556489,46.4295788887956
30.7255259799694,46.423476026734
30.739353344659,46.4711078575767
30.6950486505115,46.4293449937284
30.7585272903621,46.433722429871
30.7064377249771,46.4684450521961
30.7084683351531,46.4345806448484
30.7127398872497,46.3813623202849
30.7056535251393,46.3883108029741
30.7189563588116,46.4028374858412
30.7109144154419,46.4068101035983
30.7068090513903,46.4760718305802
30.6430811294721,46.4428713253849
30.7122958535667,46.4142785530138
30.7132877884609,46.4159158184844
30.6468878743801,46.3508875922191
30.6145357360385,46.5193568115583
30.6432109638824,46.439647171843
30.6940229586707,46.4060562418047
30.6287266370769,46.5057585121888
30.7136539214978,46.3938397225246
30.7489636877044,46.4573530284314
30.747626393279,46.4509425043968
30.6326632163951,46.4024956392045
30.7017584928323,46.4796018469024
30.7110780067988,46.40940993723
30.6412920112991,46.4368728165072
30.808521328366,46.5781994128921
30.6384590244679,46.4535441372214
30.6380513444197,46.4440497966851
30.6416529509596,46.442921702784
30.7989707091493,46.5775373099326
30.6398222857753,46.4442423103174
30.7296988579142,46.4703683893257
30.7276422808561,46.422038471667
30.7079645776414,46.4767051464545
30.6861835569809,46.4825975029556
30.6491729600002,46.4426626190172
30.7125295555051,46.3991113575011
30.6443457166278,46.439503236417
30.6765524404299,46.4684198634965
30.640123501607,46.44425670386
30.6421904654179,46.4444474182994
30.644919584721,46.4446921085236
30.6911198612579,46.460899237489
30.6462698625874,46.4433697017974
30.6433252181634,46.44489361812
30.6455973203424,46.4446813133666
30.7645360268676,46.4766241827774
30.7140771816751,46.4196347500531
30.724315923266,46.4748537770379
30.7120725383811,46.4882487676182
30.747727664119,46.4457410379404
30.6370879730958,46.4441091700484
30.7264062572707,46.3909862027045
30.6538132418219,46.4507266012578
30.6389965389262,46.444287290138
30.6545558946484,46.4477093548907
30.6815354850946,46.4506024569529
30.7282291323904,46.4720164499532
30.7049368391948,46.3874417928397
30.7035683845109,46.5128365367614
30.7044876121354,46.3864522367861
30.6524525772027,46.3498728474659
30.7972309280522,46.5709990432074
30.7284862045226,46.4298181814413
30.6398170923989,46.4409174019772
30.6397002414297,46.4441937321111
30.7250871396628,46.4982288902171
30.7265880254451,46.421833363685
30.635314435052,46.43806568135
30.6375735537901,46.4442746957882
30.808534311807,46.5843130701106
30.71276845082,46.4159823886189
30.6434706327028,46.4427147956092
30.7040098215057,46.3852647695218
30.636620569219,46.4385190779418
30.7367021260021,46.4511116285223
30.6443509100042,46.4433103284342
30.7206286260154,46.4113530654808
30.6397365950645,46.4443772497793
30.6432421241408,46.4391487954305
30.7096056845867,46.4502714054732
30.7701448733896,46.5870694335181
30.645275331005,46.4449565898688
30.6453714084686,46.4470670430523
30.7208856981477,46.4096114468264
30.7188447012188,46.4028230922986
30.6873312931673,46.4800462475301
30.6401702419947,46.4505934609888
30.7111169571218,46.4660881095956
30.7096394415334,46.4127942189334
30.7988278912981,46.5705078635662
30.8078825430676,46.5830212496624
30.7055600443639,46.3879527636019
30.6464646142028,46.4391937752511
30.7243652603419,46.394246340103
30.7398155551595,46.4588211697764
30.7078607101132,46.4342621877184
30.7210440961281,46.4114106396512
30.7116570682684,46.3962920223447
30.6559321393969,46.3499484135645
30.7600593364028,46.4760016620601
30.706411758095,46.4056496242263
30.721207687485,46.4115221896063
30.6369996856969,46.4391829800942
30.6449143913446,46.4445301811694
30.705713248968,46.4702352490567
30.7052614252204,46.5135939969406
30.6508400338276,46.3650094567006
30.6378565928044,46.4440210095999
30.7032022514741,46.3763533674607
30.6371580836773,46.4387619689732
30.644831297322,46.4410289519324
30.6410583093607,46.4369231939063
30.7334277021761,46.4517269524684
30.7647281817948,46.4298559644906
30.6921585365398,46.4884646707572
30.7243315033952,46.3938595136456
30.7085955728751,46.3886346576825
30.634070621402,46.4418098016183
30.7406257218793,46.4314464509477
30.650097381001,46.3649590793015
30.7081229756219,46.5132503511111
30.6549531879437,46.3503496335645
30.7056950721505,46.4701866708504
30.720192382397,46.3987982979496
30.808661549529,46.5732912148661
30.7243133265778,46.3911301381305
30.7311452132442,46.473846229056
30.6414659894088,46.4442477078959
30.6461530116182,46.4420814797349
30.6454545024912,46.4446237391962
30.7091408773981,46.3884313488933
30.6704450297726,46.4912300301288
30.6944903625475,46.4290229382127
30.7025193224763,46.4414787501386
30.7057470059146,46.4680546273531
30.646163398371,46.4412016744435
30.7142381763438,46.4147067609061
30.7914091530974,46.5787103836543
30.8054286727142,46.5750814117268
30.6365920056487,46.4384057287939
30.7274163689823,46.4631338349774
30.6376384709952,46.4440210095999
30.7221554786797,46.4968902907555
30.7013689896016,46.4651615252909
30.7095641375754,46.4502228272669
30.615023913421,46.4885906142549
30.7270268657516,46.4938532532673
30.6147226975893,46.5158267952361
30.7075724777225,46.3965888891608
30.7282343257668,46.3893975154402
30.646176381812,46.4406313303181
30.7063546309545,46.4055992468272
30.6730650881711,46.3331745388593
30.643473229391,46.4373046227851
30.7058638568838,46.4700841168594
30.7651436519075,46.4371085107672
30.6383603503161,46.444370053008
30.7256220574329,46.4982972595445
30.6666980086933,46.4709639221507
30.6439847769673,46.4390120567758
30.6454674859322,46.4477651298683
30.6291576873189,46.5061201499465
30.8114633761018,46.5832245584516
30.6432395274526,46.4428317431428
30.7073855161718,46.4707102359624
30.6358701263278,46.438403929601
30.6744880733072,46.4899256153309
30.6359688004796,46.4381106611706
30.6922935643264,46.4800516451086
30.7259362567057,46.4224954666445
30.61470711746,46.4934520332674
30.7061910395976,46.3964809375913
30.63508592649,46.4380566853859
30.6444391974031,46.4434416695104
30.7300182505634,46.4330747204541
30.683457034366,46.4873635647484
30.6138502103525,46.4864675667217
30.6406532260008,46.4449619874473
30.6544130767972,46.349194551771
30.6573187708981,46.3497055225332
30.7272891312603,46.4219808974966
30.7280915079155,46.4291830663742
30.7281408449914,46.4226789843126
30.6357480819822,46.438517278749
30.6921040060875,46.46608451121
30.649868872439,46.3647053931132
30.6455869335896,46.444245908703
30.6402273691352,46.4505412843969
30.6452701376286,46.4441775393757
30.6453999720389,46.436915997135
30.6445196947375,46.442932497941
30.7696359225015,46.5559397992642
30.7044486618123,46.4724644489666
30.8074255259436,46.5832047673306
30.7490831353618,46.4601525724667
30.7505294906918,46.5622297773795
30.7408204734947,46.438281584489
30.7143342538074,46.4195987661966
30.689927981372,46.4603001062784
30.6405986955485,46.4444474182994
30.7293353215656,46.3906641471889
30.732487701046,46.3861085909566
30.7650475744439,46.4369195955206
30.7063598243309,46.4661816676225
30.6725093968953,46.4693716365008
30.8084564111609,46.584329262846
30.7115609908048,46.4808972657362
30.7605916574848,46.5678828412349
30.6410609060489,46.454636247266
30.657786174775,46.3500959473762
30.639970297003,46.4409659801835
30.7692983530349,46.5561107225825
30.706297503814,46.4058997120289
30.7491298757495,46.4463761530076
30.7299039962824,46.4359066499603
30.7072634718261,46.4032387058411
30.6563112558747,46.4508885286121
30.6408427842397,46.4521713530961
30.7409087608936,46.4683245062768
30.6462984261577,46.4390300487041
30.6462464923936,46.4395877984797
30.6149875597862,46.4887939230441
30.7130852467809,46.4190590083492
30.6369010115451,46.4384794956997
30.7007795413792,46.478732836768
30.7072089413738,46.4013999307742
30.7129632024353,46.4156855218028
30.7066298799042,46.46402083704
30.6325827190608,46.4027727148995
30.6368231108989,46.4438554838601
30.8050755231184,46.5786132272418
30.7593426504583,46.4593213453817
30.7009249559186,46.4785799053779
30.7414488720402,46.4616782879821
30.643815992234,46.4373621969555
30.7349701349696,46.4705896900432
30.6445170980493,46.4446381327388
30.6449247780974,46.4447316907657
30.641543890055,46.4370599325609
30.7107664042142,46.3883881682655
30.8094119924202,46.5762023088566
30.6417879787462,46.4370293462829
30.6372385810117,46.4439616362367
30.6841062064172,46.4666296666359
30.6393678653395,46.4439652346224
30.7302233889315,46.4284939755223
30.6470878193719,46.3873824194765
30.7015247908939,46.4769624310285
30.6338135492698,46.4479342539938
30.7240147074343,46.3978447257525
30.6408505743043,46.4445859561469
30.7309244947468,46.5291732076102
30.6783363652265,46.326585894735
30.7051289941219,46.4591198357853
30.626202656142,46.523302441423
30.6544026900443,46.3492485275557
30.6363453202693,46.4439202548018
30.6360596845668,46.4438842709453
30.6950876008346,46.4320941603646
30.7262244890964,46.4187135633269
30.6371736638066,46.438486692471
30.687910354637,46.4592583736328
30.6560723605599,46.3497523015466
30.7277409550079,46.390889046292
30.6156549086547,46.5192830446525
30.6445248881139,46.4448126544428
30.708618943069,46.4172760082599
30.6447611867405,46.3505457455824
30.7691191815488,46.4377688145339
30.7128619315953,46.4152303260181
30.7155521005753,46.3830409671904
30.7170633731104,46.4416496734569
30.7047265074502,46.4584829215254
30.7017221391974,46.4252572276305
30.6545662814012,46.3491603671073
30.6461322381126,46.4414373687036
30.6225906628493,46.4441343587479
30.6435303565315,46.4390552374036
30.6399728936912,46.4520004297778
30.6867652151387,46.3498386628022
30.6472254438467,46.4423855433222
30.7306258756033,46.4298037878987
30.744707715737,46.4759117024188
30.6416425642068,46.4443880449362
30.7127840309492,46.4773924381136
30.6380357642905,46.4440857805416
30.8082694496101,46.5921035750418
30.7585350804267,46.4334957315751
30.7754473107035,46.5587375441066
30.6286331563015,46.5058772589152
30.6356104575074,46.4454513678956
30.695308319332,46.4323892279879
30.7030724170639,46.4725957900428
30.6485211912608,46.3470211268387
30.7041058989693,46.4031811316707
30.6885621233763,46.3489768494392
30.7139914909644,46.4011192566935
30.6364413977329,46.4424161296003
30.7624171292926,46.4323712360596
30.7126334230333,46.4151889445832
30.7240017239932,46.417952504762
30.6369477519328,46.4395895976726
30.7055626410521,46.4692618857385
30.6954069934838,46.4325187698713
30.63797863715,46.4443358683443
30.7206805597795,46.4115239887991
30.7300987478977,46.4283050602757
30.6357896289935,46.4439508410798
30.6402559327055,46.4417072476273
30.6289785158327,46.5074515526369
30.6909718500302,46.4482455143525
30.6925973768464,46.466043129775
30.6437199147705,46.4391038156099
30.71132209549,46.4082728473648
30.7591868491661,46.4356043855657
30.7720456491554,46.5667997271544
30.6366387460364,46.438403929601
30.6357169217238,46.4441379571336
30.6518553389156,46.4505124973117
30.7131267937922,46.4160057781256
30.6419593601677,46.4445589682545
30.7081229756219,46.4315094226966
30.6397391917528,46.4442405111246
30.7089279489653,46.3885500956198
30.7592673465004,46.4773996348849
30.6440626776135,46.4394942404529
30.7120673450047,46.4151259728343
30.6462205255115,46.4478424951597
30.6352417277823,46.4383265643096
30.7669743170918,46.4305486537281
30.6450364356902,46.443373300183
30.7064273382242,46.4057881620738
30.6399728936912,46.4410235543539
30.6417100781001,46.4445679642187
30.7441052840735,46.4415111356094
30.6581471144354,46.434780355252
30.6401286949834,46.4398792677173
30.6948409154552,46.4293557888853
30.6510269953783,46.4949417649263
30.6423540567748,46.4430926261024
30.6451065462717,46.4434956452951
30.7116103278807,46.4076161419838
30.703708605674,46.5126206336224
30.7056924754623,46.4701434902226
30.7173126551781,46.4131702502338
30.7064429183535,46.4622144474439
30.6532237935994,46.3503568303358
30.6442833961109,46.4536592855622
30.7205896756923,46.4113566638664
30.719621110992,46.4276717444014
30.6897591966387,46.4661402861875
30.7131995010619,46.4925596336263
30.7510877786558,46.4146689778568
30.7402128484548,46.4686591561422
30.7320125071045,46.3874957686245
30.7212154775497,46.4069936212664
30.6807201249983,46.4873635647484
30.8076644212584,46.5832155624875
30.7238563094538,46.4179345128337
30.7243860338475,46.4133303783952
30.7118777867658,46.4166984673631
30.7529262339047,46.4667592085193
30.6356468111422,46.4383661465517
30.7178579597011,46.4225458440436
30.644932568162,46.4967373593654
30.6944643956655,46.429112897854
30.739111852656,46.4691683277116
30.7062611501792,46.4754762977552
30.7273670319064,46.4219916926536
30.6214507167275,46.4543411796428
30.7192160276321,46.427705929065
30.7249027748002,46.476073629773
30.6335798473314,46.4431430035015
30.6393055448226,46.4443340691515
30.695105777652,46.4321553329207
30.6838906812962,46.3927799979508
30.7227579103432,46.4784593594587
30.8021152985651,46.5745380554937
30.637090569784,46.4389238963274
30.6353300151813,46.4383877368656
30.7397532346426,46.4583551788348
30.7148406080073,46.4857083073496
30.7130333130168,46.4157287024306
30.7993576156918,46.5697342106516
30.6533692081389,46.4506384408094
30.6349846556501,46.4384507086145
30.6502609723579,46.3649662760728
30.6520293170253,46.349142375179
30.644919584721,46.443096224488
30.6556049566831,46.5377247711063
30.7604150826869,46.4331916679877
30.705510707288,46.5138890645639
30.6446754960298,46.4445085908555
30.7369202478113,46.4717465710295
30.6950512471997,46.4320527789296
30.7077101021973,46.5132521503039
30.7088630317602,46.3974147186674
30.7403037325419,46.4593663252023
30.641227094094,46.4445247835909
30.7050744636696,46.387418403333
30.7434171616993,46.3758639870124
30.7190524362752,46.4041544949889
30.7653072432644,46.4369735713054
30.6561502612061,46.3498080765242
30.7032749587438,46.4004031779493
30.6416944979708,46.4446489278958
30.7463150657357,46.4557985258308
30.6150343001738,46.4885294416989
30.7585870141908,46.4439724313937
30.7347104661492,46.3956461121206
30.6366439394128,46.4415057380309
30.7242769729429,46.3985751980393
30.7990148528488,46.5775984824886
30.6368179175225,46.4403740457442
30.7288938845708,46.3875353508666
30.6891022345229,46.4578280153372
30.6439821802791,46.4370023583906
30.7192835415254,46.4277635032354
30.6431512400536,46.4391559922018
30.706411758095,46.4597045734534
30.7090603800638,46.391515165395
30.7316749376379,46.4695281662766
30.7980047411372,46.5780644734302
30.6385265383612,46.444082182156
30.7673404501286,46.556495749847
30.7517213705777,46.4611781123769
30.6317907291584,46.452993584217
30.6369789121912,46.4406979004526
30.714913315277,46.4420868773133
30.69228837095,46.3431546614582
30.7218360860306,46.4981911071678
30.6795074716068,46.5433004696702
30.7152275145498,46.3829186220783
30.6519228528089,46.3488509059414
30.7106547466214,46.3888343680861
30.7057755694849,46.3723807497036
30.6455142263199,46.443178987358
30.7021765596333,46.4240913506801
30.7847330677233,46.5788597166588
30.7117739192376,46.3828412567868
30.7242561994373,46.4133195832382
30.6422787528169,46.4430782325598
30.7588336995702,46.4357051403639
30.6354832197854,46.4383463554307
30.7915571643251,46.579021644013
30.7988097144806,46.5697036243736
30.6361297951483,46.4385622585696
30.7066220898396,46.4668689592816
30.644132788195,46.4390606349821
30.7415942865797,46.4624987199102
30.71919006075,46.4041922780382
30.7410567721213,46.4399260467308
30.702732250909,46.4773132736293
30.7453153407769,46.4383967328297
30.6560957307538,46.3495292016364
30.7634921582094,46.4330567285259
30.671566799077,46.5422641346031
30.8069321551847,46.5727262683192
30.7064403216653,46.4060238563338
30.7551152420612,46.5511323560364
30.7017403160149,46.3500149836991
30.642761736823,46.4447478835012
30.7326538890911,46.4808954665434
30.7046044631046,46.5126944005282
30.813813378927,46.5940862855347
30.6194928138212,46.4686159755144
30.7954859535787,46.5703981128039
30.6286850900656,46.5059168411573
30.713251434826,46.420160114358
30.7079438041358,46.5131549938914
30.7043629711016,46.5126620150574
30.7439494827813,46.4545930666382
30.6859264848486,46.4457194476265
30.6540391536957,46.3499430159861
30.7408672138824,46.462223443408
30.7063650177073,46.4684000723754
30.7255155932165,46.4982720708449
30.8092458043751,46.5784800869727
30.7041084956575,46.3852899582213
30.7117167920971,46.4167290536412
30.643244720829,46.4428875181203
30.7038773904073,46.3805202980429
30.6561684380235,46.3496965265691
30.7041266724749,46.4031037663793
30.641569856937,46.4446489278958
30.7351233395737,46.4706688545275
30.7651696187896,46.4368296358794
30.6573135775217,46.3498746466587
30.6945942300757,46.4299801087955
30.7462008114547,46.4445103900483
30.7572627032064,46.4385154795562
30.74918700289,46.4622306401793
30.6400066506378,46.4406907036813
30.7126957435502,46.4773510566786
30.7168867983125,46.4527506931857
30.7018805371779,46.4252140470027
30.7142485630966,46.4306152238627
30.727678634491,46.4708199867247
30.7306025054094,46.4282510844909
30.6887309081096,46.349286310605
30.6449117946564,46.4434812517525
30.7594491146747,46.4439346483444
30.6401494684891,46.4398073000044
30.7085332523582,46.3967939971428
30.6400456009609,46.4504459271772
30.7089902694822,46.3910239857538
30.6404377008798,46.4442818925595
30.7028023614906,46.5132431543398
30.7147938676196,46.4172364260177
30.7574574548218,46.4382186127401
30.7313321747949,46.4204084029678
30.7915883245835,46.5789712666139
30.6358181925638,46.438229407897
30.713251434826,46.4163206368699
30.7257596819078,46.498302657123
30.6274698399858,46.5091931712912
30.6440678709899,46.4448576342635
30.6412504642879,46.4369321898704
30.6585677779246,46.4921764055547
30.6541715847941,46.3496605427126
30.6380695212372,46.4441055716627
30.6364206242272,46.4384848932782
30.6550622488483,46.3503784206497
30.687250795833,46.4801326087857
30.7077905995317,46.47608442493
30.6466619625063,46.44219302969
30.641798365499,46.4442854909452
30.7259206765765,46.4983368417866
30.7171205002509,46.4415849025152
30.6330215593674,46.4431807865508
30.7243834371593,46.4126880665567
30.7983890509915,46.5708623045527
30.7272917279485,46.4235497936398
30.648954838191,46.4436809621561
30.6148473386231,46.4896809251067
30.651974786573,46.3490488171522
30.6373164816578,46.4439994192861
30.7036281083396,46.4608182738119
30.766405642375,46.4299207354323
30.6501622982062,46.5290598584622
30.7985993827361,46.5701930048219
30.7488779969937,46.4579233725569
30.7585922075672,46.4542764087011
30.7565564040148,46.4562627175796
30.7081697160096,46.4003869852139
30.6402481426409,46.4532760574905
30.7081177822455,46.4939612048368
30.7238563094538,46.3919235821662
30.8062518228751,46.5789262867933
30.7188940382947,46.4911436688732
30.8085628753772,46.5921593500194
30.640084551284,46.4507319988363
30.7253104548484,46.476300328069
30.6431096930424,46.4426230367751
30.7588440863231,46.4358310838616
30.8071658571232,46.5755132180047
30.6901720700632,46.3405350367054
30.6609515376964,46.3776038064739
30.7222385727023,46.4123066376779
30.6370879730958,46.4404837965065
30.6638702152384,46.3614290629793
30.7045187723938,46.5126440231291
30.6577264509463,46.3498980361654
30.6364985248734,46.4424215271787
30.7751123379251,46.5760097952244
30.7316515674441,46.4618887935426
30.7294184155881,46.453455976773
30.6834051006019,46.4868687867216
30.7402440087132,46.4684990279808
30.6949473796715,46.4292406405445
30.808420057526,46.5769525722645
30.6438990862566,46.437038342247
30.7170140360346,46.4673457453801
30.667100495365,46.3350708880966
30.7547672858418,46.4049587341816
30.7479873329395,46.4383949336369
30.7147315471027,46.4857892710268
30.6574927490079,46.3501787102461
30.7523887194463,46.432223702248
30.7294859294814,46.4441217643981
30.705256231844,46.5140671846535
30.7070427533287,46.4774410163199
30.648954838191,46.4433031316629
30.7097251322441,46.4503901521996
30.7111117637454,46.4662518361427
30.7672625494825,46.5565857094882
30.6421774819769,46.4446939077164
30.644106821313,46.4415543162372
30.7313269814185,46.4203490296046
30.6526187652478,46.3496281572417
30.7651592320367,46.4331143026962
30.7064195481596,46.4645731892372
30.7492649035362,46.445960539465
30.7107092770737,46.4093847485305
30.7502100980426,46.3780284159806
30.7199976307817,46.3989098479047
30.7138538664895,46.3938037386681
30.7304778643756,46.4296796435938
30.6347899040347,46.4379811192872
30.6274308896628,46.4834485211617
30.6576173900417,46.4342909748036
30.6434083121859,46.44481085525
30.7013663929134,46.4726641593701
30.7260193507282,46.4222597723845
30.7920842920306,46.5787229780041
30.6555452328544,46.3505511431608
30.6577913681514,46.3500473691699
30.8118736528382,46.5821540387209
30.7289899620343,46.4720002572178
30.7523497691233,46.4322776780327
30.7143732041304,46.4305486537281
30.6486614124239,46.4476301904064
30.710649553245,46.4820019701306
30.7657798405176,46.4295770896028
30.6989618596359,46.3503784206497
30.7287848236662,46.3867545011807
30.7067908745729,46.3954895823449
30.6952693690089,46.4320833652077
30.6387836104934,46.444389844129
30.6857836669974,46.4818706290544
30.700675673851,46.480109219279
30.7242873596957,46.4749887164997
30.7589012134636,46.4345716488843
30.6350833298018,46.4383805400943
30.6420450508785,46.4429738793759
30.62607541842,46.433630671037
30.6879778685303,46.379554131496
30.6355896840017,46.4438141024251
30.7309374781878,46.3870063881761
30.7528327531293,46.4671604285192
30.7302960962013,46.4283068594685
30.7121011019514,46.3812615654867
30.6551037958596,46.3653998815436
30.6442080921529,46.4394978388385
30.7947043504291,46.5703477354048
30.6358415627576,46.443589203322
30.7057729727967,46.4717591653793
30.6806967548045,46.392130489341
30.6749373003666,46.5044954788258
30.6946643406572,46.4292748252082
30.6445170980493,46.4412988308561
30.643244720829,46.4370293462829
30.7077049088209,46.3526454036089
30.6787414485864,46.4446345343532
30.6560749572481,46.3497127193045
30.6149252392692,46.4870559027754
30.6416243873893,46.4373442050273
30.6407441100879,46.4431196139947
30.7439728529751,46.4738408314775
30.6950616339526,46.4294097646701
30.6381162616249,46.4443304707658
30.741802021636,46.4574124017946
30.7645464136204,46.4764712513873
30.7303480299654,46.4276177686166
30.7353570415121,46.4814784050186
30.641697094659,46.4442782941739
30.6389368150975,46.4441667442187
30.644106821313,46.4536502895981
30.743591139809,46.3759179627971
30.6367244367472,46.4409677793763
30.8122501726278,46.5824742950437
30.751890155311,46.4614246017939
30.728821177301,46.3868264688936
30.6360596845668,46.3975118750799
30.7439313059638,46.4451365091513
30.6962768840323,46.3950721696095
30.7141550823212,46.4196509427886
30.685993998742,46.481392043763
30.7096706017918,46.4128589898751
30.7022181066445,46.4243162497832
30.7133812692363,46.4201097369589
30.7269100147824,46.4218837410841
30.6336525546011,46.4479360531866
30.7029192124598,46.3822061417197
30.7130281196404,46.4151745510406
30.65132821121,46.3461970965249
30.7650657512614,46.4298217798269
30.7331991936141,46.5560621443762
30.7025686595522,46.4245285545365
30.7100211546995,46.4217739903218
30.7443857263996,46.4751884269033
30.7229552586468,46.387099946203
30.6401209049188,46.4416676653852
30.6331877474125,46.4432023768647
30.6287759741528,46.5059402306641
30.6367088566179,46.4383247651168
30.7141992260207,46.4198398580352
30.7487974996593,46.4574663775794
30.6370386360199,46.4405827521118
30.7645230434266,46.47640288206
30.7297533883665,46.4719318878904
30.7054873370942,46.3872960582209
30.6438886995038,46.4371067115744
30.7300234439398,46.428240289334
30.6421333382774,46.4373873856551
30.7416072700207,46.4625706876232
30.6462438957054,46.4396561678071
30.7980826417833,46.5726021240143
30.8065140883838,46.577963718632
30.7131060202866,46.4158438507714
30.7305427815807,46.4285803367779
30.7243990172885,46.4127816245836
30.6502038452174,46.4971871575716
30.7318255455538,46.4532688607192
30.724341890148,46.3940088466501
30.7986357363709,46.5703891168398
30.7396727373082,46.4582382313012
30.7083696610013,46.3886076697902
30.6514684323731,46.3471272792153
30.6556387136297,46.3505097617259
30.6408401875515,46.4454531670885
30.7111169571218,46.4131612542697
30.683875101167,46.4567592947992
30.7500439099975,46.4683155103127
30.6212715452414,46.4551346236785
30.7352609640485,46.4706706537203
30.7094472866062,46.3898832975029
30.705967724412,46.4662194506718
30.7419604196165,46.3827387027958
30.6454103587917,46.44393824673
30.7124308813534,46.4824265796373
30.6225646959673,46.4440947765058
30.7304077537941,46.5585198417749
30.6420528409431,46.4444564142635
30.704152639357,46.5126242320081
30.6455272097609,46.4432365615284
30.7914481034205,46.5788219336094
30.7592907166943,46.5523845942424
30.654563684713,46.3492413307844
30.6411569835125,46.4369285914847
30.8058025958157,46.5727298667048
30.6851500750754,46.4664893295956
30.7067960679493,46.3958458225242
30.6369529453092,46.4396417742645
30.6403546068573,46.4506096537242
30.710408061242,46.4211370760618
30.7210233226225,46.4116427355256
30.7061105422633,46.5130290503936
30.6449845019261,46.4449925737253
30.8059194467849,46.572902589216
30.8099183466201,46.5794192656273
30.7057054589034,46.3883269957095
30.6905953302406,46.4603792707627
30.6365037182498,46.4438932669094
30.7106261830511,46.4125963077227
30.7591504955312,46.4356763532787
30.7119920410468,46.4106189948083
30.6455427898901,46.4430710357885
30.6318348728578,46.4061102175894
30.7243444868362,46.393958469251
30.7189667455644,46.4027277350789
30.7182552529964,46.4889576495912
30.6805487435768,46.487521893717
30.6373009015286,46.4458831741736
30.7957508157756,46.5752469374667
30.7492389366541,46.4460055192857
30.7292859844897,46.4531015357865
30.6452857177579,46.4435532194655
30.7502620318067,46.3782479175052
30.740127157744,46.4766403755128
30.7052925854788,46.5140383975683
30.6370074757615,46.4395913968654
30.6107939083357,46.5135562138913
30.6413802986981,46.4443646554295
30.7227916672899,46.4168855834169
30.644145771636,46.4394834452959
30.613349049529,46.4939540080655
30.7346637257615,46.3875875274585
30.7307842735837,46.4281845143564
30.7284939945873,46.429954920096
30.7211116100215,46.4116517314897
30.6449974853671,46.444943995519
30.6408401875515,46.4454009904965
30.6563476095096,46.4509281108542
30.6415594701842,46.444400639286
30.6806578044814,46.3475932701569
30.7133215454076,46.4160363644036
30.643815992234,46.4371121091529
30.7232772479841,46.4797763686064
30.7224878547699,46.4162396731928
30.7169101685064,46.4416910548919
30.640541568408,46.4430692365956
30.7073984996128,46.4706508625992
30.6424838911851,46.455057258387
30.810868734503,46.580766861053
30.6462490890818,46.440201323233
30.7512539667009,46.4687653085189
30.7261881354615,46.4188700931026
30.7610019342211,46.4332312502299
30.7055834145577,46.3882208433328
30.6857810703092,46.4819857773952
30.6385862621899,46.4443556594654
30.7441961681607,46.4751614390109
30.6581393243708,46.4348811100502
30.7410931257562,46.4638517129145
30.7134773466998,46.4163044441345
30.6685182871247,46.5163899425903
30.7063364541371,46.4527201069077
30.7585324837385,46.4543645691495
30.7548373964233,46.4050936736434
30.7054535801475,46.5139466387342
30.6122844073651,46.5146105408866
30.7368059935303,46.4651615252909
30.7575898859202,46.435221157494
30.703238605109,46.5587771263488
30.6900915727289,46.4603252949779
30.6732884033567,46.3299287950034
30.6567319193639,46.4709729181149
30.7575587256618,46.4353255106779
30.6549453978791,46.3505151593043
30.6553400944862,46.3505817294389
30.6454986461906,46.4476319895992
30.7586285612021,46.4441199652053
30.7018156199728,46.3500113853134
30.6388641078278,46.4543069949791
30.7392858307657,46.4669175374878
30.7127502740025,46.4229092809942
30.7048329716666,46.3875029653958
30.7531261788964,46.4665738916583
30.6756254227408,46.4893570703982
30.6947422413034,46.3391298671093
30.7088422582546,46.391545751673
30.7991265104416,46.5776470606949
30.740241412025,46.4579251717497
30.705053690164,46.5584118902054
30.7035657878227,46.5127177900349
30.6147928081708,46.4899238161381
30.6889801901773,46.4774032332705
30.7578209911704,46.4492008857424
30.6804059257256,46.3920531240496
30.6363583037103,46.4437673234117
30.7482470017599,46.4445787593756
30.6448390873867,46.4429666826046
30.6739064151494,46.4838011629554
30.7238640995184,46.4980669628629
30.7590128710564,46.5723736265255
30.7119478973473,46.3813839105987
30.7396363836734,46.4581770587452
30.6904499157011,46.4603504836775
30.6354858164736,46.4434992436808
30.6367581936938,46.4437799177614
30.7550736950499,46.4407500770445
30.7046044631046,46.5586403876941
30.7243003431368,46.3937389677264
30.7122750800611,46.415088189785
30.7232850380488,46.470273032106
30.6399573135619,46.4411405018875
30.7278240490305,46.4227671447611
30.6804474727369,46.3262998230759
30.7215919973393,46.5530700867087
30.7291301831974,46.3682947827986
30.6369711221266,46.4409120043988
30.7068843553483,46.3954535984884
30.6397495785056,46.4446993052949
30.722957855335,46.4977215178406
30.7658837080458,46.4295375073606
30.7575535322854,46.4489993761461
30.6440133405376,46.4448540358778
30.6357662587997,46.4436665686135
30.7129943626938,46.4144566731035
30.7148458013837,46.4173929557935
30.7191744806208,46.4871386656453
30.6356987449063,46.4435604162368
30.6134451269926,46.4940889475274
30.6944643956655,46.338732245495
30.7157650290081,46.4177042161522
30.6434161022505,46.4445319803622
30.6841399633638,46.4868328028651
30.713923977071,46.4008277874559
30.6383577536279,46.4440839813488
30.6445015179201,46.4395356218878
30.7479847362513,46.4333913783913
30.6962041767626,46.4742006700425
30.8104610544548,46.5789406803359
30.8092432076869,46.5790846157619
30.6430551625901,46.4370959164174
30.8108972980732,46.5820442879586
30.7117687258612,46.4209517592009
30.8084486210962,46.5829960609629
30.712539942258,46.3990753736446
30.7592647498122,46.4303471441318
30.6444262139621,46.4434902477166
30.807963040402,46.5766611030269
30.8086044223885,46.577163077825
30.7355050527398,46.4814999953325
30.7008340718315,46.4787634230461
30.6379760404618,46.4440803829632
30.7063260673843,46.4680672217029
30.6779832156307,46.3894191057541
30.6809460368721,46.3263717907889
30.6225205522678,46.4445175868196
30.636950348621,46.4437961104968
30.639793722205,46.44449239812
30.7343832834354,46.481535979189
30.6338524995928,46.4419933192864
30.7059651277238,46.4693968252004
30.7610538679852,46.4333032179428
30.7273826120357,46.4680132459181
30.6411751603299,46.4431537986584
30.6463867135566,46.4401383514841
30.6100149018743,46.4845694182916
30.7209350352236,46.4115167920278
30.637890349751,46.4440731861919
30.7497530809186,46.4171716550761
30.6366647129185,46.4412988308561
30.7305505716453,46.4282061046703
30.7272397941844,46.4218171709496
30.7135604407224,46.4160183724754
30.6972220785388,46.4365939416193
30.7272969213249,46.42211043938
30.7017195425092,46.4250935010835
30.6424371507974,46.4373280122918
30.6445794185662,46.3731076236049
30.7597685073239,46.4759278951542
30.7545751309146,46.4661672740799
30.7120232013052,46.4208258157031
30.7375772099271,46.454965499553
30.636075264696,46.4385514634127
30.7317502415959,46.3875389492523
30.6414971496673,46.44306563821
30.680982390507,46.3264293649593
30.6840568693413,46.4868399996364
30.634932721886,46.4432527542638
30.6363453202693,46.4436665686135
30.7294391890937,46.4718743137201
30.7109481723885,46.4094873025215
30.6437614617817,46.4419555362371
30.7140148611582,46.4196707339096
30.7080398815993,46.3980696248556
30.6364647679267,46.4424791013491
30.6403675902983,46.4430674374028
30.7308180305304,46.4574771727363
30.6425929520896,46.4445211852052
30.7060975588223,46.4550896438579
30.7106677300624,46.3888091793865
30.7424226301169,46.4550338688803
30.722513821652,46.4244655827876
30.693659422322,46.3658550773282
30.6348781914337,46.4384525078073
30.7096680051036,46.4498737838589
30.7180267444344,46.4526661311229
30.6733974642613,46.4904024014294
30.6528550638744,46.3503604287214
30.7326201321444,46.4477849209893
30.749059765168,46.4463491651152
30.6410037789084,46.4431286099589
30.6498506956216,46.3647647664764
30.7411138992618,46.4322434933691
30.6916340055224,46.4886283973042
30.7040228049468,46.4725094287872
30.6483627932804,46.4956038678858
30.644589805319,46.4400106087936
30.6819665353366,46.4595588388346
30.712350384019,46.4821962829557
30.6269323255275,46.482491350579
30.7051575576922,46.4711924196395
30.7519680559572,46.4612051002692
30.7200547579222,46.3986327722097
30.7049939663353,46.4708847576664
30.7258401792421,46.4272345405449
30.7220490144633,46.4234634323842
30.7125217654405,46.4773078760508
30.6237072387773,46.5092741349683
30.6399339433681,46.4505430835897
30.6418918462744,46.4547657891494
30.6874117905017,46.4800480467229
30.622268673512,46.4448360439496
30.7270502359455,46.38821904414
30.6422787528169,46.4373082211708
30.6422138356118,46.3503910149994
30.7239471935409,46.3957612604614
30.6463737301156,46.4402481022464
30.8058337560742,46.5728054328034
30.7245392384516,46.4889342600844
30.7299559300465,46.4281899119349
30.72766565105,46.470868564931
30.751534409027,46.3993164654831
30.7590128710564,46.4354334622474
30.694280030803,46.4421894313043
30.74804446008,46.4382150143544
30.712210162856,46.4824427723727
30.7183149768251,46.4527219061005
30.7209817756112,46.4096276395618
30.7448453402119,46.4518259080738
30.634932721886,46.4433067300485
30.7131060202866,46.4735763501323
30.6394561527384,46.4547028174005
30.7108962386244,46.3883179997454
30.6290797866727,46.5060751701259
30.7687089048125,46.5561215177394
30.7298676426475,46.4281791167779
30.7041007055929,46.3852719662931
30.6577316443227,46.3497271128471
30.643904279633,46.4416928540847
30.6597830280043,46.4857640823272
30.7063883879012,46.4211496704116
30.7306362623561,46.4280531732802
30.7752655425292,46.5765495530718
30.7970283863722,46.5709360714585
30.7707758686234,46.5565947054524
30.6442833961109,46.4968830939842
30.7101717626153,46.4764280707595
30.7350480356158,46.4706616577562
30.7083748543777,46.4056748129258
30.6867548283859,46.4807335391892
30.6920209120649,46.4668041883399
30.6354234959566,46.4440983748914
30.6902291972037,46.3406483858534
30.7406932357726,46.4315166194679
30.7584727599098,46.4539255661003
30.6489574348792,46.4431735897795
30.6984892623827,46.4046078915808
30.7400830140446,46.4579341677138
30.7213738755301,46.4114718122072
30.706715570615,46.4617340629597
30.7477951780123,46.4381970224262
30.6268258613111,46.5096231783764
30.6446884794708,46.4394060800044
30.7636635396309,46.553980478278
30.6493806950566,46.4426590206316
30.6355741038725,46.4435532194655
30.681514711589,46.4505466819754
30.6460465474018,46.44774713794
30.7303324498361,46.4688264810749
30.7265568651866,46.477234109145
30.7212544278727,46.4115725670054
30.7971945744173,46.5780698710087
30.745393241423,46.4205217521158
30.7985812059186,46.5703207475125
30.7281538284324,46.4230999954336
30.7087487774792,46.3885428988485
30.6455973203424,46.4474430743526
30.7073829194836,46.4337170322925
30.694521522806,46.4300664700511
30.6440263239786,46.4373478034129
30.7205740955631,46.4114160372296
30.6998862806368,46.4766115884277
30.7038799870955,46.4607193182065
30.6225439224616,46.4444096352501
30.7113973994479,46.4797115976647
30.7148016576842,46.4172742090671
30.7605579005381,46.4300412813516
30.6422709627523,46.4444582134564
30.6400715678429,46.4508723358766
30.7943823610917,46.5745974288569
30.722667026256,46.4156225500539
30.6388589144514,46.4543861594634
30.7589297770338,46.4355773976733
30.6826598510872,46.4501148756974
30.7120102178642,46.413414940458
30.767776693747,46.5565191393537
30.767561168626,46.5565749143313
30.6954407504304,46.4320707708579
30.6432083671941,46.4445103900483
30.7282966462837,46.4229848470928
30.6535172193666,46.3511880574208
30.6752904499624,46.4687041359628
30.6448364906985,46.4395806017084
30.7594802749332,46.4592529760544
30.7981968960643,46.5732444358527
30.7127736441964,46.4157718830584
30.7594854683096,46.4351743784806
30.7134383963768,46.4163332312197
30.7944342948558,46.5701804104721
30.8108453643091,46.5781094532508
30.7094784468647,46.445293038927
30.7612849732354,46.4334507517545
30.7245340450752,46.4760196539883
30.7131761308681,46.4154336348073
30.747055121874,46.3917670523904
30.7591011584553,46.4436431791067
30.6421255482128,46.4429792769544
30.6512814708224,46.4504495255628
30.7491091022439,46.4313223066428
30.7693087397877,46.4376680597357
30.6457842818931,46.4476877645768
30.6431460466772,46.4368836116641
30.6410712928017,46.4443466635012
30.7437651179187,46.4786806601761
30.758615577761,46.4440623910349
30.7101769559917,46.4506852198229
30.7246431059798,46.4175368912195
30.7186837065501,46.49521164385
30.6368776413512,46.4403326643092
30.6348989649393,46.4433481114835
30.7062196031679,46.4469428987474
30.709075960193,46.4856669259147
30.741028208551,46.4336756508576
30.6918858842783,46.3450779985879
30.7244691278701,46.4980003927284
30.6367659837584,46.44068350691
30.7306310689797,46.4534955590151
30.7087228105971,46.3884907222565
30.6870144972064,46.4809332495927
30.6402793028993,46.4444042376716
30.7081073954926,46.4823672062741
30.6805643237061,46.3262242569772
30.7136772916916,46.4784107812524
30.6436394174361,46.4395500154304
30.636607585778,46.4382995764172
30.7423629062882,46.4196581395599
30.6567241292993,46.4710358898637
30.7592387829302,46.4565757771311
30.7972101545466,46.5709540633868
30.7120154112406,46.3812849549934
30.7099510441179,46.4069144567821
30.7063676143955,46.4668671600887
30.6471137862539,46.4422721941743
30.7319268163938,46.3876469008217
30.6989151192482,46.3502848626228
30.7556657399606,46.4289923519347
30.6406402425598,46.4467251964156
30.800832534592,46.5713570825795
30.8025022051076,46.5743347467045
30.7256843779498,46.4982972595445
30.7113610458131,46.4074110340017
30.7066246865278,46.4211784574968
30.7015299842703,46.4592925582965
30.7142589498494,46.4196509427886
30.7122569032437,46.3895306557093
30.6402014022532,46.4442495070887
30.7521628075725,46.4687005375772
30.7184526012999,46.4062037756163
30.6399105731743,46.4444977956985
30.6443561033806,46.4390426430538
30.6410037789084,46.4373172171349
30.7011976081801,46.3730464510488
30.7968258446923,46.5691386778266
30.7094836402411,46.3901171925701
30.636976315503,46.4409749761476
30.7584545830924,46.4440354031425
30.6433901353685,46.4445877553397
30.7058586635074,46.5129732754161
30.7243470835244,46.3942283481747
30.727348855089,46.4632237946186
30.6440367107314,46.4369969608121
30.7273904021003,46.4673637373084
30.6355767005607,46.4383787409015
30.7245833821511,46.4175746742688
30.7122880635021,46.4167596399192
30.7988564548683,46.5701786112793
30.7044330816831,46.4021088127472
30.7480158965097,46.4619607612556
30.6260961919256,46.4337728072701
30.710675520127,46.4466640238595
30.687466320954,46.3497648958964
30.6522344553935,46.450580866639
30.7402803623481,46.4803575078888
30.7096316514688,46.4127330463774
30.6861523967224,46.4815539711173
30.8094509427432,46.5783289547755
30.7085877828105,46.3885734851265
30.6401780320593,46.4509892834102
30.7407088159019,46.4376662605429
30.7399012458702,46.4585908730949
30.6228217680995,46.4414805493314
30.6445794185662,46.439769516955
30.7440585436859,46.3872204921223
30.6375683604137,46.4505628747108
30.7804485321856,46.5733361946868
30.7280811211627,46.4297210250288
30.6417022880355,46.4445265827837
30.7093330323252,46.3900110401935
30.7265438817456,46.4247588512181
30.6375553769727,46.4441505514833
30.7075568975933,46.3524043117703
30.6438731193745,46.4397659185694
30.6969779898476,46.4280459765089
30.6351534403834,46.4377238347133
30.73025454919,46.4535189485219
30.6444417940913,46.4429253011697
30.6442080921529,46.439051639018
30.7052380550265,46.514596147344
30.6578225284098,46.349676735448
30.6451584800358,46.4398234927398
30.641086872931,46.4431537986584
30.6884764326656,46.3490955961656
30.6392432243057,46.4382779861033
30.7409035675172,46.4398540790178
30.7945018087491,46.570653598185
30.7238173591307,46.4180226732822
30.6730806683003,46.3332860888144
30.7605734806673,46.4328336286156
30.7593530372112,46.573703230023
30.7096783918565,46.450334377222
30.732931734729,46.4867698311162
30.7453620811646,46.474688251298
30.7476030230852,46.4457608290615
30.7064507084181,46.4617988339014
30.7526821452135,46.415179948619
30.6461088679187,46.4429091084342
30.7226358659976,46.4169107721165
30.7112467915321,46.4788497843017
30.6369036082333,46.4383031748029
30.7051575576922,46.5136803581962
30.6557529679108,46.3505547415465
30.8119126031612,46.5822080145056
30.7053445192429,46.5137811129944
30.7489610910162,46.4465542730972
30.7480989905323,46.4768418851092
30.7072349082559,46.4783568054677
30.6406064856131,46.4430890277167
30.6192357416889,46.5197436380156
30.728109684733,46.3908296729287
30.7457515843953,46.4611601204486
30.6235176805384,46.4441667442187
30.7685946505315,46.5562870434793
30.724988465511,46.52061264815
30.6886010736994,46.3490937969728
30.7502516450539,46.3819650498811
30.7634272410042,46.4331520857456
30.7052432484029,46.5145421715592
30.7730142138558,46.5681149371093
30.7623755822814,46.4321499353422
30.7305583617099,46.4535009565936
30.7039475009888,46.4725184247513
30.6705411072362,46.4829699358704
30.6333383553283,46.5279335637539
30.7276007338449,46.4147931221617
30.7405608046742,46.4681517837656
30.6370879730958,46.4382977772244
30.7462735187244,46.3994604009091
30.6951265511577,46.4774518114768
30.7274527226172,46.3908926446776
30.7053756795014,46.5138206952365
30.6358078058109,46.4384219215293
30.6148940790108,46.4894920098601
30.6439614067735,46.4372506470004
30.7358062685715,46.4498809806302
30.791949264244,46.5788399255377
30.7052899887906,46.3881218877275
30.7089565125356,46.388424152122
30.642141128342,46.4446165424249
30.7974828068081,46.5714254519069
30.7034151799069,46.5587699295775
30.7967557341108,46.5705744337007
30.7423005857713,46.4550050817951
30.6546623588648,46.5326294570266
30.6932231787037,46.4751254551544
30.7069726427472,46.3969523261114
30.6289966926502,46.506208310395
30.6406532260008,46.44306563821
30.7107326472675,46.4070925768717
30.7503061755062,46.3781399659357
30.6949941200592,46.4295267122037
30.6436991412648,46.442891116506
30.634932721886,46.4443016836806
30.6950772140818,46.477491393719
30.7076763452507,46.4315813904096
30.7259466434585,46.4947168658232
30.6425747752722,46.4508129625134
30.8084901681075,46.592101775849
30.7324098003999,46.3861481731987
30.7288159839246,46.3888181753507
30.7305453782689,46.4277940895134
30.7629105000515,46.5538887194439
30.7303999637295,46.4296094750736
30.6443794735744,46.436987964848
30.7000576620583,46.4766655642124
30.6439691968381,46.4448468391065
30.7238303425717,46.5006092223243
30.7107482273968,46.4140446579466
30.7277747119546,46.4299729120242
30.7052484417793,46.3880841046782
30.7238485193892,46.4689326334516
30.6394691361795,46.4443250731873
30.6149460127749,46.4869695415198
30.7131164070394,46.4160561555247
30.7110364597875,46.3891690179515
30.7055496576111,46.4692079099538
30.6365790222077,46.4437691226045
30.6877986970442,46.459195401884
30.7972880551927,46.5711231875123
30.7282213423258,46.4230442204561
30.7994355163379,46.5765351595292
30.7058794370131,46.4701596829581
30.6236708851425,46.5091014124572
30.6760071359069,46.4685512045727
30.79552750059,46.570273968499
30.7030698203757,46.4724554530025
30.6808499594086,46.3263699915961
30.7041214790985,46.4725058304015
30.6573784947269,46.3496407515915
30.6348002907875,46.4383697449374
30.6493599215509,46.4486539311237
30.7993550190036,46.5751749697537
30.6360700713196,46.443599998479
30.7131917109973,46.4145268416237
30.7050095464645,46.4707498182046
30.645389585286,46.4434326735462
30.7300623942629,46.5584190869767
30.6763187384915,46.4684684417028
30.7264529976584,46.4162432715785
30.704710927321,46.5126979989139
30.7082631967849,46.4313187082571
30.8119956971838,46.5823285604249
30.7133501089778,46.4926208061824
30.6454207455445,46.4442818925595
30.7636635396309,46.5584064926269
30.64460278876,46.4390282495112
30.6454363256737,46.4447838673576
30.7947355106876,46.5747017820407
30.6192591118828,46.4686897424202
30.6294952567855,46.4832398147941
30.7218828264182,46.498405211114
30.6149953498508,46.4886877706674
30.668089833571,46.514842636761
30.681654932752,46.4516945669975
30.6370853764076,46.438486692471
30.7915026338728,46.5789316843718
30.7984747417022,46.5707291642837
30.6515697032131,46.4739811685179
30.7413631813294,46.4665936827794
30.7491558426316,46.4312647324724
30.7180085676169,46.4756508194592
30.7113246921782,46.381227380823
30.7093070654432,46.3899264781307
30.651416498609,46.4946736851954
30.7988330846745,46.5704520885887
30.7384496971638,46.5578973210575
30.7051341874983,46.387592925037
30.7053237457373,46.4771837317459
30.6442158822175,46.3881974538261
30.7515447957798,46.4152393219823
30.7191952541265,46.467962868519
30.6603387192801,46.4857029097712
30.7100445248933,46.4872196293224
30.6369373651799,46.439533822695
30.6434083121859,46.443240159914
30.6563553995742,46.4932739131778
30.6617045772758,46.5412637833926
30.7157572389435,46.4510522551591
30.7168608314305,46.3980840183982
30.8053845290148,46.5749896528927
30.730241565749,46.4353147155209
30.7409347277757,46.4605232061886
30.7067960679493,46.3957972443179
30.7067493275616,46.4059752781276
30.6433667651746,46.4397713161479
30.64604914409,46.4446993052949
30.7242717795665,46.4779663806247
30.7289302382056,46.491474720353
30.7100678950871,46.4212612203667
30.645451905803,46.4476499815275
30.7073439691605,46.433661257315
30.6451792535415,46.444564365833
30.7503866728406,46.4318854539969
30.717933263659,46.4527255044861
30.8020555747364,46.577071318991
30.7155546972635,46.393578839565
30.6399754903794,46.4410775301386
30.7400752239799,46.5529855246459
30.7212492344963,46.4160759466458
30.7275254298869,46.4218657491558
30.7280837178509,46.4720326426886
30.6576900973114,46.350067160291
30.6434005221213,46.4373028235923
30.6489522415028,46.442777767358
30.6457842818931,46.4478083104961
30.7197535420904,46.4277707000067
30.64635295661,46.4399980144438
30.7239939339286,46.3980156490708
30.7059443542182,46.4695119735411
30.7474783820514,46.4458058088821
30.6417749953052,46.4444959965057
30.7642426011005,46.4776731121943
30.7067778911319,46.4617646492377
30.7403141192948,46.480488848965
30.70584048669,46.4550302704947
30.6407441100879,46.4530007809883
30.6364465911093,46.4437799177614
30.7517343540188,46.4613994130943
30.6557010341467,46.4500662974911
30.7144796683468,46.3826271528407
30.6406532260008,46.4450969269092
30.7408022966772,46.4683137111199
30.7240926080804,46.3915817355295
30.7126749700446,46.382756694724
30.6432135605706,46.4426428278962
30.7072141347503,46.4049371438677
30.7091954078504,46.4751344511185
30.6372411776999,46.4438087048466
30.6557763381046,46.3498422611879
30.6290719966081,46.505879058108
30.7323786401414,46.4845244384709
30.6921014093993,46.482419382866
30.6419333932857,46.4431052204521
30.7294028354589,46.4719732693254
30.6534834624199,46.3505313520398
30.7098289997723,46.4049821236883
30.7056509284511,46.4234472396488
30.6363505136457,46.4384489094217
30.7141784525151,46.4305774408133
30.6861368165932,46.4816547259155
30.7980774484069,46.5781310435647
30.7238822763358,46.4180604563315
30.6894813510008,46.4501742490606
30.6869677568187,46.480837892373
30.7045005955764,46.3851280308671
30.7111143604336,46.4660449289678
30.6807045448691,46.4885294416989
30.7369150544349,46.4717015912089
30.6491314129889,46.4427975584791
30.7593270703291,46.4774536106696
30.7046719769979,46.3863352892525
30.6601829179879,46.4856417372151
30.7174061359535,46.413188242162
30.7552191095894,46.4407266875378
30.6461296414244,46.447716551662
30.7482807587066,46.4383985320226
30.6404247174388,46.4445607674474
30.7149834258585,46.3933683340045
30.7594828716214,46.5738003864355
30.6561502612061,46.3498800442372
30.7265854287568,46.3910725639601
30.6430240023316,46.4447820681648
30.6363505136457,46.4428155504074
30.6442574292288,46.4390462414395
30.76169784666,46.4533894066385
30.6389783621088,46.4444078360573
30.7195354202813,46.4276159694238
30.759503645127,46.459215193005
30.6555945699303,46.3502578747304
30.6550025250196,46.350610516524
30.6422839461933,46.4373837872694
30.6837296866275,46.3926486568746
30.7270813962039,46.4220906482589
30.7086111530043,46.3968407761563
30.7207480736728,46.4170996873631
30.7098393865251,46.4504801118408
30.6403468167926,46.4443016836806
30.6441094180012,46.4427273899589
30.6401780320593,46.4440785837703
30.7207532670492,46.4276465557018
30.7329395247936,46.385847707997
30.7525782776853,46.4246616948055
30.6368880281041,46.4409893696902
30.6491236229243,46.4428389399141
30.7098549666544,46.5571146721787
30.7119453006591,46.3814828662041
30.622725690636,46.4445013940842
30.6224270714924,46.4448432407209
30.6414478125914,46.4446183416178
30.6366932764887,46.4439400459228
30.7403271027358,46.4594526864579
30.6740102826776,46.4497424427827
30.7063650177073,46.3957396701475
30.6415750503134,46.4445283819765
30.704266893638,46.4608002818837
30.6411388066951,46.4445139884339
30.7054925304706,46.5134248728151
30.7239264200353,46.4179435087979
30.7113013219844,46.4094279291583
30.7967012036585,46.5692844124454
30.6897072628746,46.4602623232291
30.6198433667288,46.5168091545184
30.7424563870636,46.4693464478013
30.7303636100946,46.4295824871812
30.729366481824,46.4530943390152
30.7469720278515,46.4495085477155
30.7266789095322,46.4217344080796
30.7245807854629,46.4981533241185
30.6411569835125,46.444215322425
30.6454493091147,46.4446885101379
30.7490078314039,46.4315328122033
30.6403416234162,46.4507337980291
30.7241107848978,46.4250719107696
30.7007483811207,46.4787832141671
30.6431408533008,46.4370779244892
30.6934335104482,46.4752370051095
30.6357558720468,46.4437259419767
30.7967998778102,46.5704017111896
30.6340810081548,46.4420688853851
30.6439899703437,46.4371534905878
30.7226098991155,46.4243738239536
30.6444106338329,46.4373424058344
30.7119037536478,46.4130730938212
30.7159571839353,46.3909430220767
30.7262920029897,46.417592666197
30.6941190361343,46.4060616393832
30.7381692548377,46.4712679857381
30.7295067029871,46.4244601852092
30.7135656340988,46.3939116902376
30.6450909661425,46.4429648834118
30.6524967209021,46.3894532904178
30.6215441975029,46.4845352336279
30.6972895924321,46.4766673634052
30.7045940763518,46.3645002851312
30.7236979114733,46.4226142133709
30.7490701519208,46.4313223066428
30.7313165946657,46.4204479852099
30.7106936969445,46.4795496703105
30.6407908504756,46.4445787593756
30.7120985052632,46.4978636540737
30.7081956828916,46.4002772344516
30.7986253496181,46.5697054235664
30.744694732296,46.4758505298628
30.6952563855679,46.4319250362391
30.7274059822295,46.4676534073532
30.7715341015791,46.5757687033858
30.7128904951656,46.4158402523857
30.7052380550265,46.5138746710213
30.6418139456283,46.4430026664611
30.68152769503,46.4506564327377
30.7119530907237,46.3811464171459
30.6444417940913,46.4371462938165
30.7041812029272,46.4774428155127
30.7016961723154,46.4651543285196
30.7673482401932,46.5564525692192
30.7039397109242,46.4932343309356
30.7421162209088,46.4550356680731
30.6446053854482,46.4445283819765
30.7063442442017,46.445539528344
30.6422216256764,46.4432617502279
30.7272268107434,46.3882082489831
30.7063961779658,46.3824058521232
30.7113117087372,46.416802820547
30.7981657358059,46.5707615497545
30.7969349055969,46.5708371158532
30.6420943879544,46.443342713905
30.6403572035455,46.4443970409003
30.7243315033952,46.3938001402824
30.7245885755275,46.4129471503235
30.7180241477462,46.3848887382214
30.7041292691631,46.4772556994589
30.717717738538,46.4224774747163
30.7072530850733,46.4335766952522
30.7972776684399,46.578190416928
30.6717537606277,46.4813452647496
30.8007987776454,46.5714524397992
30.7149366854708,46.4857388936277
30.7443026323771,46.3757668305998
30.7069778361236,46.4937956790969
30.7233629386949,46.4067939108628
30.7136980651972,46.4199298176764
30.6365608453903,46.4427651730083
30.7054120331362,46.3879779523015
30.7081852961388,46.3886472520323
30.8037667922633,46.5750796125339
30.6253223788406,46.5063702377492
30.645719364688,46.4475672186575
30.7237524419256,46.391678891942
30.6500064969139,46.3619994071048
30.629464096527,46.4174163453002
30.6424085872271,46.4432653486135
30.7023037973553,46.4771711373961
30.7385717415095,46.4523152885221
30.7273904021003,46.4219161265549
30.6344367544389,46.4438644798242
30.637838415987,46.4440659894206
30.7136798883798,46.3911409332874
30.7218127158367,46.4981047459122
30.7044590485651,46.4478263024243
30.6603776696032,46.5216939630377
30.7119660741647,46.4132818001889
30.6124116450871,46.5146573199
30.7406101417501,46.4681589805369
30.8145716118828,46.5827099893038
30.6474773226026,46.4422110216182
30.7156481780389,46.4896701299498
30.6462309122643,46.4397479266411
30.713594197669,46.4156135540898
30.6909926235359,46.4919335145233
30.7091201038925,46.3885500956198
30.7223658104243,46.4161263240449
30.7407971033008,46.431495029154
30.708289163667,46.4483390723794
30.730241565749,46.4791628438532
30.7500257331801,46.4682615345279
30.6946305837106,46.3389499478268
30.6817665903448,46.4504981037691
30.6715590090124,46.4607750931841
30.7077516492086,46.4341416417992
30.7403089259184,46.4804546643013
30.6933244495436,46.3659486353551
30.6384668145325,46.4534667719299
30.7075491075286,46.4316245710373
30.7124412681062,46.4822592547046
30.6744413329195,46.3425213455839
30.7242821663193,46.4981065451051
30.6398170923989,46.4407392818876
30.7119245271535,46.4978132766746
30.6463425698571,46.4479450491507
30.7243912272239,46.4129471503235
30.6411076464366,46.454533693275
30.6808032190209,46.326452754466
30.7011872214273,46.3729888768784
30.72188022973,46.4113116840458
30.6456414640419,46.4424305231429
30.6377293550824,46.4440461982995
30.8085005548603,46.5921503540553
30.6458569891629,46.447932454801
30.7069960129411,46.3953420485332
30.6336603446657,46.4432743445777
30.7254221124412,46.3701245619014
30.6952771590735,46.4318728596472
30.7984098244971,46.5731670705612
30.7092966786904,46.487840350847
30.6464775976438,46.439143397852
30.7023323609255,46.4252194445812
30.7101821493682,46.4873671631341
30.770339625005,46.5871270076885
30.7398700856118,46.4585440940814
30.6390251024965,46.4443196756089
30.6360207342437,46.4438590822457
30.6413075914284,46.4370239487045
30.8036421512295,46.5751137971976
30.7593712140286,46.4563058982074
30.7301688584792,46.4535207477147
30.6522110851996,46.3509307728469
30.7050770603578,46.4650517745286
30.740773733107,46.4607391093276
30.7181435954036,46.5009942495888
30.7040669486462,46.3854410904186
30.7621496704076,46.5573557640172
30.6691103320354,46.4611025462782
30.6358908998335,46.4438482870888
30.72457039871,46.5010446269879
30.7454971089512,46.4463311731869
30.6366958731769,46.4408184463719
30.7530898252616,46.4102789473644
30.7037137990504,46.4004553545412
30.6645012104722,46.4859080177532
30.6091657848314,46.4842563587401
30.7407295894075,46.4377292322918
30.6902629541504,46.3406987632524
30.6433875386803,46.4371768800946
30.7130177328876,46.4144170908613
30.6390848263252,46.4551040374005
30.8105441484774,46.5810367399767
30.7205481286811,46.4094729089789
30.6641298840589,46.4920684539852
30.7613317136231,46.4332870252074
30.7057236357208,46.4692079099538
30.7126879534856,46.4148560939106
30.6784298460018,46.3265409149144
30.7461099273675,46.4720740241236
30.7576807700074,46.4402894836814
30.7081385557511,46.4721441926438
30.7226981865145,46.4157358992019
30.7230149824755,46.5021133475258
30.7292158739081,46.4715414630475
30.6417022880355,46.4550068809879
30.702934792589,46.403825242702
30.6369451552446,46.439697549242
30.6884426757189,46.4800570426871
30.673584425812,46.3255099774258
30.7143939776361,46.3912506840497
30.7127061303031,46.4731697325539
30.7108105479137,46.4069990188449
30.7112234213382,46.3974848871875
30.7406049483737,46.4578873887004
30.6355065899792,46.4438230983892
30.7066766202919,46.4767033472617
30.7241211716506,46.3936957870986
30.6671186721824,46.4917535952408
30.6459530666265,46.4477543347113
30.7191563038034,46.4039565837782
30.7131008269102,46.4737202855583
30.7515006520803,46.4687527141691
30.6169766229509,46.4750768769481
30.7048459551076,46.4425438722908
30.6552336302698,46.3506231108738
30.7623755822814,46.432459396508
30.7259466434585,46.4216120629676
30.7013326359668,46.472768512554
30.6471345597596,46.3509001865688
30.7572678965828,46.5745938304713
30.6868509058495,46.4807371375748
30.6952434021269,46.4322416941762
30.6889308531014,46.3490901985871
30.7256298474975,46.4377094411707
30.6202432567123,46.4604080578479
30.6435277598433,46.4448252487926
30.6409907954674,46.4369285914847
30.6553193209806,46.3506249100666
30.7217633787608,46.4116841169605
30.6385005714791,46.4532652623336
30.64346024595,46.4390606349821
30.7084086113244,46.434841527808
30.6348262576696,46.4382186127401
30.708974689353,46.3884943206422
30.7142433697202,46.3898185265612
30.7021453993748,46.4242406836845
30.6396768712358,46.4442387119317
30.7078555167368,46.4939827951507
30.6949967167474,46.4291200946253
30.7150613265047,46.3936238193856
30.7408827940116,46.4599132798211
30.7482184381897,46.4642853183852
30.6411673702653,46.4373657953412
30.6450624025723,46.4369070011708
30.6442418490996,46.4449745817971
30.7089097721479,46.3915331573232
30.6386771462771,46.4441109692412
30.7652475194357,46.4379001556101
30.6328969183335,46.4018029499669
30.6314245961215,46.4080875305038
30.7462631319716,46.4444186312142
30.7109455757003,46.3884475416288
30.6463243930397,46.4406349287037
30.7092057946032,46.3973967267391
30.8068360777212,46.5727532562115
30.7038877771601,46.382202543334
30.7048329716666,46.44536500664
30.6424916812497,46.5353642301202
30.7454321917461,46.4382240103186
30.7366398054852,46.4512303752488
30.6881232830698,46.4788407883375
30.7086968437151,46.4055308774998
30.8024061276441,46.5741800161216
30.6491625732474,46.4430728349813
30.6501233478831,46.5291192318254
30.639983280444,46.440796856058
30.8087965773157,46.5828557239226
30.711537620611,46.4094675114004
30.7035554010699,46.5126548182861
30.6971208076988,46.470663456949
30.7584415996513,46.4335461089742
30.7079438041358,46.4227599479898
30.6446625125887,46.4433481114835
30.6391575335949,46.4382959780316
30.7081489425039,46.4226861810839
30.7099536408061,46.4170133261075
30.6973285427552,46.4901541128196
30.7271800703557,46.4643968683404
30.7237238783553,46.3916249161573
30.6393029481344,46.4446543254743
30.7221269151095,46.4158798346279
30.724214652426,46.4247840399176
30.7132228712558,46.3817113636929
30.7248248741541,46.4763668982035
30.6430681460311,46.4371768800946
30.6361609554068,46.3973931283535
30.6355689104961,46.4441199652053
30.7302519525018,46.4291992591096
30.7671612786425,46.5567242473357
30.7317190813374,46.3874741783106
30.7416799772904,46.4858900258249
30.7288938845708,46.452398051392
30.7113896093833,46.3812255816302
30.7017766696497,46.4252446332807
30.6425903554014,46.4523818586566
30.6522318587053,46.3491459735647
30.7102418731969,46.4062361610872
30.7473199840709,46.4475060461015
30.6117858432298,46.5005012707548
30.7299039962824,46.4281305385717
30.8008766782915,46.5714056607858
30.7463462259941,46.4364859900499
30.7052250715855,46.3879923458441
30.6946721307219,46.4299099402754
30.6831038847702,46.450436931213
30.7948965053562,46.5748313239241
30.7046797670625,46.364512879481
30.677822220962,46.4681427878015
30.7109481723885,46.4069144567821
30.6364621712385,46.4423549570442
30.7488520301116,46.4580277257407
30.6921273762813,46.4591738115701
30.7673352567522,46.5565317337035
30.6221570159192,46.5116202824118
30.6317050384476,46.4067435334637
30.6463321831043,46.4389850688834
30.7422434586308,46.4623943667264
30.7647593420532,46.4766205843918
30.6370542161492,46.4389886672691
30.622395911234,46.4442063264609
30.8094691195607,46.5767276731614
30.7011898181155,46.3498944377798
30.7388547805238,46.4574213977588
30.7453490977236,46.445015963232
30.6363738838395,46.4427525786585
30.7634298376924,46.43298296162
30.7978723100388,46.5698709493063
30.6356546012069,46.4438572830529
30.7210259193107,46.4802909377543
30.7185642588927,46.417470321085
30.7082554067203,46.4314554469118
30.6371347134835,46.4388681213498
30.8007624240105,46.5712545285885
30.7169906658407,46.4527506931857
30.6387602402996,46.4382635925607
30.6878194705498,46.4662554345283
30.6434914062085,46.4445931529182
30.7063026971904,46.4056784113115
30.7002524136736,46.3794155936485
30.7098991103538,46.4505484811682
30.7055600443639,46.3880571167858
30.7115272338582,46.3814180952624
30.6679236455259,46.514759873891
30.707946400824,46.422788735075
30.7051523643158,46.4712373994601
30.7240718345748,46.3978051435103
30.6148940790108,46.4894560260036
30.6408323974869,46.4454981469091
30.7138824300598,46.4009897148102
30.710878061807,46.4055326766927
30.6922234537449,46.3431492638798
30.638435654274,46.4536430928268
30.6915612982527,46.479544272732
30.727208633926,46.4219701023397
30.7132046944383,46.4144170908613
30.7112727584141,46.4220276765101
30.740241412025,46.4685422086086
30.7091278939571,46.3885105133776
30.7569978410096,46.4366461182113
30.7041318658513,46.5143838425907
30.7180319378108,46.4032099187559
30.7548373964233,46.4630420761433
30.6453454415866,46.4371049123816
30.7478990455405,46.4382617933679
30.7652994531998,46.4297372177642
30.6736493430171,46.325569350789
30.6446703026534,46.443004465654
30.641429635774,46.4431897825149
30.7074218698066,46.4334363582119
30.6390406826257,46.4440767845775
30.7034177765951,46.4608182738119
30.7058456800664,46.4699221895052
30.7502126947308,46.5467927029431
30.6532160035348,46.3504413923985
30.7720612292847,46.5668519037463
30.7436950073372,46.3758693845909
30.6410816795545,46.4430080640396
30.640998585532,46.4443142780304
30.6423047196989,46.4432383607212
30.772242997459,46.5667241610558
30.7588570697641,46.4355252210814
30.7218049257721,46.4984933715624
30.6413854920745,46.4442549046672
30.764769728806,46.4298163822485
30.8122423825632,46.58244011038
30.7296988579142,46.452788476235
30.6836543826696,46.4477561339042
30.7081489425039,46.3884313488933
30.7324098003999,46.4563238901357
30.6355013966028,46.4441145676268
30.6334058692216,46.4432365615284
30.7915415841958,46.5786024320848
30.6457998620224,46.447644583949
30.7256142673683,46.476546817486
30.657443411932,46.3499412167932
30.7075439141522,46.403055188173
30.638510958232,46.444370053008
30.6432473175172,46.4394222727399
30.705523690729,46.3877800410908
30.7380783707506,46.48259390457
30.6437640584699,46.4390336470897
30.6372230008825,46.4391991728296
30.6866951045572,46.4813254736285
30.7093434190781,46.389861707189
30.7056639118921,46.5137883097657
30.6912185354097,46.4608938399105
30.645020855561,46.4429612850262
30.6371684704302,46.4383445562378
30.7222022190674,46.4124127900546
30.6955835682817,46.4290895083473
30.6431408533008,46.4445445747119
30.7119556874119,46.4132458163324
30.7037839096319,46.4009591285321
30.7201274651919,46.3989728196536
30.796555789119,46.5703117515483
30.748501477204,46.4446561246671
30.6431382566126,46.4428227471787
30.6577705946458,46.3495903741924
30.7262686327959,46.4310074478985
30.6606425318001,46.5278867847405
30.6423670402158,46.4432437582997
30.7450790421503,46.3908260745431
30.6560567804307,46.3496191612776
30.660172531235,46.485735295242
30.6440574842371,46.4449170076267
30.7277747119546,46.4806399811623
30.7184733748056,46.4218801426984
30.7966752367764,46.5693689745082
30.7067778911319,46.3954392049458
30.796226009717,46.5702055991717
30.7264945446697,46.3909682107762
30.6367997407051,46.4402534998249
30.7416669938494,46.4573422332745
30.7035320308761,46.3886076697902
30.7304129471705,46.4274666364193
30.7139369605121,46.4146168012649
30.7300857644567,46.4273838735494
30.7590128710564,46.5522784418658
30.7087124238443,46.4172508195603
30.6462542824582,46.443126810766
30.64356151679,46.4539759434993
30.7552944135473,46.5512511027628
30.7083748543777,46.3990465865594
30.8089887322428,46.5777208276007
30.7514279448106,46.4151097800989
30.6253223788406,46.506208310395
30.6433667651746,46.4396489710358
30.7457152307604,46.4750498890558
30.6574460086202,46.3497630967036
30.7147159669735,46.4496704750697
30.6427513500701,46.4368980052067
30.7689010597396,46.5846639127114
30.7590985617671,46.456813270584
30.7470888788207,46.4350592301398
30.748844240047,46.457973749956
30.715027569558,46.3935914339147
30.7730012304147,46.5869560843702
30.704723910762,46.4690495809852
30.7244145974178,46.413013720458
30.6369347684917,46.4409443898696
30.7592673465004,46.4385352706772
30.6368438844046,46.4382797852961
30.7115661841812,46.4806075956914
30.8108142040507,46.5828287360302
30.7186369661625,46.4027997027919
30.7217607820726,46.4117326951668
30.7179826007349,46.4033718461101
30.6398248824635,46.4442027280752
30.613551591209,46.4696864952451
30.7195458070341,46.3894281017183
30.7188758614773,46.4890080269902
30.7021246258692,46.4771261575755
30.7055678344285,46.4439130580305
30.6348548212398,46.4442405111246
30.7405763848034,46.4683317030481
30.644576821878,46.4429738793759
30.717577517375,46.4677649573083
30.7274163689823,46.4430134616181
30.6956952258745,46.4327760544452
30.6366906798005,46.4424503142639
30.6410141656612,46.4370527357896
30.7052302649619,46.5136479727253
30.7410100317336,46.4810088156914
30.7100964586574,46.4124253844043
30.6423826203451,46.450796769778
30.7296884711614,46.4527327012574
30.6137515362007,46.4864783618786
30.8092821580099,46.5791295955825
30.7013300392785,46.4244080086172
30.6364128341626,46.4427993576719
30.7181306119625,46.4034186251236
30.8062388394341,46.5729619625792
30.7133630924188,46.4161551111301
30.6617435275988,46.3726830140982
30.798903195256,46.5776542574662
30.644221075594,46.4433193243983
30.6599881663725,46.4857137049281
30.7919544576204,46.5789064956722
30.7061780561566,46.4769462382931
30.639894993045,46.4506366416166
30.6876377023755,46.4592745663683
30.7286342157503,46.4621748652018
30.6544416403674,46.3490272268383
30.6671939761404,46.5185651667154
30.7152846416903,46.3901603731979
30.7082216497737,46.4003438045861
30.6350080258439,46.4380476894217
30.7634973515858,46.5584316813264
30.7255389634104,46.3702181199283
30.6839633885659,46.392797989879
30.7496492133904,46.4453524122903
30.6922130669921,46.4799976693239
30.7927412541464,46.5671001923561
30.7143498339366,46.4921907990973
30.7691607285601,46.5560477508336
30.7488026930357,46.4578963846645
30.8080461344245,46.5764613926234
30.7981787192469,46.5697989815933
30.7278759827946,46.4805572182923
30.7059703211002,46.4693266566802
30.6285993993549,46.5078311823229
30.7234512260939,46.4926765811599
30.764528236803,46.4763507054681
30.622852928358,46.5102924781072
30.7076971187563,46.4761060152439
30.7222152025084,46.499668244477
30.6418970396508,46.4373478034129
30.7577482839007,46.4381592393769
30.7245496252044,46.3987263302366
30.7055626410521,46.4037874596527
30.7116129245689,46.4822232708481
30.7411113025736,46.4844920530001
30.624553759132,46.5119621290485
30.6355741038725,46.4438554838601
30.684332118291,46.3924345529284
30.8070334260247,46.5726920836555
30.7406205285029,46.43155620171
30.6370022823851,46.438486692471
30.6404506843208,46.4451634970437
30.7338483656652,46.3914449968748
30.73274217649,46.4845406312064
30.7518927519992,46.4613436381167
30.7244613378055,46.4130155196509
30.7946705934824,46.5745110676013
30.6432161572588,46.4371804784802
30.7171568538858,46.4527327012574
30.7998951301502,46.5762562846413
30.6371606803655,46.4439598370439
30.7181384020272,46.4033646493388
30.6464126804387,46.3834026049481
30.7271411200326,46.4154102453006
30.7282758727781,46.3907271189377
30.7191692872444,46.4040267522983
30.6400300208317,46.4442423103174
30.7662238742006,46.4299099402754
30.6367581936938,46.4385910456548
30.6891593616634,46.4600949982964
30.7057755694849,46.5129660786448
30.7971244638358,46.5779583210536
30.7490286049095,46.4464085384784
30.7469200940874,46.4455755122005
30.7039189374186,46.5125900473444
30.724074431263,46.4181108337306
30.6369581386856,46.4406367278966
30.7589349704102,46.4355216226958
30.6986061133519,46.4355666025164
30.7211064166451,46.4116913137318
30.704064351958,46.4032962800115
30.6394275891682,46.4770433947056
30.6528784340682,46.3502254892596
30.7250300125223,46.4266372085271
30.718161772221,46.4032854848545
30.6550466687191,46.3506087173312
30.7690724411611,46.4376266783007
30.8092016606756,46.5789568730713
30.7463488226823,46.4558507024227
30.7488909804347,46.4581050910322
30.6556491003826,46.3504575851339
30.6464308572561,46.4395788025156
30.7308517874771,46.4278210774058
30.7369176511231,46.4718023460071
30.6445742251898,46.4446525262814
30.6951655014807,46.4464337271779
30.7021817530097,46.4865917110266
30.6920209120649,46.4667682044834
30.7279460933761,46.3908530624355
30.7230539327985,46.3876073185796
30.7115869576869,46.4075639653918
30.7031944614095,46.4724572521953
30.71256590914,46.4152015389329
30.6838958746726,46.3929023430629
30.7369202478113,46.4715342662762
30.7410671588741,46.4632435857397
30.7027997648024,46.4724968344374
30.7421006407796,46.4694651945277
30.6961782098805,46.3950937599234
30.6921247795931,46.4279668120246
30.6148655154405,46.4869173649279
30.6349405119506,46.4380422918433
30.7014157299893,46.3684081319466
30.7094966236821,46.3899768555298
30.7041941863683,46.3827584939169
30.7461332975614,46.4677631581155
30.6921896967982,46.466813184304
30.6883881452666,46.3453802629825
30.6916340055224,46.4752064188315
30.7389690348048,46.4695983347967
30.6874819010832,46.47997607901
30.7393481512826,46.4672054083398
30.7123270138252,46.4150737962424
30.709317452196,46.3900650159782
30.6864847728126,46.3499268232506
30.7303480299654,46.4359354370455
30.6407519001526,46.4366371222471
30.7945952895245,46.5660260742398
30.7138408830485,46.4197660911294
30.7948471682804,46.5747683521753
30.6318608397399,46.405950089428
30.6408453809279,46.4444564142635
30.7466370550731,46.3962452433313
30.6837478634449,46.4479882297785
30.7243392934598,46.3939044934663
30.6668200530389,46.4838839258253
30.6796450960816,46.4876766242999
30.7972932485691,46.5713354922656
30.7274345457998,46.4697026879806
30.705282198726,46.4650391801788
30.6719433188667,46.4727595165898
30.743666443767,46.442336965116
30.7304778643756,46.427470234805
30.7427368293897,46.4457014556983
30.7627572954474,46.5538311452735
30.7304596875582,46.4294061662844
30.6670978986768,46.4838479419688
30.717476246535,46.4964620828632
30.6368153208343,46.4406547198248
30.798446178132,46.5704125063465
30.8058830931501,46.5725697385434
30.6433979254331,46.4391326026951
30.7066324765924,46.4638912951566
30.7119037536478,46.4747530222397
30.7243315033952,46.3986075835102
30.6916314088342,46.4885924134477
30.7202702830432,46.3988054947209
30.6441509650124,46.4448594334563
30.8095600036478,46.5762346943274
30.6803669754025,46.487480512282
30.6441847219591,46.4413995856543
30.6708475164443,46.4910555084248
30.745063462021,46.4374161727402
30.6426215156599,46.4550662543511
30.7325811818214,46.4744021796388
30.7984176145617,46.5701012459878
30.64490660128,46.44457516099
30.7150613265047,46.4182169861072
30.7237602319902,46.4176052605468
30.7248352609069,46.4133663622517
30.7145757458104,46.3826091609124
30.7056950721505,46.51291210286
30.7360373738217,46.4785835037636
30.7241782987911,46.4133141856598
30.743362631247,46.4427040004522
30.7023401509901,46.3652037695257
30.7054224198891,46.388393565844
30.7137551923377,46.4336000847589
30.7343313496713,46.4921854015188
30.7334640558109,46.4469644890613
30.6381863722064,46.4443376675371
30.7128229812723,46.3980624280843
30.7672599527943,46.4473333235903
30.713581214228,46.3820316200157
30.644576821878,46.4371408962381
30.7103587241661,46.4057431822532
30.7065208189996,46.4210435180349
30.7225449819104,46.5004149094992
30.7388392003945,46.4573476308529
30.7069856261882,46.4332978203644
30.63683609434,46.4414301719323
30.6609022006205,46.4494599695092
30.6421748852887,46.4432149712145
30.7991524773236,46.571290512445
30.7055756244931,46.386936219656
30.6900110753945,46.4603504836775
30.6939684282184,46.4421732385689
30.7502386616129,46.3818517007332
30.6575291026427,46.4342531917543
30.6408999113802,46.4448846221558
30.6887776484973,46.4898590451964
30.7083748543777,46.4347839536376
30.6453428448984,46.4437115484341
30.6412374808468,46.4368746157
30.6923844484136,46.4801182152431
30.7295897970096,46.4588103746195
30.723111059939,46.4644022659188
30.6816523360638,46.4516621815267
30.6848280857381,46.4665397069946
30.7972335247404,46.5712671229383
30.7123529807072,46.4205901214431
30.6366309559718,46.4414391678964
30.6953290928376,46.4299189362395
30.726689296285,46.4247822407248
30.7437313609721,46.4796684170369
30.7414229051581,46.4615559428701
30.6671446390645,46.3349521413702
30.6502064419056,46.5289968867134
30.6883829518902,46.4800912273507
30.7107456307086,46.4053437614461
30.70728684202,46.4016158339132
30.735177870026,46.4511314196434
30.7035450143171,46.3886688423462
30.7064091614068,46.3958584168739
30.6639818728312,46.4916330493216
30.7054224198891,46.5137217396312
30.6444158272093,46.4447514818868
30.6408246074223,46.5349252270709
30.7467227457838,46.4700103499536
30.7321786951496,46.4845118441212
30.6350781364254,46.4378929588388
30.6430733394075,46.4508291552488
30.6806578044814,46.3261846747351
30.6359142700273,46.4384363150719
30.7264244340882,46.473569153361
30.740786716548,46.4607894867267
30.6946695340337,46.4407392818876
30.744720699178,46.4759926660959
30.6445924020072,46.4413042284346
30.7519394923869,46.4687185295054
30.6491547831828,46.4438464878959
30.7421889281785,46.4848123093229
30.7045161757056,46.386185956248
30.6191188907197,46.5174766550564
30.7012261717504,46.4246329077203
30.6363764805277,46.4426968036809
30.765670779613,46.4296112742664
30.6561710347117,46.3499628071071
30.6442132855293,46.4405377722912
30.7468032431182,46.39623804656
30.6868690826669,46.480837892373
30.6475240629903,46.3377624805624
30.7981553490531,46.5705582409653
30.7397090909431,46.4582976046644
30.7051575576922,46.5139016589136
30.6225854694729,46.4414319711251
30.7914584901733,46.5787697570175
30.6477863284989,46.3588472212758
30.712680163421,46.3812975493432
30.7224696779525,46.5003681304858
30.6389627819796,46.4441055716627
30.7981683324941,46.5706787868846
30.7047135240092,46.3963963755285
30.7452010864959,46.4624213546188
30.6423488633984,46.4534469808089
30.6549609780083,46.4508021673565
30.6561970015937,46.3495292016364
30.7209402286,46.3910743631529
30.7107819843434,46.3891042470098
30.6367841605759,46.4408058520221
30.6384512344033,46.4440965756986
30.7240069173696,46.4180604563315
30.642000907179,46.4432041760575
30.7192835415254,46.4678783064563
30.7112571782849,46.47044755381
30.6253846993575,46.4359444330096
30.6328242110638,46.469195315604
30.7268269207599,46.424605919828
30.7344144436938,46.5272282801666
30.6453116846399,46.4433966896898
30.7594023742871,46.4350232462833
30.6645713210537,46.4860339612509
30.6874065971253,46.3508444115913
30.7137993360372,46.393814533825
30.6500740108072,46.5291804043815
30.7040150148821,46.3851550187594
30.798916178697,46.5697072227592
30.7124724283646,46.3991761284428
30.6867678118269,46.4808612818797
30.6872533925212,46.4799221032252
30.6329929957971,46.4468007625142
30.7491091022439,46.3886346576825
30.7057340224736,46.4693410502228
30.6349872523383,46.4453704042185
30.6939009143251,46.4782128700417
30.6442548325406,46.4394276703183
30.7360737274566,46.4789001617007
30.7123477873308,46.4167524431479
30.7229266950765,46.5029229842969
30.6403649936101,46.4416010952506
30.7492207598367,46.3885932762476
30.740887987388,46.4322632844901
30.7127476773143,46.4150306156146
30.748285952083,46.4384543070001
30.6951213577813,46.4322093087054
30.7050017563999,46.4722665377559
30.7450712520857,46.4373298114847
30.7546166779259,46.4049551357959
30.6871858786279,46.3511178889006
30.681984712154,46.3807523939173
30.7704019455219,46.5564399748694
30.7474030780934,46.4448648310348
30.6463269897279,46.4407428802732
30.641011568973,46.4445913537254
30.7054146298244,46.4042714425225
30.7153807191538,46.4859889814303
30.6962690939677,46.4322614852973
30.7341469848087,46.4728332834957
30.7209220517825,46.3987245310438
30.6364699613031,46.4428623294208
30.7033165057551,46.4004049771421
30.6462984261577,46.4427705705867
30.7408905840762,46.459965456413
30.7340664874744,46.4814909993684
30.6573213675864,46.3500293772417
30.6292381846532,46.5059762145206
30.6439795835909,46.4371067115744
30.7302597425664,46.4354100727406
30.7040279983232,46.3853313396563
30.711309112049,46.4797097984719
30.6917872101265,46.4885294416989
30.7049576127004,46.3875281540953
30.640440297568,46.443096224488
30.7055055139116,46.5137289364025
30.7048563418604,46.3645200762523
30.6337226651826,46.4481087756978
30.646594448613,46.4421948288828
30.6945293128706,46.3388096107864
30.6548545137919,46.3499897949995
30.6542884357633,46.349286310605
30.6392406276175,46.4446417311245
30.7131943076855,46.4926693843886
30.6441172080658,46.4404496118428
30.8058908832147,46.5728540110097
30.7028439085018,46.4383211667311
30.7261751520205,46.3866357544542
30.7214777430583,46.4114106396512
30.7142303862792,46.4147229536416
30.6655243056248,46.5312890583721
30.6437796385992,46.4394960396457
30.7092499383027,46.3901567748123
30.6409752153382,46.4538841846653
30.7278967563002,46.428517365029
30.6438653293099,46.4519752410782
30.7078529200486,46.4801865845704
30.7393767148529,46.467419512286
30.7055963979988,46.46893803103
30.7356400805264,46.4813470639424
30.7590674015087,46.434564452113
30.7573769574874,46.4330135478981
30.7350584223686,46.4511566083429
30.6814627778249,46.4526733278942
30.614364354617,46.5193532131726
30.711335078931,46.4792420083375
30.6382097424002,46.4507625851143
30.7426952823784,46.4739613773968
30.6402741095229,46.4442962861021
30.707172587739,46.4218801426984
30.695879590737,46.4694400058282
30.7031658978392,46.4772790889656
30.7011950114919,46.3729367002865
30.7445155608099,46.445580909779
30.6445949986954,46.4395194291524
30.7497219206602,46.4689596213439
30.6288850350574,46.4690837656489
30.7394078751113,46.4711060583839
30.706196232974,46.3966842463805
30.6350781364254,46.4398162959685
30.7503373357647,46.4635566452912
30.622421878116,46.4449026140841
30.7040903188401,46.5126674126358
30.6405311816552,46.450611452917
30.6439666001499,46.4368746157
30.73015327835,46.4793175744361
30.6416763211534,46.4546398456517
30.64480533044,46.440016006372
30.7358270420772,46.4499349564149
30.8074852497723,46.5909574892125
30.7410385953039,46.4337260282567
30.6434680360146,46.4391254059238
30.6444391974031,46.4433175252055
30.7649904473034,46.4331107043106
30.6438082021694,46.4391002172242
30.6398378659045,46.4407932576723
30.7393325711534,46.467162227712
30.7672106157184,46.5566576772012
30.6397339983763,46.4441037724699
30.7441286542674,46.4414679549816
30.7517707076536,46.4402768893316
30.6854019538313,46.4822520579333
30.7274657060582,46.4218531548061
30.6957237894447,46.4327274762389
30.6498844525683,46.3645884455796
30.6462880394048,46.4479180612584
30.6438133955458,46.4397677177622
30.6408349941751,46.4417702193762
30.8090172958131,46.5777712049998
30.7120595549401,46.4107935165123
30.7694671377682,46.5557598799817
30.6436705776946,46.525889680705
30.7490493784152,46.4579431636779
30.7424148400523,46.4847961165875
30.6541741814823,46.3497469039682
30.7239445968527,46.396052729699
30.7199405036412,46.3895018686241
30.7384107468408,46.4696271218819
30.7090344131817,46.4405539650266
30.72083895776,46.4168909809954
30.6865600767706,46.3500923489905
30.7025219191645,46.4249873487068
30.6415620668724,46.4442369127389
30.6477863284989,46.3592520396614
30.6956173252283,46.429030134984
30.7038981639129,46.5126206336224
30.7126905501738,46.472871066545
30.7059781111648,46.5016995331761
30.7091227005807,46.4020962183974
30.6862900211973,46.4825867077987
30.7117713225494,46.4167524431479
30.7956183846771,46.5702883620416
30.7116155212571,46.4977323129975
30.7283459833596,46.4226627915772
30.7635778489201,46.5583327257211
30.7317554349723,46.482439173987
30.7127606607554,46.4204120013534
30.7550555182325,46.5508067021351
30.7349909084753,46.4511907930066
30.6354858164736,46.4382330062827
30.6835271449476,46.346175506211
30.7670080740384,46.4306080270914
30.6144760122098,46.5193550123655
30.7490987154911,46.415653136332
30.7088993853951,46.3884511400144
30.758449389716,46.4544977094185
30.8058986732793,46.5729709585433
30.6401754353711,46.4416748621565
30.7324227838409,46.4742132643922
30.7533728642759,46.4562141393733
30.7591556889076,46.4346598093327
30.719963873835,46.4115743661982
30.6885231730533,46.4800012677095
30.6443561033806,46.4449278027836
30.7304051571059,46.4281539280784
30.710662536686,46.4094998968713
30.7056613152039,46.4698700129133
30.6410167623494,46.4443664546223
30.7119375105945,46.405642427455
30.6941268261989,46.4059860732845
30.6556309235651,46.3505745326676
30.7016052882282,46.4343197618888
30.7064792719883,46.4058205475446
30.6975181009941,46.4363888336373
30.7118777867658,46.4882973458245
30.6839374216839,46.4456312871781
30.7401920749491,46.4687671077117
30.7325526182511,46.4742294571277
30.7021376093102,46.3567007842359
30.6371373101717,46.4397533242196
30.7119530907237,46.416700266556
30.6264519382096,46.5099416355063
30.7065519792581,46.421093895434
30.7115557974284,46.4808450891443
30.807773482163,46.5776542574662
30.6508841775271,46.4504117425135
30.7571640290547,46.4388699205427
30.6933737866195,46.4659639652907
30.6474903060436,46.3376275411006
30.701792249779,46.4250611156126
30.7602930383412,46.5668087231185
30.7126983402384,46.477388839728
30.6364491877975,46.4422308127393
30.7109611558295,46.4818742274401
30.808521328366,46.5773447963003
30.7304077537941,46.4276645476301
30.7064377249771,46.4685152207162
30.6366854864241,46.4426392295105
30.6415594701842,46.4373801888838
30.6419048297154,46.442932497941
30.7584441963395,46.4455161388373
30.6460543374664,46.4478676838593
30.6340134942615,46.4420580902281
30.6369737188148,46.4439364475372
30.7112441948439,46.3812201840517
30.7006834639156,46.4787922101313
30.6266960269009,46.4339311362387
30.7072920353964,46.4336036831446
30.6947292578624,46.488918067349
30.7060508184346,46.4069828261094
30.7056820887095,46.4706994408055
30.7130411030815,46.4913487768553
30.729924769788,46.4534343864591
30.7415942865797,46.4625311053811
30.6352573079115,46.4383769417087
30.7492908704182,46.4459101620659
30.6500013035375,46.3620875675532
30.6876299123109,46.4799904725526
30.7397272677605,46.4796432283374
30.7637933740411,46.5584856571112
30.7417267176781,46.468004249954
30.8079292834553,46.5783181596185
30.6422631726877,46.4432851397346
30.7037034122976,46.4333571937276
30.7013222492139,46.4726515650204
30.7076607651214,46.4761797821497
30.6139177242458,46.4864585707576
30.7971478340297,46.5780068992598
30.7180994517041,46.4034869944509
30.7157728190727,46.4176430435961
30.6933711899313,46.4785835037636
30.7223268601012,46.4999471193648
30.6469709684027,46.4423819449366
30.613982641451,46.5230037754141
30.7300909578331,46.4703288070836
30.6369477519328,46.4408022536364
30.6429461016855,46.444882822963
30.7053003755434,46.5138764702141
30.6398456559691,46.4507158061009
30.6357402919176,46.4437295403623
30.6367036632415,46.4382779861033
30.6454493091147,46.4447208956088
30.7579326487632,46.4537366508536
30.6486068819716,46.3470427171525
30.7452426335072,46.4692043115681
30.7125139753759,46.3827081165178
30.7146120994453,46.4983782232216
30.6926934543099,46.3494662298875
30.8095989539709,46.5761699233858
30.636875044663,46.4383553513948
30.6463062162223,46.4427075988379
30.6858979212784,46.4558812887008
30.728262889337,46.3894676839604
30.636862061222,46.4439472426941
30.7181409987154,46.3982351505954
30.7055262874172,46.3883269957095
30.8057584521162,46.5765153684081
30.6450935628307,46.4445823577613
30.7136071811101,46.393845120103
30.7080528650404,46.4915268969449
30.6149667862805,46.4888982762279
30.8143898437085,46.5826830014114
30.7027478310383,46.4247498552539
30.8098248658447,46.5800867661653
30.7586571247723,46.444245908703
30.6867885853326,46.4781283079789
30.614694134019,46.4904473812501
30.7043396009077,46.4020008611777
30.8020607681128,46.5745596458076
30.697237658668,46.3627244818132
30.6423125097635,46.4521965417957
30.7340015702693,46.4734036276211
30.7382211886018,46.4691575325547
30.6406402425598,46.4454459703172
30.8020192211016,46.5744678869735
30.7208960849005,46.4115743661982
30.7025115324117,46.513446463129
30.7726376940661,46.5680969451811
30.6546234085417,46.447716551662
30.6407389167115,46.4458651822453
30.7127424839379,46.4607499044846
30.7071466208569,46.3957018870982
30.8077267417754,46.5908819231138
30.7251001231038,46.4234166533708
30.7017610895205,46.4797079992791
30.6391627269713,46.3500455699771
30.7298260956362,46.4899454064519
30.7149756357939,46.4191003897842
30.6350054291557,46.4383499538163
30.7575353554679,46.458342584485
30.7097069554267,46.4212702163309
30.704152639357,46.3857775394768
30.7453387109707,46.4449529914832
30.7365696949037,46.4650697664568
30.7417371044309,46.4702568393706
30.6385005714791,46.4922591684246
30.7119271238417,46.4208096229677
30.6459686467557,46.4432941356987
30.6295082402265,46.4172076389325
30.7566810450486,46.4389976632332
30.7975113703783,46.5716575477813
30.721282991443,46.5530341028522
30.7984643549494,46.5705870280505
30.7053159556727,46.5138296912006
30.7094083362832,46.3900254337361
30.6805175833184,46.326134297336
30.6445041146083,46.437007755969
30.7051004305517,46.4709603237651
30.6522188752642,46.3493007041476
30.7652605028767,46.4370419406327
30.6419022330272,46.4446723174025
30.7980462881485,46.5704754780954
30.6815692420413,46.4505124973117
30.8081500019527,46.5764290071525
30.7107482273968,46.4055182831501
30.6946150035814,46.4301456345354
30.6388693012042,46.4542530191944
30.7278681927299,46.4222417804562
30.7945745160189,46.5701678161223
30.7319320097702,46.4619319741704
30.731485379399,46.4695083751555
30.7229812255288,46.5020305846559
30.7065415925052,46.4641701700444
30.6830441609415,46.3795019549041
30.6437978154166,46.4432725453848
30.7053652927485,46.4691125527341
30.6142449069596,46.4903178393667
30.6868483091613,46.3795361395677
30.7022258967091,46.3477336071973
30.7040721420226,46.385385315441
30.7064013713422,46.3957918467394
30.6425098580671,46.4392207631435
30.7000992090695,46.5034303566735
30.7224307276294,46.4160453603678
30.7054691602767,46.5134734510213
30.7104989453291,46.3974003251248
30.724887194671,46.4269124850293
30.7691425517426,46.4375798992873
30.6937425163446,46.4754655025983
30.7111039736808,46.4663453941696
30.680639627664,46.4873815566767
30.775262945841,46.558672773165
30.7374629556461,46.4827900165879
30.7970803201363,46.5710494206065
30.8092977381392,46.5789334835646
30.7080217047819,46.5133133228599
30.6273400055756,46.4823132304893
30.7276552642972,46.4146797730138
30.7679558652331,46.55537665191
30.6552414203344,46.3505691350891
30.7033035223141,46.5128923117389
30.6496948943293,46.4494365800025
30.7300857644567,46.4737994500425
30.7979917576962,46.5779727145962
30.6943838983311,46.488045458829
30.7434093716347,46.4545264965037
30.6990137934,46.4745802997285
30.7414384852874,46.4331862704092
30.6714084010965,46.4813434655568
30.7301039412741,46.453527944486
30.710548282405,46.4125999061083
30.8088563011444,46.5792033624883
30.7120309913699,46.4207520487973
30.7238173591307,46.4154624218925
30.6447430099231,46.4429990680755
30.6753475771029,46.4686897424202
30.6657735876924,46.461525356592
30.6900811859761,46.4949291705765
30.6953966067309,46.4772934825082
30.7407088159019,46.4681499845728
30.7626793948013,46.5538095549596
30.6550622488483,46.3502668706945
30.6380980848074,46.4382330062827
30.7274942696285,46.3881362812701
30.7223138766602,46.4160993361525
30.7126074561513,46.4081307111316
30.7963766176329,46.5733883712787
30.6576381635473,46.3496479483628
30.7062014263504,46.4455377291512
30.8006273962239,46.5712239423105
30.639970297003,46.4399926168653
30.6555815864892,46.3503568303358
30.7144355246473,46.4305990311272
30.6157431960537,46.5195925058183
30.7243886305357,46.5005624433109
30.719709398391,46.4732309051099
30.7044772253826,46.4773204704006
30.8134991796543,46.5815495099318
30.7519083321285,46.562645390922
30.6367763705113,46.4383103715742
30.6447507999877,46.4387763625158
30.6443223464339,46.4432185696001
30.7140018777172,46.419944211219
30.8096430976704,46.5788489215018
30.7436742338316,46.4847727270808
30.7273904021003,46.4674213114788
30.8022347462225,46.5744966740587
30.7411346727674,46.4397623201837
30.7228877447534,46.5030795140727
30.7377122377137,46.4827612295027
30.7036307050279,46.3829384131993
30.6390484726903,46.4382941788387
30.6874896911478,46.3503658262999
30.7203377969365,46.4115671694269
30.7309582516935,46.5305172046503
30.7030100965469,46.375498750869
30.7113636425013,46.4083646061989
30.725990787158,46.4178967297844
30.7462657286598,46.4654296050218
30.641658144336,46.4370419406327
30.7666886813893,46.4309876567774
30.8087550303044,46.5841673354918
30.6437225114587,46.4373064219779
30.7229163083237,46.3869380188488
30.6225049721386,46.4446255383891
30.7111117637454,46.4663759804476
30.7306284722915,46.4519932330065
30.7056794920213,46.4699869604469
30.7208727147066,46.411443025122
30.7285199614693,46.4296274670019
30.644273009358,46.44044781265
30.7530352948093,46.4666512569498
30.7036722520391,46.3885446980413
30.7179462471,46.3918012370541
30.6409596352089,46.4365489617987
30.748197664684,46.4446525262814
30.7070323665759,46.4232673203663
30.7445259475627,46.4455251348014
30.6463555532982,46.4403740457442
30.7558916518344,46.4295519009032
30.6247848643822,46.4424107320218
30.7129735891881,46.484821305287
30.6224556350627,46.4446597230527
30.7041552360452,46.382305097325
30.7552580599125,46.4289815567778
30.7473926913406,46.4344439061937
30.7413501978884,46.4388735189283
30.7231915572734,46.4642817199996
30.6403753803629,46.4417432314838
30.7630663013438,46.5539624863497
30.6420917912662,46.4431034212593
30.8108271874917,46.582861121501
30.6802994615092,46.4874589219681
30.6422995263225,46.4429792769544
30.747029154992,46.4350340414403
30.6946955009157,46.4292370421589
30.7668366926169,46.5572334189051
30.6362648229349,46.4439364475372
30.6326398462013,46.4025568117605
30.6578173350334,46.3496389523987
30.7067207639914,46.4761707861856
30.7466837954607,46.4698394266353
30.6576355668591,46.3499448151789
30.7277539384489,46.4779231999969
30.6446599159005,46.4446525262814
30.7240380776281,46.4252770187516
30.7597295570008,46.4346076327408
30.7010002598766,46.4256854355228
30.7672573561061,46.5566216933447
30.6369867022558,46.4383355602737
30.6437173180823,46.437018551126
30.6823456518144,46.3350510969755
30.8083837038911,46.5830212496624
30.7453179374651,46.4382797852961
30.6135022541331,46.4858612387397
30.6474253888385,46.4966545964955
30.7405659980506,46.5585324361246
30.7054172265126,46.4036129379487
30.6447533966759,46.4369933624264
30.7420642871447,46.4623188006278
30.6902136170745,46.4603396885205
30.7650527678203,46.4368692181215
30.7983085536571,46.573210251189
30.644018533914,46.4414499630534
30.6412452709114,46.4443808481649
30.7049939663353,46.3877098725706
30.6984892623827,46.4045467190247
30.708442368271,46.4057845636881
30.7285329449103,46.4720470362312
30.6307364737473,46.4116049524762
30.6452156071763,46.4434992436808
30.7040565618934,46.5144666054606
30.7126074561513,46.4156027589329
30.6411284199422,46.4444690086133
30.7016364484867,46.4253022074511
30.6557789347928,46.3497918837888
30.7585220969857,46.4335712976737
30.6563683830152,46.3496551451341
30.8099261366847,46.5773933745066
30.8120424375715,46.5787049860758
30.6461789785003,46.4403002788383
30.8031565705352,46.5803908297526
30.7130956335338,46.4721999676213
30.7491506492551,46.4462286191959
30.6444210205857,46.4432257663714
30.7179722139821,46.4034240227021
30.7322695792368,46.4701452894155
30.7645360268676,46.4765234279792
30.7327863201895,46.4753179687866
30.7378706356942,46.4827594303099
30.6401676453065,46.4766511706698
30.7950808702188,46.5715891784539
30.7553904910109,46.5513284680543
30.6463477632336,46.4405269771343
30.7116700517094,46.3962236530174
30.6420788078251,46.4535927154277
30.6459245030562,46.4446579238599
30.8009831425079,46.5713570825795
30.7018519736077,46.4253885687067
30.7707654818705,46.5852756382719
30.6835349350122,46.4483984457426
30.7089461257827,46.3883845698799
30.7019584378241,46.3658514789426
30.6525798149247,46.4509568979394
30.7984280013145,46.5709504650011
30.6436524008771,46.4368800132785
30.7247391834434,46.4133591654804
30.6464827910202,46.4365939416193
30.721067466322,46.4815071921038
30.7007795413792,46.4728926568589
30.6663059087744,46.3323631028953
30.7096887786093,46.5514742026731
30.7973347955804,46.5717996840144
30.7170607764222,46.4527506931857
30.6406636127536,46.446566867447
30.7040072248175,46.3850020873693
30.7336795809319,46.446710802873
30.7615160784856,46.4310074478985
30.6224062979868,46.4440947765058
30.6235877911199,46.5092453478832
30.7570315979562,46.4365903432337
30.7592180094245,46.4355000323819
30.8022944700513,46.5744283047314
30.7064533051063,46.4212090437748
30.6660020962545,46.4995872807998
30.7066117030868,46.4056604193832
30.6975181009941,46.4766259819703
30.7074400466241,46.3524438940125
30.7082943570434,46.4099227071851
30.6559607029671,46.3496209604704
30.6790011174069,46.4679754628688
30.7778752141748,46.5599070194427
30.7041084956575,46.4608218721976
30.7401583180025,46.4683964739898
30.6404351041916,46.4451167180302
30.6889152729722,46.3396714241495
30.6550310885899,46.3505565407393
30.804042041213,46.5748061352246
30.7495115889156,46.4384687005427
30.6352443244705,46.4381934240405
30.7408568271295,46.4693266566802
30.6389887488616,46.4528172633202
30.6420320674374,46.4444060368644
30.6161482794136,46.489297697035
30.7092473416145,46.4878115637618
30.7208934882123,46.5528415892199
30.6401494684891,46.3923355973231
30.7102678400789,46.4874517251968
30.7633259701643,46.4330495317546
30.8057454686752,46.5727640513685
30.7144848617232,46.3826793294326
30.657456395373,46.3496389523987
30.6430837261603,46.4445175868196
30.6489470481264,46.4429468914836
30.7289665918405,46.4529054237686
30.7449050640406,46.437603288794
30.7709082997218,46.5566684723582
30.6633534742857,46.4977557025042
30.7081489425039,46.4940079838503
30.7493116439238,46.3885608907767
30.7592387829302,46.4354010767765
30.7152534814318,46.4584577328258
30.710992316088,46.3864108553511
30.7481145706615,46.4384201223365
30.7324539440993,46.3902791199244
30.6160054615624,46.4887345496809
30.6616370633825,46.48521173013
30.7517681109654,46.4614425937221
30.7063676143955,46.4665325102233
30.6413906854509,46.4370401414399
30.6743868024672,46.3424529762566
30.7207221067908,46.4114340291579
30.7575769024792,46.449143311572
30.6445949986954,46.443456063053
30.6251146437842,46.4369807680767
30.7440040132336,46.4546506408086
30.6822495743509,46.3488742954482
30.7094758501765,46.4209481608152
30.8118321058269,46.5820892677792
30.750874850223,46.4269862519351
30.6429305215563,46.4426914061024
30.7557020935954,46.5511035689512
30.7091642475919,46.3914917758882
30.7208181842543,46.4114412259292
30.7651384585311,46.436700093996
30.743591139809,46.4786950537187
30.6372385810117,46.4392819356995
30.6216143080844,46.5152618486891
30.7304804610638,46.4792869881581
30.7376213536266,46.4826640730901
30.7410489820567,46.4322632844901
30.7108702717424,46.4094873025215
30.7002498169854,46.5033349994538
30.7284991879637,46.388188457862
30.7462890988536,46.3875857282657
30.7251520568679,46.4234220509493
30.7613135368057,46.4333374026065
30.7109507690767,46.3909844035117
30.7246405092916,46.4765504158716
30.6924493656187,46.4660647200889
30.7280162039576,46.387726065306
30.7076763452507,46.4607804907626
30.7221087382921,46.4159392079911
30.6255742575965,46.5063774345205
30.7939565042262,46.5738669565701
30.7014910339472,46.4251960550745
30.7471330225201,46.3917706507761
30.7991291071298,46.577697438094
30.6227776244001,46.4442009288824
30.6553816414975,46.3505979221743
30.7108417081721,46.4811743414312
30.6410089722848,46.444780268972
30.6559736864081,46.3498422611879
30.7408438436885,46.4590082858302
30.754795849412,46.4050019148094
30.6648933103911,46.4919173217879
30.7157858025138,46.4980741596342
30.6574486053084,46.349851257152
30.6350313960377,46.4381664361482
30.6757396770218,46.5032450398126
30.6460984811659,46.3844551327506
30.7125970693985,46.4081720925666
30.7007120274858,46.4787346359609
30.7256713945088,46.4270726131907
30.6411621768889,46.4374143735474
30.7206052558216,46.4115221896063
30.806301159951,46.5788237328023
30.762598897467,46.4506024569529
30.6435537267254,46.4420382991071
30.7324020103352,46.4567377044853
30.6428292507163,46.4373657953412
30.6624550201669,46.3515838798422
30.7233084082426,46.4871170753314
30.7237887955605,46.4178877338203
30.7033944064012,46.4725634045719
30.7193900057418,46.4955139082446
30.7123451906426,46.399132947815
30.6105004825685,46.484760132731
30.8022762932338,46.5700292782748
30.7319320097702,46.4432329631427
30.7327577566193,46.4851865414305
30.6334889632442,46.4431160156091
30.7045810929108,46.3872762670998
30.6412452709114,46.4538949798222
30.7015611445288,46.425160071218
30.7074504333769,46.4337836024271
30.7322799659896,46.4562861070863
30.7134124294947,46.4035715565137
30.7261102348154,46.4382527974038
30.7384081501526,46.4851541559596
30.698987826518,46.4265850319352
30.676832882756,46.4886931682459
30.7434794822162,46.3758531918554
30.7159649739999,46.4421408530981
30.6455142263199,46.4440264071784
30.6237513824768,46.5091391955065
30.6991098708636,46.4744057780245
30.6404325075034,46.4417468298695
30.7569744708157,46.438763768166
30.7490286049095,46.4157394975875
30.6404948280203,46.4520580039481
30.7064559017945,46.5129282955954
30.7271125564624,46.4218837410841
30.6463010228459,46.4412052728292
30.7238251491953,46.3919847547222
30.6364102374744,46.4428245463715
30.7480210898861,46.4620201346188
30.7247339900669,46.3911283389376
30.7095719276401,46.4125441311308
30.6835868687763,46.3472604194843
30.7346767092025,46.4706148787427
30.7232954248016,46.4799904725526
30.7106131996101,46.4811545503102
30.7200989016217,46.4046492730157
30.6410609060489,46.4545786730956
30.8106064689943,46.5822565927119
30.7244405642998,46.4960086862714
30.7008444585843,46.4727037416123
30.6245070187443,46.4414751517529
30.6336187976544,46.4431879833221
30.6867314581921,46.4779609830462
30.7246379126034,46.4173839598294
30.7237057015379,46.3983988771425
30.6398196890871,46.4406925028741
30.7065441891935,46.512881516582
30.707858113425,46.4802387611624
30.7150587298165,46.4181720062866
30.6442807994227,46.4446741165953
30.7227501202786,46.5039377290501
30.7334640558109,46.446658626281
30.7098549666544,46.4218261669137
30.7021557861276,46.34988184343
30.7098289997723,46.4067705213561
30.7157676256963,46.4981389305759
30.6340472512082,46.4423513586586
30.6945786499465,46.4513599171321
30.6369269784271,46.4436701669991
30.7039267274832,46.4930508132675
30.6391004064544,46.4382995764172
30.7693762536811,46.5558246509234
30.7039968380647,46.5144863965817
30.7128022077666,46.4682129563217
30.8099884572016,46.5774779365694
30.7065987196458,46.4211388752546
30.8057740322455,46.5736906356732
30.7300883611449,46.4359966096015
30.7106885035681,46.4169017761523
30.7371227894913,46.4515830170424
30.7911365008359,46.578703186883
30.7062507634263,46.3958008427036
30.6338862565395,46.4479360531866
30.7259180798883,46.4225656351647
30.6463140062869,46.4425690609904
30.7917648993814,46.5788489215018
30.6192097748069,46.468660955335
30.6904836726478,46.3517188193041
30.6430707427193,46.4370221495116
30.7118388364427,46.4167290536412
30.7331394697854,46.3893201501488
30.7187278502496,46.4952602220563
30.7121166820806,46.4207070689767
30.6440886444955,46.4531303228717
30.6445820152544,46.4428011568648
30.6369685254384,46.4410721325602
30.7282213423258,46.4720812208949
30.649284617593,46.4487097061013
30.6559555095907,46.3499969917708
30.7435106424747,46.4425060892415
30.7054276132655,46.3875497444092
30.7219061966121,46.4117075064673
30.6363686904631,46.4381358498702
30.7028516985665,46.4040789288903
30.658217225017,46.4349206922923
30.6455375965137,46.4439598370439
30.7198054758545,46.4116607274538
30.7051471709394,46.387828619297
30.8103961372497,46.5787877489458
30.704407114801,46.5587879215057
30.7051653477568,46.3875389492523
30.6448520708277,46.4396417742645
30.7209843722994,46.4103473166917
30.6355143800438,46.4438464878959
30.7436015265618,46.4737148879798
30.7202598962904,46.4671532317479
30.7385847249505,46.4523710634997
30.6484562740557,46.447264954263
30.7348558806886,46.5270951398976
30.7065026421822,46.3934421009103
30.7056950721505,46.4707570149759
30.7490987154911,46.4367738609018
30.6215753577613,46.4529917850242
30.706538995817,46.5128293399901
30.8078565761856,46.591043850468
30.6949447829833,46.4296130734593
30.6435251631551,46.4395212283452
30.7051705411332,46.4713111663659
30.7244249841706,46.5006470053736
30.6382850463582,46.4440875797345
30.7064143547832,46.4060040652128
30.6275061936207,46.4834233324622
30.702350537743,46.4384543070001
30.7091434740863,46.4752046196387
30.7014442935595,46.4248308189311
30.6878636142493,46.5471147584587
30.7059157906479,46.4851883406233
30.730127311468,46.4293755800064
30.6549609780083,46.3499969917708
30.6862043304865,46.4827360408031
30.6861913470455,46.4826352860049
30.7171984008971,46.3884475416288
30.7353103011244,46.4511242228721
30.6438861028156,46.4419609338156
30.7410204184864,46.460057215247
30.7192601713316,46.4945585368546
30.7606721548191,46.4329343834138
30.6408661544336,46.4443124788376
30.7324851043578,46.4462861933663
30.6541975516762,46.3505619383178
30.7513266739706,46.4686771480705
30.6437095280176,46.4394960396457
30.7420227401334,46.4398037016187
30.6541274410946,46.3505691350891
30.635820789252,46.5008431173915
30.6810343242711,46.3264671480086
30.7602281211361,46.4761240071721
30.8087654170572,46.5776902413227
30.6928933993017,46.409246210683
30.7068713719072,46.4012703888908
30.7130073461348,46.3815566331099
30.6421229515246,46.4444276271783
30.706500045494,46.475037294706
30.7075179472702,46.4049317462892
30.6407726736582,46.4417648217977
30.7455620261563,46.4449367987477
30.7115272338582,46.4299495225175
30.704939435883,46.4589111294177
30.7052017013917,46.5141211604383
30.6222504966945,46.4449457947119
30.706538995817,46.4061192135536
30.6408531709925,46.450580866639
30.7498179981237,46.4582454280725
30.7216828814265,46.3911463308659
30.7019895980825,46.4740405418811
30.6148395485585,46.4897169089632
30.6398274791517,46.4409857713046
30.6581445177472,46.4349836640412
30.6369944923205,46.443691757313
30.6698088411625,46.3297848595775
30.7944135213502,46.5746406094847
30.6340186876379,46.443209573636
30.6417282549175,46.4975667872576
30.6952148385566,46.4320311886157
30.7430536253507,46.3911895114937
30.7501841311606,46.3780697974155
30.7228358109894,46.4784647570372
30.6956147285401,46.4289509704998
30.6977076592331,46.4361945208122
30.6156289417727,46.5191876874328
30.7094940269939,46.412849993911
30.6365218950672,46.4456744678059
30.8150026621247,46.5936958606917
30.7090318164935,46.4053815444954
30.747499155557,46.4446921085236
30.6414530059678,46.444503193277
30.7067259573678,46.4234166533708
30.6367036632415,46.4411225099593
30.7983838576151,46.570356731369
30.6407389167115,46.4443340691515
30.6227698343354,46.4445373779407
30.644831297322,46.4395320235022
30.7492363399659,46.4385370698701
30.6147850181062,46.4899813903084
30.6369165916743,46.4413779953404
30.7529522007867,46.4691089543484
30.724341890148,46.4737364782937
30.6453843919096,46.4475294356082
30.6544753973141,46.4477021581194
30.7132955785255,46.4163134400986
30.7167725440315,46.4671784204474
30.6562567254224,46.3499736022641
30.6142215367658,46.4904833651065
30.6445119046729,46.4394978388385
30.6453090879517,46.4439292507659
30.6403935571803,46.4504873086121
30.6418502992631,46.4545264965037
30.6393029481344,46.4382851828746
30.7056145748162,46.5138296912006
30.6431460466772,46.4370257478973
30.7138253029193,46.4198902354343
30.7131190037276,46.3817275564283
30.6575213125781,46.3497576991251
30.7276630543618,46.4222057965997
30.7054639669003,46.4457896161467
30.7261569752031,46.4273694800068
30.7240017239932,46.397952677322
30.7667899522292,46.4309696648491
30.7022726370968,46.4244565868235
30.7131683408035,46.4293126082575
30.6426059355307,46.4368926076282
30.7073257923431,46.4474448735455
30.7693814470575,46.5557310928965
30.7491039088675,46.4462879925591
30.7458165016004,46.4558039234093
30.6461685917474,46.4403596522016
30.6618162348686,46.5413357511056
30.7020363384702,46.425026930949
30.7052042980799,46.3878574063822
30.6435433399725,46.4373064219779
30.7183331536425,46.4889954326405
30.6370594095256,46.440652920632
30.6443093629929,46.4395428186591
30.7041033022811,46.3852233880868
30.7481742944902,46.4768454834949
30.6549402045027,46.3504431915913
30.6403182532224,46.4506546335448
30.6399417334327,46.4398702717532
30.6143435811114,46.5194215825
30.7084994954115,46.3884691319426
30.7409217443346,46.4682705304921
30.7272943246367,46.4218261669137
30.7224073574356,46.5000712636697
30.7652033757362,46.4760052604457
30.7081904895152,46.5132323591828
30.6958510271668,46.4290661188405
30.7117038086561,46.4725454126437
30.6484744508732,46.4647477109412
30.6443716835098,46.437038342247
30.6488379872218,46.3470930945516
30.654753242952,46.3508300180487
30.6335954274606,46.4432671478064
30.7053990496952,46.3873014557994
30.6236708851425,46.5092633398114
30.7443000356889,46.471608033182
30.7571120952906,46.4386270295113
30.7113428689956,46.4073660541811
30.6575472794602,46.3499268232506
30.7127840309492,46.4117380927453
30.7051497676276,46.3874202025258
30.7474056747816,46.4380782756998
30.6805747104589,46.3475249008296
30.7064273382242,46.464431053004
30.7151132602688,46.4183159417126
30.7493194339884,46.3986183786671
30.8064232042966,46.5788111384525
30.7986357363709,46.5703405386335
30.7121997761032,46.4167650374977
30.7478497084646,46.4678423225998
30.7011742379863,46.4436143920216
30.7586415446431,46.4440731861919
30.7214517761763,46.5529747294889
30.7653202267054,46.4370455390183
30.7244613378055,46.4174883130132
30.7059962879823,46.4770074108491
30.7083722576895,46.4484362287919
30.740786716548,46.4609136310316
30.6446728993416,46.4400124079864
30.7263231632482,46.4308455205442
30.7150431496872,46.3935518516726
30.6807954289563,46.3262728351835
30.6585236342251,46.5193622091368
30.7496544067668,46.4454027896894
30.6948019651321,46.4399350426949
30.623652708325,46.5092093640267
30.6416425642068,46.4510576527376
30.6447559933641,46.4435208339947
30.6546701489294,46.3491477727575
30.6404221207506,46.4440947765058
30.7212492344963,46.4702208555141
30.7452815838302,46.4384615037714
30.7406023516855,46.4711240503121
30.7982799900869,46.5707597505617
30.7339937802047,46.4733748405359
30.8076306643118,46.5907253933381
30.7064013713422,46.460417053812
30.6346055391722,46.3993110679047
30.7514019779286,46.4462250208103
30.7439962231689,46.442356756237
30.6438886995038,46.4406169367755
30.7042149598739,46.3874399936469
30.6640078397133,46.3609432809167
30.7063468408899,46.4456150944427
30.7794410171622,46.5745128667942
30.6405441650962,46.4443988400931
30.7392364936898,46.4712158091462
30.6415464867432,46.4430674374028
30.7065753494519,46.405806154002
30.714368010754,46.4196419468244
30.8074904431487,46.5775193180043
30.7156403879743,46.4980201838495
30.74639556307,46.4561187821536
30.6443664901334,46.4429253011697
30.6440211306022,46.4395392202735
30.7055782211813,46.3883755739158
30.724632719227,46.4761240071721
30.6139359010633,46.4679970531827
30.7223346501659,46.4232817139089
30.7302571458782,46.5584910546897
30.6422865428815,46.4549672987458
30.7564421497338,46.551465206709
30.6453038945753,46.437038342247
30.7393481512826,46.467264781703
30.7103846910481,46.4517467435895
30.7409555012813,46.4321895175843
30.6830363708769,46.3803385795676
30.7063494375781,46.4455719138149
30.6436030638013,46.4370059567762
30.6947058876685,46.4308257294232
30.7082709868495,46.4721567869935
30.6438964895684,46.4432833405418
30.6882141671569,46.4597009750677
30.7234278559,46.4701596829581
30.7355517931275,46.5549340504751
30.6247095604243,46.5120556870754
30.7056768953331,46.4717897516573
30.6953836232899,46.3671792832473
30.6453973753507,46.4476247928279
30.7348766541943,46.4467881681644
30.6877156030216,46.4591576188347
30.6420476475667,46.4431124172234
30.7211297868389,46.4740081564102
30.7412904740597,46.4657102791024
30.8113335416916,46.5789172908292
30.6451844469179,46.4512807526479
30.7571977860013,46.4384363150719
30.6400378108963,46.4416136896004
30.7549750208981,46.4085877061091
30.7080970087398,46.4802369619695
30.6489574348792,46.4440012184789
30.6368309009636,46.4437691226045
30.7323241096891,46.4312899211719
30.636062281255,46.4381232555204
30.7165154718993,46.4669301318376
30.7125762958928,46.376679021362
30.6405467617844,46.4445517714832
30.6540988775244,46.3511700654926
30.7461255074967,46.4446183416178
30.7262971963661,46.4210453172278
30.6489522415028,46.4436089944431
30.6477785384343,46.3593186097959
30.6945163294296,46.4512879494192
30.6582665620928,46.4928277133572
30.722171058809,46.4164195924753
30.7113194988018,46.4793517590998
30.7301428915972,46.4280891571367
30.7083800477541,46.4314086678984
30.636721840059,46.4438087048466
30.6367114533061,46.4408562294212
30.7102756301435,46.4063081288001
30.7371929000728,46.4672108059183
30.6785544870357,46.3266056858561
30.6949421862951,46.4317433177638
30.634286146523,46.4439256523802
30.7160948084101,46.3832676654863
30.7322254355373,46.4562915046648
30.7296287473327,46.4703683893257
30.7724922795266,46.5668716948674
30.7344663774579,46.5272840551442
30.7425576579036,46.4739577790111
30.7175827107514,46.4263421409039
30.7100627017107,46.450735597222
30.7341469848087,46.4635818339907
30.7019792113297,46.3649033043239
30.6445041146083,46.4427849641293
30.7241627186619,46.4962083966749
30.6446651092769,46.4429360963266
30.7144666849058,46.3897789443191
30.7080294948465,46.5131675882411
30.6326268627603,46.4026269802807
30.7032749587438,46.364892509167
30.64087134781,46.4443574586582
30.7998328096333,46.5762760757624
30.7052588285322,46.4661186958736
30.6485030144434,46.3509433671966
30.6917352763624,46.3436476402922
30.7089305456535,46.3886670431534
30.7705992938254,46.5564813563044
30.64346024595,46.4403830417083
30.7562499948066,46.4399584322016
30.6349924457147,46.4376266783007
30.7306726159909,46.4280693660156
30.6943709148901,46.487737796856
30.7921310324183,46.5787571626678
30.7081723126978,46.3885536940054
30.6217986729469,46.4526301472664
30.6351196834367,46.4384669013499
30.6435926770484,46.4429199035912
30.6435199697787,46.4391200083453
30.6548778839858,46.3653818896153
30.8029046917793,46.5747863441035
30.6357402919176,46.4436593718422
30.7443104224417,46.4488716334555
30.6446651092769,46.439503236417
30.7280837178509,46.4296688484368
30.8009415954966,46.5713049059876
30.6364751546795,46.4423063788379
30.770339625005,46.5870658351325
30.7035917547048,46.3872222913151
30.7401713014435,46.4595858267269
30.6464516307617,46.4394438630538
30.8075086199662,46.5905058918134
30.7654968015033,46.4428893173132
30.6445170980493,46.4371247035026
30.7380550005567,46.549257597113
30.6890736709527,46.4776335299521
30.7039215341068,46.3850812518536
30.6969883766004,46.4708109907606
30.6418684760806,46.4370347438614
30.7012002048683,46.4785259295932
30.7296573109029,46.4589633060096
30.7299273664762,46.4898896314744
30.6575109258253,46.349851257152
30.6859472583543,46.4817860669917
30.7563954093461,46.4404748005423
30.7237524419256,46.4179776934615
30.6400533910255,46.4442710974026
30.6156445219019,46.5192308680606
30.7008678287781,46.4495265396437
30.6494014685622,46.4493772066393
30.6370879730958,46.4442279167748
30.7613914374518,46.4335245186603
30.7499686060396,46.3757524370573
30.7125087819995,46.4772610970374
30.7273981921649,46.4218387612635
30.7240770279512,46.3915331573232
30.7011352876632,46.4246904818907
30.624413537969,46.4414049832327
30.6548856740504,46.3507634479142
30.6426500792302,46.4448684294204
30.7299922836813,46.4719192935407
30.7393715214765,46.4674770864563
30.7411788164669,46.4641287886095
30.7084008212598,46.4842203748836
30.6349249318214,46.4433930913041
30.6459322931208,46.4476517807203
30.7172191744027,46.3883737747229
30.7633649204873,46.4329379817994
30.6444288106503,46.4449044132769
30.6947708048736,46.4889828382907
30.6287837642174,46.5057207291394
30.6465165479669,46.4388807156996
30.6413257682458,46.443035051932
30.6437432849643,46.4405305755199
30.7518667851172,46.4403326643092
30.7149938126113,46.3934133138251
30.7220386277105,46.4750570858271
30.7027452343501,46.5134140776581
30.628817521164,46.505735122682
30.7388184268889,46.4572288841265
30.6433044446577,46.4445247835909
30.7179540371646,46.4526679303157
30.6483056661399,46.4485153932762
30.7191017733511,46.4039349934643
30.6457167679998,46.4477057565051
30.6807149316219,46.3264131722239
30.637178857183,46.4386324270898
30.7115350239228,46.4072059260197
30.7117817093022,46.4705177223302
30.7223138766602,46.4707444206261
30.7651644254131,46.4297839967776
30.6969805865358,46.4273712791996
30.7516902103193,46.4611223373993
30.6414867629145,46.4373621969555
30.6812576394567,46.4900497596358
30.6490742858484,46.4491828938142
30.6869262098074,46.4807245432251
30.69343091376,46.4294007687059
30.6364362043565,46.4385838488835
30.7115999411279,46.4810699882474
30.6413958788273,46.4446201408106
30.7070868970282,46.4774338195486
30.6458803593567,46.4370095551619
30.7403322961122,46.4802927369471
30.6572902073279,46.3500743570623
30.7098238063959,46.4693104639448
30.7347260462784,46.3955489557081
30.6919066577839,46.4661061015239
30.6421359349656,46.4368980052067
30.7056613152039,46.4698160371285
30.6429668751911,46.43917398413
30.807189227317,46.5774365551344
30.7055834145577,46.5138710726356
30.8077163550225,46.578354143475
30.7969245188441,46.5710494206065
30.7695424417262,46.5557886670669
30.6806058707173,46.3262638392194
30.6816211758053,46.4519014741724
30.7403712464353,46.4710916648413
30.6976245652105,46.4044459642265
30.7692048722596,46.4390534382108
30.7213712788419,46.5530323036593
30.740545224545,46.4315957839522
30.7589920975507,46.4353722896913
30.6534860591081,46.3504647819052
30.7055418675465,46.4069918220736
30.6399754903794,46.4408526310355
30.6119754014688,46.5009798560462
30.7589427604748,46.4353578961487
30.6520345104017,46.3490991945513
30.6807201249983,46.3261235021791
30.7637596170944,46.5584730627614
30.7229111149473,46.4767465278895
30.7063935812776,46.46012918296
30.6660566267068,46.3334642089041
30.6437588650935,46.4465416787474
30.7311192463621,46.474123304751
30.7589090035282,46.435816690319
30.703062030311,46.5588149093981
30.7370059385221,46.4515272420648
30.6367192433708,46.4423999368648
30.7919310874265,46.5788687126229
30.6110847374146,46.5125000877031
30.7590881750143,46.4569068286109
30.8026424262707,46.5742843693054
30.6549350111263,46.3506015205599
30.705967724412,46.4692546889672
30.7402543954661,46.4690405850211
30.6426448858537,46.5350349778333
30.7691996788832,46.439112811574
30.7075594942815,46.433517321889
30.6931115211109,46.4750247003562
30.6943423513199,46.4876478372147
30.6444158272093,46.4395392202735
30.6632184464991,46.4977503049258
30.6427643335112,46.4371498922022
30.6212741419296,46.4554494824228
30.6994889873415,46.4379865168657
30.690283727656,46.3407455422659
30.645706381247,46.4478388967741
30.7663017748468,46.4299693136386
30.7491039088675,46.4622360377578
30.6485575448957,46.4473890985679
30.6951473246633,46.4319736144454
30.6409258782623,46.4443124788376
30.6453558283394,46.4473872993751
30.705510707288,46.4038108491594
30.6399521201855,46.4444150328286
30.7137162420147,46.4165545319372
30.7435002557219,46.4786788609833
30.7403141192948,46.4687095335413
30.7062455700499,46.4680492297746
30.6405623419136,46.4416856573134
30.7325474248747,46.5295384437536
30.705383469566,46.401124654272
30.7403868265645,46.4690423842139
30.6442054954647,46.4404514110356
30.6399157665507,46.4399566330088
30.7386314653382,46.4684954295952
30.7144147511417,46.4165509335515
30.7513500441645,46.4151817478119
30.6806318375994,46.4883585183805
30.7562370113656,46.437777810498
30.7101120387866,46.4427453818872
30.6868249389674,46.3497433055825
30.6833947138491,46.4869065697709
30.6410037789084,46.4373711929196
30.6339797373149,46.4439562386583
30.7084709318413,46.3994639992948
30.6805565336414,46.4874211389188
30.6432213506352,46.4447964617074
30.644678092718,46.4508777334551
30.6419645535441,46.4444384223353
30.7044097114892,46.4018803152584
30.6456700276121,46.4475222388369
30.7018623603605,46.4239150297833
30.7154482330472,46.4860159693227
30.7967505407344,46.5703333418622
30.6390770362606,46.4675616485191
30.7080892186752,46.3977907499677
30.7072323115677,46.4018965079938
30.6171350209314,46.4756508194592
30.7285589117924,46.3881668675481
30.6461088679187,46.4410829277171
30.6866405741049,46.3499879958067
30.7026413668219,46.4334381574047
30.6443690868216,46.4451131196446
30.7305116213223,46.4535027557864
30.7237680220548,46.4914009534472
30.7225735454807,46.4968758972129
30.6439691968381,46.4432905373131
30.6576952906878,46.4343071675391
30.6559477195261,46.3500779554479
30.7106807135034,46.479688208158
30.7325448281865,46.4466658230523
30.6426786428004,46.4368962060139
30.6528914175092,46.3492935073763
30.7113169021136,46.4704385578459
30.7238796796476,46.4756724097731
30.7074686101943,46.4027349318502
30.7940785485718,46.570633807064
30.7175385670519,46.4592529760544
30.8096794513052,46.5800831677796
30.7669042065103,46.5571470576496
30.7528561233232,46.4240769571375
30.748171697802,46.465201107533
30.7557799942416,46.4379541313949
30.7479665594338,46.4332366478083
30.7182085126087,46.4033880388456
30.7005094858059,46.4801128176646
30.7097796626964,46.3883395900593
30.7169543122058,46.4031523445855
30.6402091923178,46.5324351442015
30.6395236666318,46.4443772497793
30.6339745439385,46.4423423626944
30.721181720603,46.4946053158681
30.7088007112433,46.4054769017151
30.7138486731131,46.4149388567805
30.7107040836973,46.4070332035085
30.6156523119665,46.4829951245699
30.752536730674,46.4499583459217
30.7463851763172,46.4721855740787
30.7321631150204,46.4563040990146
30.7105404923404,46.4467072044873
30.7993108753041,46.5764469990808
30.8073969623734,46.5907307909165
30.724544431828,46.4128589898751
30.6358000157463,46.4441343587479
30.644273009358,46.4369213947134
30.7564239729163,46.4398396854752
30.6117702631006,46.5005174634902
30.6952615789443,46.5119207476136
30.7486832453783,46.4601183878031
30.7320047170399,46.4845298360494
30.6367270334354,46.4413546058337
30.7147756908022,46.3848131721227
30.6979777148064,46.3787085108683
30.7303506266536,46.4274180582131
30.7451595394846,46.4492296728276
30.687923338078,46.4653720308514
30.7008600387135,46.4592655704041
30.7140849717397,46.4150594026998
30.6400144407024,46.4395895976726
30.7577794441592,46.5647576432983
30.6412426742232,46.4443430651156
30.6359662037914,46.5006937843871
30.6521279911771,46.3491621663001
30.6374852663911,46.4440354031425
30.7077828094671,46.4316245710373
30.742690089002,46.4739002048407
30.7502568384303,46.3820118288946
30.7221528819915,46.4708001956037
30.7643594520697,46.4776605178445
30.6403598002337,46.4441703426044
30.7126853567974,46.4771783341674
30.7230357559811,46.4977395097688
30.7502594351185,46.428979757585
30.6442704126698,46.4414445654749
30.7626534279193,46.5536782138834
30.7241705087265,46.4261676191999
30.7041344625396,46.5146159384651
30.6385576986196,46.4442477078959
30.6575784397186,46.3501805094389
30.6452000270471,46.4965250546121
30.7131034235984,46.4736447194596
30.8092172408048,46.5763588386324
30.7083333073665,46.3886580471893
30.6426812394886,46.4373208155205
30.6389238316565,46.4442764949811
30.7053211490491,46.432603331934
30.6422735594405,46.4369591777628
30.7116700517094,46.4166193028788
30.7218308926542,46.4750282987419
30.7078555167368,46.4460720894202
30.7086916503387,46.3969037479051
30.6972636255501,46.470879360088
30.7064195481596,46.4647243214345
30.7089850761058,46.3886292601041
30.6287162503241,46.4662140530934
30.7573821508638,46.4382509982109
30.743591139809,46.484801514166
30.7022181066445,46.3829276180424
30.7397817982128,46.4824715594579
30.6914210770896,46.3494374428023
30.7522640784125,46.4324360070013
30.7181903357913,46.4034420146303
30.7724221689451,46.5666665868854
30.7612512162888,46.4332834268218
30.6367140499943,46.4410379478965
30.7056794920213,46.470663456949
30.7211661404738,46.4833099833142
30.7264815612287,46.4957693936257
30.6207132572774,46.4522883006297
30.6444314073385,46.4390390446682
30.7025686595522,46.4247588512181
30.6542936291397,46.3505223560756
30.726575042004,46.5042507886016
30.7413683747058,46.4662374426001
30.7418980990996,46.4551292261
30.7071881678682,46.4780509426875
30.7633830973048,46.4331089051178
30.7057418125382,46.4693014679806
30.7407503629131,46.4378047983904
30.6269297288393,46.5077718089597
30.7232149274672,46.4151079809061
30.7184474079235,46.4062415586656
30.732970685052,46.4753161695938
30.7227579103432,46.4242478804558
30.7099380606769,46.4209013818018
30.7075776710989,46.4706904448414
30.694318981126,46.487491307439
30.6564255101558,46.4730132027781
30.7975633041424,46.5717942864359
30.7525782776853,46.4152825026101
30.6356649879597,46.44370255247
30.6914184804014,46.4887057625957
30.7414826289869,46.4682111571288
30.704025401635,46.385210793737
30.7470888788207,46.4463365707654
30.7489117539403,46.4465434779403
30.7115869576869,46.386268719118
30.7024829688414,46.4770955712975
30.7384055534644,46.4650463769501
30.7163674606716,46.4419969176721
30.7078269531665,46.3527407608286
30.6976349519633,46.404379394092
30.6930076535827,46.4101440079025
30.7981735258705,46.5726632965703
30.7348299138066,46.4339491281669
30.7474939621806,46.4382348054755
30.714900331836,46.4176466419818
30.7990148528488,46.5774113664348
30.7150795033221,46.4182673635063
30.6442003020883,46.4415507178515
30.7269853187404,46.4940655580207
30.7459826896455,46.4721064095945
30.7487040188839,46.4320707708579
30.6548155634689,46.35075445195
30.6602763987632,46.4857191025066
30.7441130741381,46.4710448858278
30.7586623181487,46.4337008395571
30.6867730052033,46.4779987660955
30.7263673069477,46.3679547353547
30.7066065097104,46.4610989478926
30.6462153321351,46.4400357974931
30.7118102728725,46.4775669598176
30.6716057494001,46.4944649788277
30.6602945755807,46.4945783279757
30.7450556719564,46.451843900002
30.7998354063215,46.5706158151357
30.7575950792966,46.4582976046644
30.70563794501,46.3880571167858
30.7050848504224,46.3859988401943
30.7130203295758,46.3816879741861
30.7283174197893,46.3894478928393
30.6438653293099,46.4390228519328
30.7274812861874,46.3909448212695
30.6460543374664,46.4480098200924
30.6292667482235,46.4326627052972
30.6442911861755,46.4433139268198
30.7138720433069,46.4608128762334
30.7109715425824,46.3910401784892
30.6571447927884,46.5269961842922
30.727779905331,46.4299099402754
30.7635596721027,46.4331790736379
30.7155754707692,46.3902395376822
30.7547984461002,46.4050109107735
30.6911120711933,46.4608236713904
30.6493157778515,46.3516846346404
30.803585024089,46.5704844740595
30.7067726977555,46.3953906267395
30.7031529143982,46.4581266813461
30.7120907151986,46.398199166739
30.6698945318732,46.4831498551528
30.8074099458144,46.5760025984531
30.6200640852262,46.4594814735431
30.6549869448904,46.3503154489008
30.6859524517307,46.4819192072607
30.7101431990451,46.3883269957095
30.749428494893,46.4386324270898
30.7149496689119,46.4981857095894
30.6528680473154,46.3502902602012
30.640985602091,46.4449889753397
30.6368906247923,46.440293082067
30.7052017013917,46.3876810854854
30.7382056084726,46.4690585769493
30.7630377377735,46.4339365338172
30.7142511597848,46.3824346392084
30.7243470835244,46.4129129656598
30.7277721152664,46.4223281417118
30.759464694804,46.4563994562343
30.6935685382349,46.4784395683376
30.6373372551635,46.4392585461928
30.7380108568573,46.4517809282531
30.7079334173829,46.4343467497812
30.7061988296622,46.4456780661915
30.7963324739334,46.5775373099326
30.8018244694862,46.5771288931614
30.6917222929214,46.3681490481798
30.7085877828105,46.3998814120301
30.6419022330272,46.4433229227839
30.7182188993615,46.4628747512106
30.7065571726345,46.4056064435985
30.7119401072827,46.4108726809966
30.6446495291477,46.437079723682
30.6449533416677,46.450929910047
30.7034541302299,46.4725616053791
30.6155666212558,46.4832596059151
30.7109975094644,46.3974812888019
30.7228254242365,46.5014908268084
30.7125269588169,46.4772071212526
30.7052328616501,46.3875695355303
30.7121634224683,46.44695729229
30.7225891256099,46.4168585955245
30.7501321973965,46.3781435643214
30.6365244917554,46.4421228611698
30.7112961286079,46.3811644090741
30.7226800096971,46.4244421932809
30.6445872086308,46.442932497941
30.6461166579833,46.4429648834118
30.6955056676355,46.4291902631455
30.6658904386617,46.3336909072
30.6411517901361,46.4443826473577
30.7578807149991,46.4403812425155
30.7239965306168,46.3959357821654
30.6914937843594,46.4886391924612
30.7107923710962,46.4094962984856
30.7096887786093,46.4037352830607
30.7022414768384,46.38298339302
30.7435729629916,46.4548305600911
30.7224021640592,46.4818832234042
30.7223736004889,46.4168172140896
30.7913857829036,46.578744568318
30.6328086309346,46.4017453757966
30.6397755453876,46.4408562294212
30.7194679063879,46.4677649573083
30.7128203845841,46.4847799238521
30.7473823045878,46.4345302674493
30.742017546757,46.4848303012512
30.6457868785814,46.4475096444872
30.6997097058388,46.4788353907591
30.7085877828105,46.4171428679909
30.6965703097994,46.4753287639436
30.6421541117831,46.4508633399125
30.7292704043604,46.4245987230567
30.7066246865278,46.5128365367614
30.7494207048284,46.426207201442
30.8024840282902,46.5702289886784
30.8056571812763,46.5735179131621
30.7106651333742,46.3952718800131
30.6953005292674,46.4293377969571
30.6271764142187,46.4835510751528
30.7371980934492,46.4671172478914
30.6315596239081,46.4539561523783
30.7012417518796,46.4768670738088
30.6668875669322,46.4916564388283
30.6455194196963,46.4433391155194
30.7320878110625,46.4564174481625
30.7042383300677,46.4858360500402
30.798814907857,46.5707291642837
30.7043162307139,46.3841312780422
30.7218750363536,46.411936003956
30.7490337982859,46.3886652439606
30.6411855470827,46.4369213947134
30.6428240573399,46.4372992252066
30.7019558411359,46.423927624133
30.6555686030482,46.3504449907842
30.6417386416703,46.3502866618156
30.6432343340762,46.4432347623355
30.7984098244971,46.5700292782748
30.6122766173005,46.5140329999898
30.7555592757442,46.5511449503862
30.7502672251831,46.3779366571465
30.6314090159923,46.4081954820733
30.6646154647532,46.4861275192778
30.7644970765446,46.4298397717552
30.7403842298763,46.4739685741681
30.7560500498149,46.4406457238607
30.7143861875715,46.4929194721913
30.6435199697787,46.4431609954297
30.7976749617352,46.5759918032961
30.7701422767014,46.585151493967
30.6124324185928,46.4854564203542
30.6943683182019,46.4879788886945
30.7474576085457,46.4447640762366
30.800832534592,46.5711447778262
30.7126100528395,46.4726353722849
30.6963340111728,46.395108153466
30.6613462343035,46.3753925984923
30.7916013080246,46.5790846157619
30.7126983402384,46.4228714979449
30.6331851507242,46.4012649913123
30.6151070074436,46.4850426060045
30.7100107679466,46.3827045181321
30.6913613532609,46.4420868773133
30.7081073954926,46.3965816923895
30.6424553276148,46.4446507270886
30.7177982358724,46.4225818279001
30.7050381100348,46.3882622247678
30.7267490201137,46.3883179997454
30.7361282579089,46.4799400951535
30.6635897729123,46.3516342572413
30.7647333751712,46.4767141424187
30.7359153294761,46.4825003465431
30.705308165608,46.4414625574031
30.756470713304,46.4393628993766
30.712693146862,46.4729592269934
30.6146759572016,46.4905265457343
30.7037657328145,46.4245879278997
30.714697790156,46.3849121277281
30.6451428999066,46.4449188068195
30.7466448451377,46.4688192843036
30.6800995165174,46.4874553235825
30.6808162024619,46.3482751642375
30.6714032077201,46.4910159261827
30.7137110486383,46.4784737530013
30.6836985263691,46.3927422149015
30.638739466794,46.4506510351592
30.6400118440142,46.4505610755179
30.7176346445155,46.4758919112977
30.741929259358,46.3827962769662
30.6372749346466,46.4443970409003
30.6368127241461,46.4405557642195
30.7235239333636,46.4068190995624
30.7082683901613,46.3965637004613
30.6806837713635,46.4884412812504
30.705409436448,46.3965331141832
30.7967817009928,46.5706284094855
30.7575665157264,46.440334463502
30.6349898490265,46.4381646369553
30.752308222112,46.4323514449386
30.7098056295785,46.4504531239485
30.7119556874119,46.4107737253912
30.6550674422247,46.3491369776006
30.7269957054932,46.4179992837754
30.7080762352342,46.4801290104001
30.7185616622045,46.4926172077967
30.7055081105998,46.4688696617027
30.6099006475933,46.4869911318337
30.6373268684106,46.4438626806314
30.8024294978379,46.5742213975565
30.8084667979137,46.5919830291226
30.7062066197269,46.4457320419763
30.7128982852302,46.4153076913096
30.6836803495516,46.4478802782091
30.7028231349962,46.4726371714778
30.6575524728366,46.349779289439
30.6804448760486,46.4928960826846
30.7035839646402,46.5130326487793
30.7075491075286,46.479441718741
30.7587635889887,46.4358670677181
30.7575457422207,46.4404046320222
30.7140330379756,46.4147571383052
30.8025982825712,46.5746837901125
30.6403598002337,46.4445445747119
30.7583533122524,46.4538787870868
30.7199586804586,46.399030393824
30.7237861988722,46.3915259605519
30.7501114238909,46.3781741505994
30.6961522429985,46.4330117487052
30.7118985602714,46.4978024815177
30.6550466687191,46.3505115609187
30.6989488761949,46.3503352400219
30.7409243410229,46.439420473547
30.6951161644048,46.431935831396
30.6375683604137,46.4438914677166
30.6368542711574,46.4413546058337
30.622738674077,46.4414445654749
30.6445820152544,46.3732461614524
30.722311279972,46.5002673756876
30.7099224805477,46.4870882882462
30.6398768162276,46.4440533950708
30.7206857531559,46.4170349164214
30.7023063940435,46.4864135909369
30.6433901353685,46.4426662174029
30.6952122418684,46.4774014340777
30.7078918703717,46.5131711866268
30.7053133589845,46.4771477478894
30.7360477605745,46.4799364967678
30.7064143547832,46.4685673973081
30.6444366007149,46.4429846745329
30.6432551075818,46.4370707277179
30.7041110923457,46.4607211173994
30.7694178006923,46.4390030608117
30.6970481004291,46.4274072630561
30.7385042276161,46.4525131997328
30.7263491301302,46.4209895422502
30.7072686652026,46.4015132799222
30.7393221844006,46.4583731707631
30.6577965615278,46.3501823086318
30.6384875880381,46.4533660171317
30.7323630600122,46.4731193551548
30.71401226447,46.4146815722066
30.7092499383027,46.4493376243971
30.7115583941166,46.460868651211
30.7327941102541,46.4717447718367
30.6578173350334,46.3497271128471
30.6871832819397,46.4800858297723
30.630237909612,46.4923599232228
30.778295877664,46.560088737918
30.6317387953943,46.4066463770512
30.7019168908128,46.4251690671821
30.7076451849922,46.3526022229811
30.7354349421582,46.4814784050186
30.7492285499013,46.5458319339746
30.7260349308575,46.4380440910361
30.7995056269195,46.5763876257176
30.7584571797806,46.4546812270867
30.7395351128334,46.5581276177391
30.6529303678323,46.3497397071969
30.6449143913446,46.4429540882549
30.7171360803802,46.4956038678858
30.7136149711747,46.416514949695
30.7174476829647,46.4263349441326
30.7155546972635,46.4185660295152
30.645020855561,46.4430170600037
30.7049446292594,46.3873806202837
30.7408776006352,46.4624339489685
30.6910523473646,46.4609999922872
30.7545647441618,46.4661025031382
30.7412515237366,46.4645192134524
30.655451752079,46.3504575851339
30.7611759123308,46.590048896836
30.7221814455618,46.4118262531937
30.7059365641536,46.5129876689587
30.6875598017294,46.480037251566
30.7545751309146,46.4662194506718
30.7276344907915,46.4430746341741
30.7092447449263,46.4881929926406
30.7527470624186,46.4672108059183
30.7646217175784,46.4358220878975
30.6909614632774,46.4610593656504
30.7208467478246,46.4095358807278
30.7299169797234,46.4719660725541
30.6464750009556,46.4367594673592
30.8081214383825,46.5763840273319
30.663966292702,46.4915682783799
30.6356909548417,46.4453883961468
30.7068220348314,46.4718041451999
30.7318047720482,46.4277347161502
30.7216854781147,46.3856803830643
30.6419100230918,46.4547046165934
30.7089720926648,46.4172993977666
30.6455505799547,46.4431178148019
30.6445949986954,46.441165690587
30.6145175592211,46.4934376397248
30.6433070413459,46.4368800132785
30.7094109329714,46.5571470576496
30.7253468084832,46.4725741997289
30.637051619461,46.4403110739953
30.6417672052406,46.4510342632309
30.6380643278608,46.394482034363
30.7208623279538,46.4115221896063
30.6451766568533,46.3861913538265
30.6831116748348,46.4496632782984
30.6417256582293,46.4546038617952
30.6385135549202,46.4532220817058
30.7295170897399,46.4441721417972
30.7139733141469,46.4012020195635
30.6504375471559,46.3649752720369
30.7650657512614,46.4331143026962
30.7054925304706,46.5136677638464
30.7043863412954,46.51474008277
30.6313389054108,46.40853732871
30.7426329618615,46.4450033688823
30.6341355386071,46.4438806725596
30.7109118187537,46.4301582288852
30.6401572585537,46.4397551234124
30.7920557284604,46.5786384159413
30.6455817402132,46.4475978049356
30.7305427815807,46.3873428372343
30.6428396374691,46.4391883776726
30.7019662278887,46.4251366817113
30.7477744045067,46.4383553513948
30.6449040045918,46.4401311547128
30.6370204592025,46.4442333143533
30.6453012978871,46.4439850257435
30.7236771379677,46.3918066346326
30.6944877658593,46.3498026789457
30.7103820943599,46.4707066375768
30.7325552149393,46.4563005006289
30.6245355823146,46.4426248359679
30.7261439917621,46.4187621415331
30.7076503783686,46.4024362658413
30.6139592712571,46.467871109685
30.6880843327467,46.4595876259198
30.7488754003055,46.4316983379432
30.7279980271402,46.4223623263755
30.6534185452148,46.4508327536345
30.6399157665507,46.4505736698677
30.7036384950925,46.4004481577699
30.6408921213156,46.4521353692396
30.6874741110186,46.4800858297723
30.7216828814265,46.3847214132887
30.6286565264954,46.5057297251036
30.708403417948,46.4837201992783
30.8071944206934,46.5905472732484
30.7043967280482,46.3963675884433
30.8064621546197,46.5780284895737
30.7227994573545,46.4169989325649
30.7343157695421,46.4817087017002
30.7577404938361,46.433024343055
30.8082746429865,46.5922187233826
30.641099856372,46.452860443948
30.7675975222609,46.5585684199811
30.6337122784298,46.4445211852052
30.7326850493495,46.3847843850375
30.7300909578331,46.5290166778344
30.7419500328637,46.4574771727363
30.6549376078145,46.4729106487871
30.74091395427,46.469483186456
30.705497723847,46.3965529053043
30.7478471117764,46.4177222080804
30.7209350352236,46.3911517284444
30.7073725327307,46.3970458841383
30.7051575576922,46.5139952169405
30.6544078834207,46.3491513711432
30.758488340039,46.4464373255636
30.7275150431341,46.4671532317479
30.7272112306142,46.3881596707768
30.6435641134782,46.4368782140856
30.6419385866621,46.3503298424434
30.7378394754357,46.4650949551564
30.7281979721319,46.4227293617117
30.7018779404897,46.3500023893493
30.6451688667886,46.4432653486135
30.7586441413313,46.4441775393757
30.6448468774513,46.4397587217981
30.7228176341719,46.5031154979292
30.6409752153382,46.4443646554295
30.6550778289775,46.3490866002015
30.6542053417408,46.3505241552685
30.6398664294748,46.4551130333646
30.6374748796383,46.4441487522905
30.7132410480732,46.4401941264617
30.7119972344232,46.4133699606373
30.7116362947628,46.3964071706855
30.6291992343301,46.5059402306641
30.7312620642134,46.5291174326326
30.6921559398516,46.4799616854674
30.7276215073505,46.4709657213436
30.7259829970934,46.4722557425989
30.7181254185861,46.3850794526608
30.7419967732514,46.4623223990134
30.8073008849098,46.590572461948
30.6358363693812,46.4817878661845
30.6225283423324,46.4446597230527
30.8095470202068,46.5787355723539
30.710675520127,46.3974507025239
30.6807954289563,46.3265103286364
30.7061261223925,46.3723411674615
30.7106547466214,46.4748699697733
30.6364102374744,46.3970980607302
30.7198158626074,46.4080803337325
30.7440169966746,46.4451724930078
30.7128229812723,46.4152501171392
30.7182163026733,46.4686897424202
30.7303506266536,46.4792222172164
30.6807824455152,46.4873491712058
30.6563891565209,46.4932253349715
30.7302701293192,46.4354514541756
30.6438938928802,46.4368710173144
30.6750126043245,46.3336387306081
30.6167039706894,46.4342783804539
30.7237524419256,46.4151025833276
30.6960717456642,46.4329163914855
30.68980074365,46.5019694120998
30.6366101824662,46.4385928448476
30.726333550001,46.4207952294251
30.7977372822521,46.5760421806952
30.6946877108511,46.4300610724726
30.6411569835125,46.4368692181215
30.7116466815156,46.3963513957079
30.7914974404964,46.5787985441027
30.7022207033327,46.3828682446792
30.8132888479097,46.5816016865237
30.7079515942004,46.4003581981287
30.6405181982141,46.4506510351592
30.8066958565581,46.5787283755826
30.6336343777837,46.443373300183
30.6411050497484,46.4442585030528
30.6404221207506,46.4429576866405
30.646480194332,46.439082225296
30.7039526943652,46.4930004358684
30.7179176835298,46.4225062618015
30.712794417702,46.414985635794
30.7587506055477,46.4355612049379
30.7144718782822,46.3897123741846
30.6413777020099,46.4431879833221
30.7087306006618,46.4400789781209
30.704635623363,46.4453524122903
30.7239523869173,46.4117488879022
30.6811797388106,46.3265481116857
30.6545740714658,46.3490901985871
30.6287136536359,46.5059672185564
30.7393040075832,46.4669949027793
30.6381604053243,46.4441001740842
30.7278110655894,46.4221968006356
30.732157921644,46.4310722188401
30.7014728571298,46.4726605609845
30.7092577283673,46.3898761007316
30.6683702758971,46.5284031530812
30.620175742819,46.4589507116598
30.6497909717929,46.5297489493141
30.6548882707386,46.536731616667
30.7240484643809,46.4757317831363
30.6825793537529,46.4576337025121
30.7556034194437,46.4293665840423
30.7046304299866,46.3874399936469
30.6447248331057,46.4967499537152
30.6515125760726,46.3893201501488
30.7105508790932,46.4749221463652
30.6548960608032,46.5366488537971
30.7583013784883,46.4548197649342
30.7382315753546,46.4692151067251
30.6692531498867,46.4610863535428
30.7240588511337,46.4697152823303
30.6129128059106,46.4969046842981
30.6560541837425,46.3499268232506
30.707541317464,46.3964611464702
30.7185798390219,46.4926783803528
30.7118544165719,46.4810789842115
30.7240380776281,46.4980741596342
30.7175930975042,46.4130640978571
30.6338369194636,46.4794669074405
30.6356805680889,46.4380890708567
30.7175048101052,46.4130928849423
30.7075750744107,46.4028788672762
30.7397921849656,46.4584019578483
30.6813667003613,46.4866133013405
30.7096809885447,46.4041580933746
30.7287978071072,46.4538122169523
30.6806552077932,46.4874859098605
30.6423514600866,46.444924204398
30.6372281942589,46.4441109692412
30.7570887250967,46.4387403786593
30.7174372962119,46.4595876259198
30.7468084364946,46.4457464355189
30.6277684591294,46.5088279351478
30.7326954361024,46.4809872253775
30.7246249291623,46.4889882358692
30.6435589201018,46.4540299192841
30.7061261223925,46.4680708200885
30.7077646326496,46.3526723915012
30.7801836699888,46.5751803673321
30.6366439394128,46.4423693505868
30.7041136890339,46.3853367372347
30.7180007775523,46.3836454959795
30.7064662885473,46.4214195493353
30.7722248206416,46.5666773820423
30.7239835471758,46.3981074079049
30.7622872948824,46.4324180150731
30.7434197583875,46.4724338626886
30.726105041439,46.4311100018895
30.7025608694875,46.5135400211559
30.8056987282875,46.5764380031166
30.6752982400271,46.3294394145551
30.7393507479708,46.4673259542591
30.7052977788552,46.3878016314047
30.6865834469644,46.4556150081627
30.7991810408939,46.5697216163018
30.6552570004637,46.3505169584972
30.7080502683521,46.4762337579345
30.7224151475002,46.3912164993861
30.7056717019567,46.4699275870837
30.712996959382,46.419102188977
30.8018686131857,46.5770407327129
30.6429824553203,46.4450015696894
30.6491755566884,46.4436827613489
30.7058820337013,46.3723447658472
30.7106547466214,46.4140446579466
30.6420606310077,46.4368314350722
30.7491792128254,46.4371696833233
30.6836517859814,46.4478119088817
30.7014157299893,46.3684477141887
30.7172087876499,46.413157655884
30.7223034899074,46.5077232307534
30.6443690868216,46.4446183416178
30.6586430818825,46.4923131442093
30.7278526126007,46.4297624064637
30.8015985576124,46.5770065480493
30.7024518085829,46.4787670214317
30.7155521005753,46.3831003405536
30.7411242860146,46.4845460287848
30.7168374612366,46.4956560444777
30.7048018114081,46.3964341585779
30.6413958788273,46.4373388074488
30.7156351945979,46.390252132032
30.6455012428788,46.4434020872682
30.686489966189,46.3498728474659
30.7410385953039,46.4399566330088
30.6416243873893,46.4446723174025
30.6978894274074,46.4871674527305
30.7449258375462,46.3757776257568
30.7445207541863,46.4752513986521
30.7703318349404,46.5870046625765
30.701387166419,46.4435118380305
30.7171360803802,46.4959565096795
30.6468748909391,46.3383634109659
30.7066065097104,46.4059554870065
30.7244535477408,46.3911301381305
30.6392380309293,46.4546740303154
30.723542110181,46.4066535738225
30.6453817952214,46.4382060183903
30.7199612771468,46.4116769201892
30.6357688554879,46.4380944684352
30.6449429549148,46.4430116624253
30.6806188541584,46.4874139421475
30.7310205722104,46.4702478434065
30.7080450749757,46.4800354523732
30.6992007549507,46.4744075772173
30.7288185806128,46.4719768677111
30.7085098821644,46.4191219800981
30.8094898930663,46.578384729753
30.7242354259316,46.4737508718363
30.7583559089406,46.4521029837688
30.7459619161399,46.4377400274487
30.7226488494386,46.4157664854799
30.673496138413,46.4735529606256
30.7465747345561,46.4459731338148
30.6933374329847,46.4291920623383
30.6256729317482,46.471053881792
30.6408921213156,46.4369267922919
30.638765433676,46.4505592763251
30.6447507999877,46.4389220971346
30.71939260243,46.4678117363217
30.7497764511125,46.4390624341749
30.665412648032,46.4714982824197
30.7326694692203,46.4742906296837
30.8056390044588,46.5725733369291
30.8090666328889,46.5826578127118
30.7059521442828,46.4439364475372
30.7410100317336,46.4578729951578
30.7181332086508,46.3828826382218
30.7057677794203,46.4234094565995
30.7229474685821,46.3870441712254
30.6730702815475,46.3332411089938
30.6446754960298,46.4395446178519
30.7663485152345,46.4299477233247
30.6732234861515,46.4905139513846
30.7058197131844,46.4705716981149
30.6839867587598,46.4868399996364
30.694635777087,46.4298127838628
30.7249962555756,46.4139924813547
30.6562723055517,46.3496011693494
30.7014157299893,46.4726605609845
30.6456310772891,46.4475582226934
30.7100964586574,46.4872736051072
30.7234252592118,46.4069216535534
30.7023297642373,46.3516756386763
30.6795671954355,46.4877054113851
30.6117910366062,46.5003807248356
30.6765991808176,46.460242532108
30.642141128342,46.4418205967753
30.6433304115398,46.4432365615284
30.7969400989733,46.5775409083182
30.644018533914,46.4372830324712
30.7615368519913,46.4336846468217
30.6946929042275,46.4301762208134
30.8152207839339,46.5820982637433
30.7241393484681,46.3986273746312
30.6398067056461,46.4440533950708
30.7321033911917,46.4746180827778
30.7072946320846,46.4787238408039
30.7479172223579,46.4768220939881
30.7447882130714,46.4759566822394
30.6387732237406,46.450508898926
30.6367530003174,46.4423045796451
30.6903564349257,46.3408858793062
30.6998317501845,46.4350736236824
30.7275280265751,46.4624609368609
30.6451792535415,46.4513329292398
30.639996263885,46.4509047213475
30.6349483020152,46.4382168135473
30.7292288573492,46.3906713439602
30.6366257625954,46.4426104424253
30.7454373851225,46.4463689562363
30.6422501892466,46.4507895730067
30.719722381832,46.4277203226076
30.7590881750143,46.4568582504046
30.6809070865491,46.3263484012822
30.8082980131804,46.5781976136993
30.8100845346652,46.5825264716356
30.7026673337039,46.5134680534429
30.6933659965549,46.502984156853
30.7257207315847,46.4949147770339
30.6360025574263,46.4385460658342
30.7461229108085,46.465652704932
30.6556828573292,46.3502776658515
30.736294445954,46.4714802904914
30.7052432484029,46.3874327968756
30.6415880337545,46.4525365892395
30.7017299292621,46.3679583337404
30.7494492683987,46.4594760759646
30.6924935093182,46.4802081748843
30.6425020680025,46.4431214131876
30.7581118202493,46.4108151068262
30.7250637694689,46.4139564974982
30.6736026026294,46.4692223034964
30.6993773297487,46.473630325917
30.6718446447149,46.4908881834921
30.7036644619745,46.5127699666269
30.699242301962,46.4744561554236
30.6902655508386,46.4619823515695
30.7099094971067,46.4039907684419
30.6598505418977,46.4857478895918
30.7489870578983,46.4385460658342
30.7147912709314,46.4984016127283
30.7120933118868,46.4086902601001
30.7103639175425,46.404769818935
30.6914444472835,46.4816979065432
30.7225034348992,46.4978258710244
30.654651972112,46.4749707245715
30.7465617511151,46.4687419190122
30.7070141897585,46.3969181414477
30.7105950227927,46.3890628655748
30.7061209290161,46.4707462198189
30.7066091063986,46.4619085846637
30.7137084519501,46.3821089853071
30.7273981921649,46.4675400582052
30.8071346968647,46.5832731366579
30.6570279418192,46.5272102882384
30.7064610951709,46.4522559151589
30.8100351975893,46.5795811929815
30.6191214874079,46.5197868186434
30.7199431003294,46.3990375905953
30.7224982415227,46.4160957377668
30.7407659430424,46.4383805400943
30.7327993036305,46.4850857866323
30.7071440241687,46.4231719631466
30.7519706526454,46.4259283265542
30.7122569032437,46.3810024817199
30.6358493528222,46.438528073906
30.7520433599151,46.4687419190122
30.7012365585032,46.424697678662
30.7254870296463,46.5014260558667
30.7598490046582,46.4772898841226
30.7229266950765,46.5031514817857
30.7067597143144,46.4058205475446
30.7224177441884,46.4243954142675
30.7034749037356,46.4004517561556
30.638866704516,46.4382797852961
30.6554543487672,46.3503892158066
30.6938775441312,46.4580475168618
30.7200599512986,46.4122904449425
30.7500594901268,46.4683694860974
30.6418944429626,46.4445607674474
30.7035138540586,46.3885644891624
30.8088848647146,46.582943884371
30.7311192463621,46.4302337949838
30.710117232163,46.4207898318466
30.748374239482,46.465037380986
30.6448572642041,46.4396921516636
30.7075517042169,46.4706562601777
30.6396249374717,46.4527542915713
30.7278837728592,46.4700085507608
30.8003547439624,46.5699501137906
30.7613135368057,46.4336360686154
30.710662536686,46.4124685650321
30.6445222914257,46.4430602406315
30.6148031949236,46.4869713407126
30.7045239657702,46.3963873795644
30.7379770999106,46.5495076849156
30.7291561500794,46.4720326426886
30.7981397689238,46.5702487797995
30.7063961779658,46.4666548553354
30.6866483641695,46.4812247188303
30.6400949380368,46.4549115237682
30.7512903203358,46.4149586479016
30.7120881185104,46.3811338227961
30.7955378873428,46.5730213359424
30.7249443218115,46.4743428062756
30.6368334976518,46.3964035722998
30.7052796020378,46.3876792862926
30.69373472628,46.4590766551575
30.6408921213156,46.4373657953412
30.7117349689145,46.4607804907626
30.6995902581814,46.4350592301398
30.63653228182,46.4382599941751
30.7239809504876,46.4697638605366
30.6564566704142,46.3496497475556
30.7550529215443,46.5510927737942
30.7596282861609,46.5740198879602
30.7595399987619,46.4591612172203
30.6494715791437,46.4493916001819
30.7703214481876,46.5790774189906
30.6444314073385,46.4427615746226
30.7019818080179,46.3647863567903
30.7488805936819,46.4466874133662
30.704508385641,46.3860420208221
30.6412582543525,46.4527632875355
30.7089149655243,46.4014467097876
30.7094109329714,46.4494293832312
30.7054613702121,46.5117228364028
30.708442368271,46.4313798808132
30.6253197821524,46.442686008524
30.7128982852302,46.4154732170495
30.7076477816804,46.4049281479036
30.6575524728366,46.3496947273762
30.7502490483657,46.3819092749036
30.7055782211813,46.5138332895863
30.7388340070181,46.4572900566826
30.720953212041,46.4240175837743
30.6353274184931,46.4382150143544
30.7448868872231,46.4372596429645
30.7039267274832,46.4607912859195
30.7301870352967,46.4294331541768
30.7320644408686,46.5315409453676
30.7036255116514,46.5126692118287
30.752676951837,46.4679502741693
30.7094966236821,46.4453776009898
30.6342835498348,46.4431250115732
30.7063702110837,46.4602785159645
30.7045473359641,46.4770469930912
30.7073439691605,46.4032477018052
30.8028060176276,46.5698475597995
30.6446521258359,46.4412862365063
30.6378591894926,46.4443502618869
30.8085550853126,46.577091110112
30.7147653040493,46.4054697049438
30.6413101881166,46.4442782941739
30.6328683547633,46.4431879833221
30.7472732436832,46.4733190655583
30.7400830140446,46.5529189545114
30.6460984811659,46.4430296543535
30.7492441300305,46.4309786608133
30.6567526928695,46.4707444206261
30.6742543713688,46.5183690546975
30.6406714028182,46.4417630226049
30.7108339181075,46.4795532686961
30.7082112630208,46.4721513894151
30.6337382453118,46.4423009812595
30.7422097016841,46.4710017052
30.7980125312018,46.5697378090372
30.71142336633,46.4075387766923
30.7054587735239,46.3876882822567
30.6426267090363,46.4392099679865
30.7179748106703,46.5010158399027
30.7053237457373,46.3879923458441
30.7129683958117,46.3816429943655
30.8088381243269,46.5830392415907
30.6920053319357,46.4660935071741
30.7019688245769,46.4251960550745
30.639108196519,46.4526769262799
30.6494715791437,46.442655422246
30.7150041993642,46.3936975862914
30.8020140277251,46.5745938304713
30.8151844302991,46.5820460871514
30.698086775711,46.4764874441227
30.7419188726052,46.4623313949775
30.6357402919176,46.4384201223365
30.6526265553124,46.3494878202014
30.7092447449263,46.5518736234802
30.6424267640446,46.4431519994656
30.7986383330591,46.5705294538801
30.6560308135486,46.3499088313224
30.6413231715576,46.4446147432321
30.7126178429041,46.4727001432266
30.6646648018291,46.5418503202535
30.7097121488031,46.4499259604508
30.6842230573864,46.4868202085153
30.7130462964579,46.4156765258387
30.7053912596306,46.5134842461783
30.7028542952547,46.442963084219
30.6965780998641,46.4365093795566
30.7092759051847,46.4453937937252
30.7478237415826,46.4767357327326
30.6574927490079,46.350097746569
30.6463269897279,46.4406025432329
30.7613576805051,46.553127660879
30.6756176326762,46.4453776009898
30.7983630841094,46.5702523781851
30.6447222364175,46.4751380495042
30.6398144957107,46.4441037724699
30.7358062685715,46.4498288040383
30.7190082925757,46.4043164223431
30.6436472075007,46.4390462414395
30.6354338827095,46.4437997088825
30.6418788628334,46.4428983132773
30.7056561218275,46.3881956546333
30.7118699967012,46.3813677178633
30.7404855007163,46.46838387964
30.6883699684492,46.345272311413
30.7307738868309,46.4279794063744
30.7085202689172,46.483846142776
30.6887594716799,46.3490524155378
30.6876506858165,46.546988814961
30.7991940243349,46.5774347559416
30.6428448308455,46.4428443374926
30.6948694790254,46.4299423257462
30.6462127354469,46.4479414507651
30.7207948140605,46.4972051494999
30.7968024744984,46.5706805860774
30.6086074968674,46.4865629239414
30.657100649089,46.5270573568483
30.7042331366913,46.4004607521197
30.6421489184067,46.4430998228737
30.6779936023835,46.3893651299694
30.6435978704248,46.496998242325
30.6400456009609,46.4441253627838
30.7095537508226,46.3901063974132
30.7114675100294,46.405354556603
30.7236070273861,46.3918606104173
30.6414945529791,46.4431753889723
30.7031970580977,46.4005830972318
30.8011207669828,46.5747701513681
30.7592647498122,46.5733919696643
30.7131034235984,46.492696372281
30.6455427898901,46.4439130580305
30.6787180783926,46.5000406773917
30.7480418633918,46.4333050171357
30.7040617552698,46.512696199721
30.7399947266456,46.4766943512976
30.6843658752376,46.4665648956942
30.7017558961441,46.4796504251087
30.6348210642932,46.5340904016003
30.6356546012069,46.4441307603623
30.6424163772917,46.4431034212593
30.7113272888664,46.4788120012523
30.7523679459407,46.4676498089675
30.6645271773542,46.4859673911164
30.7076659584979,46.4023930852135
30.7414436786638,46.4616351073543
30.7085098821644,46.3885878786691
30.7214361960471,46.4113620614449
30.7661589569955,46.4299279322036
30.7583091685529,46.5750130423994
30.7097303256205,46.4204767722951
30.6442756060463,46.4405341739056
30.7268347108245,46.4920918434919
30.7071414274805,46.4232529268237
30.7411995899725,46.4647531085197
30.6417438350467,46.4430890277167
30.6117546829714,46.5024947764047
30.7101561824861,46.4063549078136
30.6421774819769,46.4449062124697
30.7123555773954,46.4709477294153
30.6415672602488,46.4431879833221
30.7215919973393,46.462450141704
30.6234709401507,46.4444384223353
30.7584312128985,46.443968833008
30.655781531481,46.349748703161
30.7627469086946,46.4340552805436
30.7115843609987,46.4075369774995
30.6106614772372,46.4868633891431
30.7274683027464,46.4675706444832
30.6400118440142,46.4442764949811
30.7229163083237,46.4767915077101
30.7111221504982,46.4131900413549
30.6860095788712,46.4815377783818
30.7405608046742,46.4368314350722
30.7085150755408,46.4171608599191
30.7465461709859,46.4653576373088
30.6947785949382,46.4301402369569
30.7462968889182,46.4477687282539
30.7062923104376,46.4758847145265
30.7114960735997,46.4820559459154
30.6489470481264,46.4439616362367
30.7289198514528,46.4541522643962
30.7054405967065,46.5137613218733
30.7403712464353,46.4681949643934
30.7259284666411,46.4177689870939
30.8112608344219,46.5954716640098
30.8081707754583,46.573293014059
30.638980958797,46.4383499538163
30.7116259080099,46.479718794436
30.7035242408115,46.4608290689689
30.6660072896309,46.333403036348
30.8047846940395,46.5794930325331
30.6353170317403,46.4381772313051
30.7532274497364,46.465981957219
30.706868775219,46.4233105009941
30.723643381021,46.4256818371372
30.7309218980586,46.4728350826885
30.6252522682591,46.4339437305885
30.7105872327281,46.3888325688933
30.7360425671981,46.4786770617905
30.6556958407702,46.3502236900667
30.7104106579302,46.558097031461
30.7192186243203,46.4043218199216
30.6463425698571,46.4434992436808
30.6414763761617,46.4443844465506
30.7293768685768,46.3905831835117
30.7991888309585,46.5776722493944
30.6437043346412,46.4445895545326
30.6656463499704,46.4714892864556
30.7328590274593,46.4753125712082
30.7121997761032,46.4151025833276
30.6749814440661,46.3290220018198
30.7427108625076,46.4455737130077
30.7335081995104,46.3723069827978
30.724074431263,46.4259031378546
30.7056431383864,46.3881002974136
30.7101665692389,46.4758739193695
30.7655850889023,46.5764308063453
30.7393559413473,46.4712535921955
30.6921793100454,46.4824733586507
30.7092836952493,46.4880310652864
30.7462994856065,46.4457446363261
30.7410957224444,46.4398432838609
30.7273878054121,46.4674734880707
30.750176341096,46.426730766554
30.7323111262481,46.3901459796553
30.6921351663459,46.4798537338979
30.7223398435423,46.5074425566727
30.6356623912715,46.4436521750709
30.7045525293405,46.4477849209893
30.6371710671184,46.4437979096897
30.7056820887095,46.403055188173
30.6136424752961,46.4864945546141
30.6465113545904,46.4375798992873
30.6559581062789,46.3497199160758
30.7123685608365,46.3895414508662
30.7067207639914,46.4617970347086
30.7026725270803,46.424636506106
30.6474383722795,46.3377480870198
30.7069051288539,46.4059716797419
30.6669940311486,46.4839073153321
30.7287666468487,46.4373280122918
30.7409451145285,46.4589974906732
30.7981397689238,46.5701912056291
30.7038202632668,46.3797358499713
30.7124568482354,46.4822070781127
30.7073439691605,46.4023427078144
30.7436586537023,46.3757920192994
30.7073154055902,46.4016572153481
30.7040929155283,46.3858225192974
30.8057688388691,46.5789118932507
30.6830311775005,46.4846251932691
30.610658880549,46.5074515526369
30.7073751294189,46.4791736390101
30.6149538028395,46.4897205073489
30.6548285469099,46.350549343968
30.7099510441179,46.4450753365953
30.7411917999079,46.4396435734573
30.7984877251433,46.573138283476
30.631938740386,46.504349744207
30.7728324456814,46.5681437241945
30.741459258793,46.4614893727355
30.7235239333636,46.5006578005306
30.7368838941764,46.4651579269052
30.6426474825419,46.4447316907657
30.7204442611529,46.4113458687095
30.7576729799428,46.4382132151616
30.7304259306115,46.4792546026872
30.7208986815887,46.4170996873631
30.6275581273848,46.4263799239532
30.6400793579076,46.4676947887881
30.7016728021216,46.4726533642132
30.7077386657676,46.3970368881742
30.7127710475082,46.4191003897842
30.7029633561593,46.4037100943612
30.7371669331907,46.4855949582017
30.7461203141203,46.3994891879943
30.7236148174507,46.3907595044086
30.7641672971426,46.4421462506765
30.7552554632242,46.4399674281658
30.7211401735917,46.4096492298757
30.6422787528169,46.4533912058313
30.6419281999093,46.4539453572213
30.6451299164656,46.4368764148928
30.6430603559665,46.4391649881659
30.7598671814757,46.4759063048403
30.6367192433708,46.4410793293315
30.7019766146415,46.3677010491664
30.7111091670572,46.3893831218976
30.7029140190834,46.5588724835685
30.7222749263371,46.5001486289612
30.7062767303084,46.4469824809895
30.712654196539,46.4395194291524
30.7057677794203,46.4695767444828
30.7115687808694,46.4074776041362
30.6443171530575,46.3880679119427
30.7076373949276,46.3965816923895
30.7116207146335,46.381340729971
30.7217088483085,46.4117830725659
30.6452415740584,46.4430332527392
30.7112026478326,46.394030436964
30.7299818969285,46.390559794005
30.7300286373162,46.4718617193703
30.7326097453916,46.4477003589266
30.7067129739268,46.4618779983857
30.7058898237659,46.3956263209995
30.7599009384223,46.4342585893328
30.7487066155722,46.4320257910373
30.6443898603273,46.4434830509453
30.7421577679201,46.4593051526463
30.7455178824569,46.4464715102273
30.6360726680078,46.4437619258332
30.6308299545226,46.4109374519383
30.7401167709912,46.4781588942569
30.6334422228565,46.4431717905867
30.6453168780163,46.4470868341733
30.691514557865,46.3458336595743
30.7025323059173,46.4248775979445
30.7130748600281,46.4153040929239
30.7423161659005,46.4848051125516
30.8035356870131,46.5726578989918
30.643333008228,46.4371768800946
30.8076929848287,46.5758784541481
30.6575342960191,46.3496119645063
30.7752811226584,46.5766287175561
30.7051653477568,46.4589561092383
30.6931582614985,46.3457059168838
30.7320852143743,46.45632029175
30.726333550001,46.4180190748965
30.7373850549999,46.4376770556998
30.7357413513664,46.4497046597334
30.748501477204,46.4447352891514
30.7935903711893,46.5657220106524
30.64356151679,46.4368224391081
30.6908446123082,46.3737445378648
30.7128203845841,46.4688678625099
30.7084189980772,46.3968587680845
30.6916599724045,46.4568564512118
30.769223049077,46.5888362408721
30.7847746147346,46.5789280859861
30.6125233026799,46.5160660878818
30.7196782381325,46.4742186619707
30.7184344244825,46.4657264718379
30.7069129189185,46.4019127007293
30.7478393217118,46.4457644274471
30.7461956180783,46.4653828260083
30.72632056656,46.4209247713085
30.7392676539483,46.3870603639609
30.7916402583476,46.5787787529817
30.7111766809505,46.4133699606373
30.7347182562138,46.4706958424198
30.6452259939292,46.4435550186583
30.7313918986236,46.4570381696871
30.6424293607328,46.444719096416
30.6527408095934,46.3498242692596
30.645262347564,46.4435028420664
30.6525097043432,46.3499142289009
30.7025426926701,46.4929482592765
30.6935347812882,46.4472613558773
30.6971571613337,46.3627514697055
30.7471018622617,46.4349962583909
30.6156860689132,46.4663831772189
30.7352064335962,46.4511116285223
30.73573615799,46.4280045950739
30.6401494684891,46.4532616639479
30.6550622488483,46.3504683802909
30.6418840562098,46.4446759157882
30.7208415544482,46.4112954913104
30.7185876290866,46.4039781740921
30.7216880748029,46.5530718859015
30.7478367250236,46.4510216688811
30.7224696779525,46.4133483703234
30.7085540258638,46.3884439432431
30.7416462203437,46.4681122015235
30.7217477986316,46.4114232340009
30.7077620359614,46.3717870160715
30.7078866769953,46.4938748435812
30.6416321774539,46.4442728965954
30.7036566719099,46.5125846497659
30.8091627103525,46.5829276916356
30.7037631361263,46.4010310962451
30.7356063235798,46.4815521719244
30.7155832608338,46.49814792654
30.6370568128374,46.4405179811701
30.6369944923205,46.4407392818876
30.6350937165547,46.438240203054
30.7721027762959,46.5664614789033
30.6398274791517,46.4466514295097
30.7981189954182,46.5782228023988
30.7407711364188,46.4608632536325
30.723098076498,46.4253741751641
30.7124282846652,46.408188285302
30.6389497985385,46.4382887812603
30.7228721646242,46.5012353414273
30.6869547733777,46.4655429541697
30.7021895430743,46.4242082982137
30.7152716582492,46.4859493991882
30.7104781718235,46.4211082889766
30.7091330873335,46.4406637157889
30.7268399042009,46.388177662705
30.6441665451417,46.4427345867302
30.6979932949356,46.4873545687843
30.758272814918,46.4538553975801
30.6326476362659,46.4429612850262
30.7407269927193,46.4611817107625
30.6723354187856,46.3273991298918
30.7288783044415,46.3869434164273
30.7131267937922,46.4879249129097
30.6130036899978,46.4856435364079
30.7494103180756,46.459267369597
30.7534949086215,46.4650391801788
30.762510610068,46.5772836237443
30.7065519792581,46.4214933162411
30.712794417702,46.4151223744487
30.6253872960457,46.5063738361348
30.709888723601,46.4057773669168
30.6807201249983,46.4884268877079
30.6437147213941,46.4432725453848
30.7076010412927,46.3966500617168
30.6836829462398,46.456813270584
30.6960276019647,46.4328318294228
30.6442989762401,46.4427867633222
30.7049628060768,46.4327436689743
30.6438938928802,46.4390858236816
30.7643179050584,46.4776623170373
30.6918365472024,46.4661546797301
30.7494207048284,46.5621254241957
30.6397236116235,46.4409695785692
30.6318322761696,46.4611115422423
30.7063546309545,46.4469446979402
30.6935789249877,46.4901559120124
30.7134435897532,46.3830481639616
30.6814056506844,46.4866618795468
30.7398674889236,46.437880364489
30.6902785342796,46.4901954942546
30.7248664211654,46.4232097461959
30.6370490227727,46.4393323130986
30.7065441891935,46.4642637280713
30.7091642475919,46.3778844805546
30.8098767996088,46.5793598922641
30.7183305569543,46.5009834544319
30.7390677089565,46.4695587525546
30.8038862399207,46.5750364319062
30.6935010243416,46.4901469160483
30.6402221757588,46.4526805246655
30.8083681237619,46.5770695197981
30.6999486011537,46.3789819881777
30.6363738838395,46.4428839197347
30.7972309280522,46.5781328427576
30.7720222789616,46.5667043699347
30.7483716427938,46.4325475569565
30.7142070160853,46.4148255076326
30.6601855146761,46.3420571538351
30.7298053221306,46.4719534782043
30.7141888392679,46.4648322730039
30.6846774778222,46.3461521167043
30.6859602417953,46.4818508379334
30.7017532994559,46.4794974937186
30.7111091670572,46.4662086555149
30.6452519608112,46.4443322699586
30.6438990862566,46.4395374210806
30.7076737485625,46.3967562140935
30.7115350239228,46.4121465095165
30.6371476969245,46.4398090991972
30.7241938789204,46.3912147001932
30.6348626113044,46.4495571259217
30.7669717204036,46.5567494360353
30.7126957435502,46.3978429265597
30.7065571726345,46.461771846009
30.7148432046955,46.3913874227044
30.6950590372643,46.4675472549765
30.7167803340961,46.4417594242192
30.6390900197016,46.4549565035888
30.7325604083157,46.3860672095216
30.6446677059652,46.4445553698689
30.7100367348287,46.4049533366031
30.7990953501831,46.5714308494853
30.6946565505926,46.4417684201833
30.6439977604084,46.4545552835889
30.7482444050717,46.4327094843107
30.7270891862685,46.490416794972
30.8031955208583,46.5804627974656
30.7594049709753,46.5525105377402
30.7093408223899,46.4715234711192
30.6577134675052,46.3501247344614
30.7411190926382,46.4810645906689
30.6609515376964,46.4977179194549
30.8084122674614,46.5830068561198
30.7069336924242,46.5571452584567
30.7212206709261,46.4114160372296
30.6918729008373,46.3451373719511
30.6839789686952,46.4586358529155
30.7013430227196,46.3729888768784
30.640097534725,46.445345215519
30.6369373651799,46.4397569226053
30.8076124874943,46.57839552491
30.6365037182498,46.442336965116
30.6574797655668,46.3500329756273
30.7553723141935,46.4086344851226
30.7116025378161,46.4166930697847
30.7299273664762,46.4332960211716
30.7228410043658,46.3866717383107
30.7152508847436,46.5007981375709
30.7497478875422,46.3827207108675
30.760594254173,46.4298379725624
30.6370360393317,46.4390912212601
30.6369088016097,46.4412466542642
30.6446728993416,46.4428011568648
30.6978660572136,46.4360667781217
30.6585262309133,46.492070253178
30.6457011878706,46.4370509365968
30.7075802677871,46.4139223128345
30.7528743001406,46.467101055156
30.6370542161492,46.3959951555286
30.6676302197588,46.4913127929988
30.721854262848,46.4072347131049
30.7001874964685,46.4042192659306
30.6441899153355,46.4508489463699
30.6395340533846,46.444461811842
30.6443327331868,46.4429792769544
30.7326746625967,46.4743464046613
30.7650631545732,46.4369681737269
30.8086303892706,46.5781994128921
30.7022674437204,46.4242424828774
30.7687192915653,46.5557220969324
30.7250819462864,46.4133861533728
30.7296053771388,46.471926490312
30.7477458409364,46.375529337147
30.7482340183189,46.4405215795558
30.7109325922593,46.3889783035121
30.6467320730878,46.4422002264613
30.7113402723074,46.4631014495065
30.7392884274539,46.4668563649318
30.7204390677765,46.411299089696
30.7066454600334,46.4631230398204
30.7386911891669,46.4667502125551
30.6265895626845,46.4311333913962
30.7118388364427,46.4882649603536
30.645490856126,46.4474916525589
30.6369789121912,46.4410217551611
30.7726766443892,46.5667403537912
30.7084968987233,46.3969541253042
30.723072109616,46.3876612943643
30.6896890860572,46.46021194583
30.795197721188,46.5754268567491
30.7241808954794,46.4778800193691
30.6435667101664,46.4445985504967
30.7028127482434,46.4608398641258
30.692161133228,46.4814874009828
30.7110702167341,46.3867742923017
30.7606280111196,46.5686349038357
30.6442003020883,46.4393521042197
30.7460813637973,46.45576614036
30.7529496040985,46.4692798776668
30.6458569891629,46.4437385363265
30.6144682221452,46.5193100325449
30.8081422118881,46.5782407943271
30.641556873496,46.442891116506
30.6354676396561,46.4384003312154
30.7672495660415,46.5567908174703
30.7055418675465,46.4712643873525
30.7670392342969,46.5565857094882
30.7323760434532,46.4298595628763
30.714329060431,46.4306763964187
30.7026465601983,46.448671923052
30.6362985798816,46.4381322514845
30.6949447829833,46.4396039912152
30.7060326416171,46.4461944345323
30.7654500611157,46.4296868403651
30.752778222677,46.4673043639452
30.725191007191,46.4239366200972
30.7032489918618,46.4725759989217
30.6448754410215,46.4398666733676
30.7310049920811,46.4520454095984
30.6505128511138,46.3649878663867
30.6453090879517,46.4430422487033
30.6291161403076,46.4833909469913
30.6551687130647,46.3492053469279
30.810692159705,46.580428612802
30.7027841846731,46.4336738516648
30.6410972596838,46.3915331573232
30.7139888942762,46.4011624373213
30.7359594731756,46.4827126512964
30.713428009624,46.4151133784845
30.7099562374943,46.4871278704884
30.6585392143543,46.4921296265412
30.694838318767,46.4294601420692
30.7440533503094,46.4543447780284
30.7115817643105,46.4796144412522
30.7287796302898,46.4236595444021
30.807633261,46.5777100324437
30.7197587354669,46.469359042151
30.7437339576603,46.3757542362501
30.7019688245769,46.3656301782251
30.7342560457133,46.4628657552465
30.6419022330272,46.4442531054743
30.6420242773728,46.4373316106775
30.6557477745343,46.3506357052236
30.7083592742485,46.3884547384001
30.7247080231849,46.4234958178551
30.8027956308747,46.5738597597988
30.6429435049973,46.5352077003444
30.7314256555703,46.4709081471732
30.6092748457359,46.4869893326409
30.8119177965376,46.582830535223
30.7343339463595,46.4921458192766
30.8036655214233,46.570531253073
30.6980971624638,46.3432536170636
30.6156185550199,46.4831498551528
30.659918055791,46.4857370944348
30.6950590372643,46.4908773883352
30.7595581755793,46.4563778659204
30.8023567905682,46.574412111996
30.7136045844219,46.4156585339104
30.6904005786252,46.3740054208244
30.7119141404006,46.481145554346
30.705193911327,46.3879581611804
30.7035450143171,46.4004445593843
30.7212855881312,46.4103886981267
30.7585870141908,46.4539561523783
30.7112467915321,46.4635746372194
30.7369462146934,46.4719210927335
30.7155806641456,46.38321908728
30.6925220728884,46.3431636574224
30.7127788375728,46.4155613774979
30.6552570004637,46.3492539251342
30.7984695483258,46.5706320078711
30.7721053729841,46.5669616545086
30.7494233015166,46.4458166040391
30.6542027450526,46.3495310008292
30.7487273890778,46.4575167549785
30.7138954135008,46.4009339398326
30.6923221278967,46.4902188837613
30.711867400013,46.3814774686256
30.7123477873308,46.4608488600899
30.7260660911159,46.3661699360726
30.697414233466,46.5043173587361
30.7017740729615,46.4797997581131
30.6546311986063,46.3493007041476
30.7255000130873,46.472624577128
30.7096108779631,46.4034815968725
30.6463062162223,46.4426698157885
30.6539197060383,46.493959405644
30.8075423769128,46.5909179069703
30.696183403257,46.4699509765904
30.6995149542235,46.3793436259355
30.7341573715616,46.482942947978
30.7981112053536,46.5700418726246
30.6552492103991,46.3491999493494
30.7586882850308,46.4336450645796
30.7248897913592,46.4183609215332
30.7053419225547,46.4326950907681
30.6363245467637,46.5004203070777
30.6505907517599,46.3649896655795
30.7079931412116,46.4720992128232
30.6952823524499,46.3433039944627
30.718504535064,46.5009582657323
30.7372526239015,46.467162227712
30.7203793439478,46.3990519841379
30.6907745017267,46.350241681995
30.7224930481463,46.4167704350761
30.6542728556341,46.3498134741027
30.6369243817389,46.4398900628743
30.7011119174694,46.4785403231358
30.7324825076696,46.4836680226864
30.7087124238443,46.3885087141848
30.7322488057312,46.4299261330108
30.6384122840802,46.4537294540823
30.6985411961468,46.3787175068325
30.6952148385566,46.4916888242991
30.6561424711414,46.3498242692596
30.6370801830312,46.4438410903175
30.7083774510659,46.4343917296018
30.6454441157383,46.4432041760575
30.6832622827507,46.4873959502193
30.7608669064345,46.5755366075114
30.7144147511417,46.3913136557986
30.7302130021787,46.4281467313071
30.6369373651799,46.4394582565964
30.704609656481,46.4724518546168
30.7421084308442,46.484821305287
30.7327681433721,46.4852387180224
30.718034534499,46.4031667381281
30.7051315908101,46.387880795889
30.730470074311,46.4281071490649
30.6366387460364,46.4413995856543
30.7694178006923,46.5561610999816
30.6338499029046,46.4480547999131
30.6451532866594,46.4429828753401
30.7084241914536,46.3994963847656
30.7583039751765,46.4341290474494
30.7232408943493,46.4154246388432
30.6385135549202,46.4445157876268
30.6410271491023,46.4364679981216
30.7981267854828,46.573456740606
30.6948227386377,46.3392612081855
30.7042591035734,46.4724878384733
30.7277435516961,46.4297821975848
30.7320670375568,46.3876361056648
30.6371191333543,46.438835735879
30.8064933148781,46.5746046256282
30.747512138998,46.4458417927386
30.710104248722,46.4795406743464
30.7239913372404,46.4226663899629
30.7431003657383,46.4431969792862
30.7239264200353,46.4180838458382
30.6679236455259,46.4612320881616
30.6519358362499,46.3492917081835
30.7530456815621,46.4661906635866
30.7196003374864,46.3988792616267
30.7419759997457,46.4577740395524
30.7273981921649,46.4677091823307
30.6477681516815,46.359358192038
30.7036436884689,46.3820046321233
30.7055444642347,46.4457302427835
30.8152311706868,46.5821666330707
30.6620836937537,46.5205892586433
30.6325333819849,46.443137605923
30.7606098343022,46.4301312409928
30.6963028509144,46.3790251688055
30.7596386729137,46.4338861564181
30.768766031953,46.5561610999816
30.7136149711747,46.4234130549851
30.8081655820819,46.5769291827578
30.7212206709261,46.3987695108644
30.7033320858843,46.4004517561556
30.7165414387813,46.4181018377665
30.6510062218727,46.3515227072862
30.6425695818958,46.4428713253849
30.7446090415852,46.4625670892376
30.6947032909803,46.4317685064633
30.7320099104163,46.4563328860998
30.7222827164018,46.4968471101277
30.6455298064491,46.4371498922022
30.755886458458,46.4405827521118
30.6904291421955,46.4660989047526
30.6335668638903,46.5280882943369
30.7976879451762,46.571670142131
30.72880819386,46.386534999656
30.7081826994506,46.4314860331898
30.6433148314105,46.4395104331883
30.7217140416849,46.4972321373922
30.7265023347343,46.4163440263767
30.635833772693,46.4437385363265
30.7592777332532,46.4384938892423
30.7531573391549,46.4642511337215
30.8095262467012,46.5825084797074
30.6330371394966,46.4429972688827
30.6434420691326,46.4420275039501
30.6200095547739,46.4561277781178
30.7593374570819,46.4567125157858
30.7260297374811,46.4273245001862
30.7515889394793,46.4153022937311
30.8050235893543,46.5785106732508
30.7111844710151,46.4704529513885
30.7460060598393,46.3903564852158
30.7076997154445,46.4804654594583
30.6136762322428,46.4858864274393
30.7623600021521,46.4324989787502
30.7185071317522,46.488979239905
30.6148213717411,46.4897978726403
30.6341900690594,46.4439922225148
30.7335990835976,46.4467233972227
30.666072206836,46.3335325782314
30.7091434740863,46.363382986387
30.8030864599537,46.5737410130723
30.7263517268184,46.4182637651207
30.6952485955033,46.4313043147145
30.615886013905,46.466289619192
30.6115573346678,46.5139466387342
30.7013040723965,46.3958386257529
30.6541741814823,46.3489768494392
30.6586249050651,46.4927557456442
30.7097381156852,46.3883845698799
30.6400144407024,46.4406403262822
30.8082434827281,46.5829007037432
30.6586041315594,46.4922573692318
30.6417204648529,46.4368800132785
30.6441639484535,46.4434632598243
30.7192056408793,46.4043757957064
30.7027244608444,46.4334381574047
30.6917768233737,46.4885006546137
30.7109144154419,46.3934061170538
30.7118985602714,46.470940532644
30.7063494375781,46.4464337271779
30.7125762958928,46.3941419869191
30.6849059863842,46.4785475199071
30.7116726483976,46.4807929125524
30.7117609357966,46.4189888398291
30.6369451552446,46.4411279075377
30.7129060752948,46.3815908177736
30.7415189826217,46.4809746310277
30.6944929592357,46.4467395899582
30.7085020920998,46.4056226363339
30.6838049905854,46.3928123834216
30.6798891847729,46.384194249791
30.6451039495835,46.443024256775
30.707401096301,46.4188574987528
30.6412634477289,46.4431771881651
30.7576288362433,46.4351617841308
30.6673523741209,46.4627955867263
30.7141706624505,46.3935014742735
30.7408931807644,46.4600122354264
30.7151833708503,46.4183681183045
30.6406921763239,46.4522847022441
30.7604618230745,46.5577929678737
30.641112839813,46.4449835777612
30.6340654280256,46.4421228611698
30.6870975912289,46.4809170568573
30.721207687485,46.5530197093096
30.7067129739268,46.4616854847534
30.6961911933216,46.4740765257376
30.6413179781812,46.4443772497793
30.7200495645458,46.4121339151667
30.6436108538659,46.4403794433226
30.7721209531134,46.5665244506522
30.7019740179533,46.3693707001078
30.751547392468,46.4686663529135
30.7149600556647,46.4172706106814
30.6770510045652,46.4885942126405
30.7264270307764,46.3679817232471
30.7425394810861,46.4848590883363
30.7271930537967,46.4180334684391
30.7102912102727,46.4125153440456
30.717717738538,46.4527380988359
30.6370568128374,46.4403776441298
30.727590347092,46.4142587618928
30.715040552999,46.3923230029733
30.7024102615717,46.4608182738119
30.7569666807511,46.5515479695789
30.7149834258585,46.3936544056636
30.705370486125,46.4044711529261
30.7386600289084,46.4712068131821
30.7042149598739,46.4479504467292
30.7677169699183,46.5566342876945
30.7403946166291,46.4683856788328
30.6448884244625,46.4400501910357
30.6442756060463,46.4370401414399
30.7567511556301,46.438907703592
30.6808889097316,46.3264905375153
30.7158948634184,46.3909322269198
30.6524967209021,46.349574181457
30.6589468944025,46.4922645660031
30.7063234706961,46.3956928911341
30.7221113349803,46.4795118872612
30.7270268657516,46.3882766183104
30.7256947647027,46.3910797607314
30.8046470695647,46.5794984301116
30.7395974333503,46.4675976323756
30.7728402357461,46.5681923024008
30.6452104137999,46.4511332188362
30.6438783127509,46.4550158769521
30.7458139049122,46.4721244015227
30.6461296414244,46.44782990081
30.7409373244639,46.4323946255663
30.7112026478326,46.4134437275431
30.7452374401308,46.4707534165902
30.7217763622019,46.4162108861076
30.7177281252908,46.4226214101422
30.7615498354323,46.4311711744455
30.6500064969139,46.3620443869254
30.6409440550797,46.452079594262
30.7354479255993,46.4813974413415
30.7253909521827,46.3697953096145
30.7525834710617,46.4010580841375
30.7214751463701,46.411453820279
30.7244847079993,46.5006578005306
30.6804708429307,46.4874409300399
30.6401286949834,46.4399350426949
30.7479873329395,46.4383337610809
30.6667057987579,46.4994901243873
30.7939227472795,46.5738021856284
30.6227438674534,46.4442926877165
30.7365203578278,46.4714658969488
30.7057366191618,46.4697512661868
30.6577056774406,46.3498134741027
30.6873806302432,46.3508893914119
30.7020571119758,46.4022257602808
30.7446843455432,46.3757794249496
30.7322020653435,46.4480476031418
30.6460517407782,46.4435820065507
30.6362466461175,46.4382168135473
30.7097718726318,46.4213385856582
30.7105638625342,46.4063585061992
30.732386430206,46.4313223066428
30.6478019086281,46.4957783895898
30.6424553276148,46.4449296019764
30.8078046424215,46.583046438362
30.641354331816,46.4449997704966
30.6139878348274,46.4916276517431
30.6925973768464,46.3431726533865
30.7195406136577,46.4677091823307
30.7095018170585,46.4878493468111
30.6446677059652,46.4387583705875
30.702921809148,46.4336486629652
30.6548700939212,46.3498764458515
30.7221944290028,46.4710934640341
30.7062118131033,46.513025452008
30.6753709472968,46.4866330924616
30.6275555306966,46.4833909469913
30.716689450009,46.3932657800135
30.7296858744732,46.4689218382946
30.6871053812935,46.3446335979602
30.7042642969498,46.5145061877028
30.7626144775962,46.4505484811682
30.6408038339167,46.4373334098703
30.7786723974537,46.5705276546873
30.7027348475973,46.460827269776
30.8049846390313,46.579442655134
30.639108196519,46.4440911781201
30.7975996577773,46.5757741009643
30.7123322072016,46.3811895977737
30.7131917109973,46.4401257571343
30.7079282240065,46.5132179656402
30.7033009256259,46.40060108916
30.6177218724656,46.4670740672636
30.7131034235984,46.4918471532677
30.7028880522013,46.4039439894284
30.7179306669708,46.4214699267344
30.7151132602688,46.3653513033373
30.7643464686287,46.4318908515754
30.7064195481596,46.465488978385
30.724417194106,46.49672116663
30.7303921736648,46.4535099525577
30.8083707204501,46.5781670274212
30.7273514517772,46.463948869327
30.6460932877895,46.4431160156091
30.7058171164962,46.470663456949
30.6149122558282,46.4560899950684
30.6578277217863,46.3495867758068
30.6795282451124,46.4556204057412
30.7261699586441,46.4381484442199
30.7068116480785,46.4717447718367
30.7422304751898,46.4592547752472
30.6462309122643,46.4413060276274
30.6952589822561,46.4323478465529
30.7515396024034,46.4613526340809
30.7402959424773,46.4691359422408
30.7092577283673,46.4494239856527
30.6471864935237,46.4422002264613
30.6554465587026,46.3504701794837
30.7165829857926,46.4796342323733
30.6408531709925,46.4370707277179
30.7039007606011,46.5124569070753
30.7959118104443,46.5679080299345
30.7065338024406,46.4643446917484
30.7223190700366,46.4166372948071
30.7198677963714,46.4278552620695
30.7287458733431,46.4525959626028
30.7470836854443,46.3919055902379
30.7225216117166,46.4971817599931
30.7235187399872,46.4173911566007
30.7416721872258,46.4710142995498
30.6435796936074,46.4393934856547
30.7494960087864,46.4456204920212
30.7517057904485,46.4613418389239
30.7408126834301,46.438168235341
30.7562006577307,46.4632615776679
30.7200132109109,46.3895144629738
30.6557893215456,46.3496947273762
30.8057220984814,46.5726075215927
30.7079100471891,46.4804546643013
30.6436212406187,46.4396579669999
30.7511007620968,46.4147265520272
30.7482314216307,46.445406388075
30.6724730432604,46.515233061604
30.6399521201855,46.4411998752507
30.6921533431634,46.4814496179334
30.6562463386696,46.3500581643268
30.6448261039456,46.4430098632324
30.7426693154964,46.4451616978508
30.7023479410548,46.4008007995636
30.6153069524353,46.4846719722826
30.695510861012,46.4325169706784
30.7446246217145,46.4745281231366
30.7408905840762,46.4399404402734
30.6415802436898,46.4417900104972
30.631925756945,46.4059536878137
30.6616422567589,46.4471785930074
30.7215166933814,46.5530520947804
30.7758575874398,46.5589300577389
30.7126360197215,46.3980354401919
30.709532977317,46.4750121060064
30.6369529453092,46.439420473547
30.7115843609987,46.4167776318474
30.7097822593846,46.4209355664654
30.6422709627523,46.4521587587463
30.652849870498,46.350405408542
30.7514591050691,46.399368642075
30.7024258417009,46.558692564286
30.7081099921809,46.5131154116492
30.6545740714658,46.3490164316813
30.6436731743828,46.4518726870872
30.6356260376366,46.4434740549812
30.6912574857328,46.4795964493239
30.7157286753733,46.3832136897015
30.7229137116355,46.5017679025034
30.8025411554307,46.5743887224892
30.7099951878174,46.3802648126617
30.6358311760048,46.4438788733668
30.6369165916743,46.4398360870896
30.7245392384516,46.4980381757777
30.6836491892932,46.3927746003723
30.6489444514382,46.4428731245778
30.6941865500276,46.4059518886208
30.6693881776733,46.4913253873485
30.6426059355307,46.4447424859227
30.6929089794309,46.3671379018123
30.7460995406147,46.470406172375
30.6440600809253,46.4390696309462
30.713440993065,46.4151619566908
30.6359791872324,46.4996970315621
30.7224515011351,46.4121860917586
30.7445363343155,46.454389757849
30.7112571782849,46.4781912797278
30.7726948212066,46.5667799360333
30.7131683408035,46.38179232737
30.728351176736,46.4509371068183
30.731841125683,46.3874220017186
30.6463062162223,46.4411081164167
30.8090121024367,46.5806966925328
30.6380980848074,46.4439292507659
30.7070765102754,46.4330297406335
30.7466136848792,46.4721369958725
30.7442922456243,46.4714784912986
30.7037813129437,46.4607535028702
30.7344819575871,46.481464011476
30.7181384020272,46.3850164809119
30.7579949692801,46.4376536661931
30.709114910516,46.4020368450342
30.7074218698066,46.4023517037785
30.711867400013,46.4171608599191
30.713770772467,46.4785924997277
30.6560282168604,46.3500005901565
30.6327359236648,46.443168192201
30.7230383526693,46.5011741688713
30.7059573376592,46.3723519626185
30.7293716752004,46.4245357513078
30.7052017013917,46.5139520363127
30.69776997975,46.4361063603638
30.7119297205299,46.5077412226817
30.7088630317602,46.4473657090612
30.7390443387627,46.468774304483
30.6384642178443,46.4534955590151
30.7699786853445,46.5613733615949
30.6227204972596,46.510427417569
30.7072141347503,46.4937560968548
30.6559762830964,46.349790084596
30.7626014941552,46.553764575139
30.6502453922287,46.528939312543
30.6134555137454,46.4940349717426
30.6482017986117,46.4485549755183
30.8074151391908,46.5907577788089
30.7130125395112,46.4165527327443
30.6522578255873,46.3492107445064
30.7689789603858,46.4376734573142
30.6734675748428,46.4747998012531
30.7974490498614,46.5718302702924
30.7334095253586,46.4466712206308
30.7395948366621,46.4675436565909
30.6890866543937,46.3489660542822
30.6556906473938,46.3502542763447
30.8050157992897,46.5746082240139
30.6422839461933,46.4443124788376
30.7034125832187,46.4006046875457
30.7661070232314,46.4300322853874
30.704025401635,46.3848833406429
30.7151703874093,46.420160114358
30.6416633377124,46.4417954080757
30.7147756908022,46.3848833406429
30.7150691165693,46.4420760821564
30.7586830916544,46.4544041513916
30.7222931031546,46.3854500863827
30.6456077070952,46.4471354123796
30.7089383357181,46.4055488694281
30.6846411241873,46.3431438663013
30.747512138998,46.4457446363261
30.615265405424,46.4865287392777
30.6371528903009,46.444010214443
30.6391731137241,46.4443538602725
30.7911780478472,46.5787589618606
30.6885335598061,46.3927188253947
30.6445300814903,46.4389472858341
30.6792555928509,46.3403173343736
30.7083878378187,46.4344816892431
30.723960176982,46.3958566176811
30.7221347051741,46.4993569841183
30.6990189867764,46.4839379016101
30.6872845527797,46.3496911289906
30.6413127848048,46.4527255044861
30.6371762604948,46.4780059628668
30.732500684487,46.4842005837625
30.6308533247165,46.4570669567723
30.6330475262494,46.446608248882
30.7981397689238,46.572584132086
30.7975788842716,46.5761861161212
30.7078685001778,46.5133816921873
30.724430177547,46.4127276487989
30.6113599863643,46.4851865414305
30.7411216893264,46.4811059721039
30.6614423117671,46.351607269349
30.6342497928881,46.4438015080753
30.6368958181687,46.4385298730988
30.6438886995038,46.4373478034129
30.7413346177592,46.4624735312107
30.6910679274938,46.4796396299517
30.7067934712611,46.4714730937201
30.6182230332891,46.4386666117535
30.7950185497019,46.574473284552
30.7121919860385,46.4296166718449
30.7550191645976,46.4657336686092
30.6951161644048,46.4316875427862
30.7610227077267,46.4331538849384
30.7811963783886,46.5982352241886
30.7233110049308,46.4256278613524
30.6403494134808,46.4429360963266
30.7685557002084,46.5563320232999
30.7433210842357,46.4693158615232
30.7471979397253,46.4529288132753
30.7227371368376,46.4875866646587
30.63528846817,46.4435298299588
30.7916610318533,46.5786672030265
30.7986071728007,46.5706805860774
30.6968715256312,46.5046016312024
30.7114960735997,46.4086470794723
30.7099925911292,46.445087930945
30.77205343922,46.5667349562127
30.6972610288619,46.4901271249272
30.7235473035574,46.4248865939086
30.6800813397,46.467685792824
30.7042071698093,46.3876181137365
30.7701396800132,46.5870154577334
30.7237031048497,46.4068622801902
30.67345718809,46.4751074632262
30.7032308150443,46.4004409609986
30.6440730643663,46.439666962964
30.6716265229057,46.4813470639424
30.645451905803,46.4750624834055
30.7206338193918,46.4169719446725
30.7252715045253,46.4138521443144
30.6796970298457,46.3611321961632
30.7229812255288,46.3874238009115
30.7980125312018,46.5761681241929
30.7049965630235,46.513764920259
30.7379381495875,46.482727044839
30.7432509736542,46.4428731245778
30.6974843440475,46.4043632013566
30.7080840252988,46.4801739902207
30.7348013502363,46.446782770586
30.7302363723726,46.4273137050292
30.7292184705964,46.3880571167858
30.6643531992445,46.4715396638546
30.709317452196,46.4881642055554
30.6978946207838,46.3787031132899
30.7134020427419,46.4150108244935
30.7667406151534,46.4359534289737
30.7571899959367,46.4331035075393
30.7533676708995,46.549390737382
30.7287900170426,46.387551543602
30.7668522727462,46.4309390785711
30.8041640855586,46.5749392754936
30.7402128484548,46.4686951399987
30.7681921638598,46.5554504188158
30.6434524558854,46.4445391771335
30.743261360407,46.5596749235684
30.7231188500037,46.4864243860939
30.7721599034364,46.5666503941499
30.644831297322,46.4435334283444
30.7393299744652,46.4499277596436
30.6365167016908,46.4782344603556
30.6399391367445,46.4399188499595
30.7223839872417,46.4999003403513
30.7237680220548,46.4698718121061
30.7039137440422,46.4669283326448
30.7057210390326,46.4028896624331
30.6421359349656,46.4974714300379
30.7083878378187,46.4684918312095
30.6489496448146,46.4428227471787
30.6462438957054,46.4411099156095
30.7304389140525,46.4275098170471
30.6920806358936,46.4825201376642
30.702033741782,46.4251690671821
30.7200443711694,46.4122274731936
30.7429575478871,46.4709009504019
30.7369020709939,46.4716584105811
30.6970273269235,46.4705896900432
30.6662020412462,46.4939342169444
30.7300208472516,46.4360002079872
30.6459816301967,46.4483318756081
30.6944592022891,46.3429261639695
30.7281720052499,46.3907289181305
30.6891074278993,46.3399179135665
30.6368075307697,46.440334463502
30.7558578948877,46.4379199467312
30.725775262037,46.4235138097833
30.7493220306767,46.4588553544401
30.6438964895684,46.4429360963266
30.7616069625728,46.4335928879876
30.7053029722316,46.5136047920975
30.7515915361675,46.4615145614351
30.7118024828078,46.4726677577558
30.7439702562869,46.3871359300595
30.636646536101,46.4443232739945
30.7191329336095,46.412398396512
30.7092785018729,46.4714443066349
30.6373138849696,46.4440156120215
30.7193744256126,46.4278246757915
30.6407233365823,46.4444780045774
30.644145771636,46.4429001124701
30.7253597919243,46.4315759928311
30.7245755920865,46.5005660416965
30.6283241504052,46.4690046011646
30.6287084602595,46.4663867756045
30.7423265526534,46.462408760269
30.6869781435715,46.4656832912101
30.7282291323904,46.4622306401793
30.7055392708583,46.5133870897658
30.6374982498321,46.4504297344417
30.8106558060702,46.5810007561202
30.7513292706588,46.4702280522854
30.6365296851318,46.4383175683455
30.6446547225241,46.4389508842198
30.7203300068719,46.4670848624205
30.6965417462292,46.4753107720153
30.6156652954076,46.4829159600856
30.7220334343341,46.509873266179
30.7528561233232,46.4665630965014
30.7316853243908,46.4824517683368
30.6285942059784,46.4678926999989
30.7212777980666,46.3810636542759
30.6551193759888,46.3492881097979
30.6638156847862,46.4352229566869
30.7591556889076,46.4567215117499
30.6901201362991,46.4951576680653
30.7260141573518,46.4217146169586
30.8120735978299,46.578642014327
30.7472940171888,46.465560946098
30.7395480962744,46.4695065759627
30.7303402399008,46.5295186526325
30.7585558539323,46.4404298207217
30.7182682364374,46.4591612172203
30.7550451314797,46.4626480529147
30.7969089387148,46.5691170875127
30.7206156425744,46.4698160371285
30.7972049611702,46.5637393001595
30.8061505520351,46.5729781553146
30.7385301944982,46.468486433631
30.6917950001911,46.4479648402718
30.808420057526,46.5781508346858
30.7037397659324,46.3886634447677
30.7115324272346,46.422069057945
30.7058300999372,46.423362677586
30.712095908575,46.4296490573158
30.7158922667302,46.3811842001952
30.6943813016429,46.446782770586
30.7426822989374,46.4738408314775
30.7368631206708,46.465057172107
30.7645827672553,46.4298055870915
30.6581964515113,46.4348541221578
30.6368231108989,46.440201323233
30.6319491271388,46.4443682538151
30.646238702329,46.4433067300485
30.6542546788167,46.3499052329367
30.7102600500143,46.4123947981263
30.8099235399965,46.5789748649996
30.7320981978153,46.460386467534
30.6447378165467,46.4381088619778
30.7460216399686,46.3904050634221
30.6420061005554,46.443240159914
30.7688335458463,46.5560099677843
30.7421499778554,46.4185336440444
30.6353975290746,46.4383949336369
30.7049887729589,46.5140060120975
30.622421878116,46.4447910641289
30.7489143506285,46.4601633676237
30.7165206652757,46.4258599572268
30.7157858025138,46.4811239640322
30.6564982174255,46.3496587435198
30.6633430875329,46.4922177869896
30.7178034292488,46.4224612819808
30.7590128710564,46.4727127375764
30.7519576692044,46.5482086676962
30.6932829025324,46.4580169305838
30.7235888505687,46.3917850443187
30.7137889492844,46.4783693998174
30.6435277598433,46.4370041575834
30.7104911552645,46.4775849517458
30.6357922256817,46.4385190779418
30.6402481426409,46.4453272235907
30.654981751514,46.3498080765242
30.7063026971904,46.5128167456403
30.7402673789071,46.4683802812544
30.7219217767413,46.4984879739839
30.6353949323864,46.4434812517525
30.6363297401401,46.4440425999138
30.645464889244,46.4473441187473
30.6732884033567,46.4826784666327
30.72467166955,46.4143972997403
30.644779363558,46.4966456005314
30.7528171730001,46.4670272882502
30.728008413893,46.4290895083473
30.7578080077294,46.4490911349801
30.7238640995184,46.41766463391
30.7067519242498,46.3957594612686
30.6846099639289,46.3435972628931
30.6506348954594,46.4496686758769
30.7917389324994,46.5789046964794
30.6806552077932,46.32639158191
30.6404714578265,46.4441523506762
30.8041069584181,46.5747863441035
30.6288356979815,46.506136342682
30.7286290223739,46.3881650683553
30.7317917886071,46.3877188685347
30.8104714412077,46.5800165976451
30.7124049144713,46.4470076696891
30.7166608864387,46.4205577359723
30.7091642475919,46.3899858514939
30.6396976447415,46.4445013940842
30.6387706270524,46.4444348239496
30.6915483148117,46.4479846313929
30.6368646579102,46.4399476370447
30.6366647129185,46.4414589590175
30.7066324765924,46.4642205474435
30.63683609434,46.4401347530985
30.7409736780987,46.4314014711271
30.7949042954209,46.5705258554945
30.7418305852063,46.4551652099565
30.7053860662542,46.4010886704155
30.7287900170426,46.4721765781146
30.7302857094485,46.4355450122025
30.7452763904538,46.438528073906
30.7366579823026,46.4513545195537
30.6399754903794,46.4504261360561
30.7045005955764,46.4690585769493
30.641645160895,46.4400124079864
30.6928077085909,46.4659927523759
30.7349649415932,46.4468907221554
30.6349820589619,46.4433175252055
30.7307531133253,46.4519716426926
30.6411154365012,46.4370941172246
30.7586856883426,46.433578494445
30.7128930918538,46.3980678256627
30.7231785738324,46.393598630686
30.683316813203,46.4483498675363
30.7029503727182,46.4037748653029
30.6458777626685,46.447655379106
30.6754332678137,46.4683928756041
30.683989355448,46.3928645600135
30.7258687428124,46.4963937135359
30.7064896587412,46.461627910583
30.6496299771242,46.4494239856527
30.6446677059652,46.4411566946229
30.7344871509636,46.470632870671
30.6340498478964,46.4439256523802
30.7244120007296,46.5005048691405
30.7490441850388,46.480181186992
30.7144173478299,46.4195285976765
30.6427539467583,46.4449673850258
30.6971727414629,46.490098337842
30.7349337813348,46.5561395096677
30.7612174593421,46.4757713653785
30.7084813185941,46.3996223282633
30.7070167864467,46.4748105964101
30.7559565690395,46.4406097400042
30.8134134889435,46.5815351163892
30.7248144874013,46.4981785128181
30.619375962852,46.5196140961322
30.7301195214034,46.5584334805193
30.6139436911279,46.4918381573036
30.7369384246287,46.4718599201775
30.758716848601,46.4357231322922
30.7124490581708,46.4823869973951
30.7053289391137,46.5145367739808
30.7090499933109,46.4868112125512
30.6495884301129,46.448599955339
30.8132914445979,46.5940125186289
30.7137266287675,46.4147103592918
30.74131903763,46.4623134030493
30.6424371507974,46.4433750993759
30.7329966519341,46.4717195831371
30.7692386292062,46.5702343862569
30.6443015729283,46.4416082920219
30.8117853654392,46.5831525907386
30.7644451427805,46.476464054616
30.7245600119572,46.386822870508
30.7423083758359,46.4709639221507
30.7146017126924,46.3898059322115
30.6408505743043,46.4530673511228
30.6965131826589,46.4752621938091
30.694293014244,46.4290031470917
30.6351768105772,46.4396489710358
30.7225813355453,46.5006290134454
30.7108209346665,46.4464984981196
30.7123192237606,46.4823564111171
30.6885543333117,46.3490955961656
30.7492207598367,46.4601363797313
30.7139629273941,46.3822637158901
30.7420980440913,46.4693770340793
30.7461203141203,46.4655987291473
30.7388236202653,46.4685314134517
30.6856797994692,46.4819084121037
30.7210882398276,46.398753318129
30.7512747402065,46.4505556779395
30.6577913681514,46.434348548974
30.6096643489666,46.4844452739867
30.748932527446,46.4650589712999
30.7979190504264,46.5779493250894
30.7025894330578,46.4414373687036
30.7015221942057,46.4727487214329
30.712552925699,46.4773564542571
30.7016728021216,46.4254209541776
30.6399339433681,46.4505160956973
30.7011690446099,46.4785313271717
30.6444989212319,46.4397569226053
30.6941242295107,46.4301240442215
30.8151169164058,46.5819453323532
30.7398467154179,46.4796396299517
30.7653773538459,46.4360397902293
30.6447144463528,46.4446543254743
30.7023868913778,46.4414337703179
30.6459582600029,46.4369825672695
30.6883881452666,46.4597117702247
30.6348781914337,46.4441973304968
30.640453281009,46.4527956730063
30.6382538860997,46.4545480868176
30.6333487420811,46.4009897148102
30.7275462033926,46.4285083690649
30.6453714084686,46.444184736147
30.644260025917,46.4413959872686
30.7186525462917,46.4970108366748
30.7952704284577,46.5755168163904
30.6463581499864,46.4398774685245
30.7121738092211,46.4837561831348
30.6231151938667,46.4421840337259
30.6147772280416,46.4900155749721
30.7204364710883,46.4114070412655
30.7102834202081,46.4212090437748
30.7144770716586,46.4608020810765
30.7485637977209,46.4446687190169
30.6386953230945,46.4441505514833
30.729480736105,46.4787148448398
30.8119775203663,46.5785682474212
30.7322617891722,46.4817374887854
30.7337626749545,46.483045501969
30.6836128356583,46.4478478927382
30.7112026478326,46.4094243307726
30.614922642581,46.4891465648378
30.6959289278129,46.4378587741751
30.6549505912555,46.350313649708
30.7969089387148,46.5708029311895
30.7009950665001,46.4787058488757
30.7263153731836,46.4217649943577
30.6372074207532,46.438456106193
30.6954641206243,46.4772485026876
30.6807253183747,46.3262422489055
30.8085369084952,46.5781094532508
30.7462319717131,46.4457158492409
30.6365712321431,46.441207072022
30.6747217752456,46.5107440755062
30.7064533051063,46.5128743198107
30.7404205835112,46.4601777611663
30.640427314127,46.4508561431412
30.7300546041982,46.428096353908
30.7268970313414,46.4217667935505
30.7282343257668,46.4230838026982
30.7401167709912,46.4786518730909
30.64460278876,46.4968417125493
30.7057288290972,46.4029328430609
30.7556267896375,46.407850037051
30.728465431017,46.4517773298675
30.6411050497484,46.4518798838585
30.7688880762986,46.5918336961181
30.6807097382455,46.3264797423584
30.7504749602395,46.4507877738139
30.7471901496606,46.3992121122993
30.6991877715097,46.4878331540757
30.722210009132,46.4124829585747
30.7101380056687,46.487316785735
30.6366725029831,46.442686008524
30.7053289391137,46.3873086525707
30.6455609667075,46.4447892649361
30.7277383583197,46.4734899888767
30.6923403047141,46.4791304583823
30.7037942963847,46.4790081132702
30.6098694873348,46.4845154425068
30.7068531950898,46.3957594612686
30.7112104378972,46.389420904947
30.7135916009808,46.4169647479012
30.6444184238975,46.4450447503172
30.7063468408899,46.4603360901349
30.7217607820726,46.498189307975
30.7066558467863,46.4645264102237
30.7490545717916,46.4579989386555
30.7127113236795,46.4907640391872
30.7331940002376,46.4716997920161
30.639894993045,46.4444096352501
30.7045057889528,46.4724608505809
30.7490779419854,46.4368206399153
30.7079879478352,46.4040483426122
30.715027569558,46.4192137389322
30.7385925150151,46.4524196417059
30.7068791619719,46.4778080516561
30.7653202267054,46.4371408962381
30.7034826938002,46.5127609706627
30.6954900875063,46.4288322237733
30.745824291665,46.4750336963203
30.6497650049109,46.3677370330229
30.7248326642187,46.5519383944219
30.7235499002456,46.4067597261992
30.6551297627416,46.3929131382198
30.7120439748109,46.408639882701
30.7009976631883,46.4787346359609
30.747714680678,46.448691714173
30.6467788134755,46.442264997403
30.6339122234215,46.4480422055633
30.6571110358418,46.5271167302115
30.7668990131338,46.5566055006093
30.634628909366,46.4379739225159
30.6316037676076,46.4072491066475
30.7366008551621,46.4262971610832
30.74928827373,46.4585602868168
30.6337590188175,46.4419969176721
30.7088967887069,46.4054337210873
30.7139785075233,46.4011804292496
30.7594127610399,46.4592475784759
30.692428592113,46.4801667934494
30.7111429240039,46.4050325010874
30.742931581005,46.4737796589215
30.6495494797899,46.4494059937245
30.6459660500675,46.4370635309466
30.7999210970322,46.570581630472
30.7648995632163,46.4324683924722
30.7105249122112,46.430293168347
30.7079230306301,46.3528361180483
30.6287136536359,46.4663274022413
30.7014079399247,46.3683379634264
30.7026205933163,46.4245843295141
30.7288341607421,46.4914819171243
30.7734452640977,46.5639731952267
30.7409243410229,46.4397353322914
30.7110754101105,46.4130371099648
30.7416124633971,46.4565865722881
30.7560448564385,46.4525977617956
30.7123270138252,46.399204915528
30.7054743536531,46.4219970902321
30.7150483430636,46.4982864643875
30.7957248488935,46.5751443834756
30.7218334893424,46.4107359423419
30.7051212040573,46.5135508163128
30.7388314103299,46.4572666671758
30.7051731378214,46.4713687405363
30.7134513798178,46.4654098139007
30.7190965799747,46.4044351690696
30.8082201125342,46.5765333603364
30.758677898278,46.454010128163
30.7113454656838,46.4631644212554
30.7230876897452,46.3877188685347
30.7286160389329,46.5535162865292
30.7209895656759,46.5529657335248
30.6947084843567,46.4405575634123
30.7489533009516,46.4465110924694
30.7008184917022,46.4727721109396
30.6556387136297,46.3504000109636
30.7310101854575,46.3870549663824
30.681857474432,46.4509622955179
30.7500724735678,46.3782479175052
30.7054172265126,46.4422793909456
30.7995341904897,46.5765009748655
30.7057833595495,46.4418098016183
30.7184188443533,46.5009690608893
30.7330070386869,46.491012327797
30.7255415600986,46.3944712392061
30.6984529087478,46.4046798592937
30.7068012613257,46.3958961999233
30.7414488720402,46.4624753304035
30.7433184875475,46.442788562515
30.7651202817137,46.4428659278065
30.702693300586,46.4246994778548
30.6953992034192,46.3433093920412
30.7089954628586,46.4404963908562
30.7235602869984,46.3907127253951
30.7454737387574,46.4644778320175
30.6552544037755,46.3493222944615
30.6423644435276,46.4446507270886
30.7407581529778,46.4379001556101
30.7231526069503,46.4542296296876
30.7123581740836,46.4105326335527
30.7111091670572,46.4661672740799
30.7675533785614,46.5586080022233
30.813558903483,46.581536915582
30.6223024304586,46.4446867109451
30.7252611177725,46.369604595175
30.6406142756777,46.4417594242192
30.7222775230254,46.4167452463766
30.7537779476358,46.4032998783971
30.7561694974723,46.439985420094
30.718403264224,46.4889954326405
30.7587194452892,46.4358094935477
30.6927038410627,46.47306537937
30.7324123970881,46.4352283542653
30.7134254129357,46.3832694646791
30.7460372200978,46.4481195708548
30.7300597975747,46.4593789195521
30.6945293128706,46.4879519008021
30.7181306119625,46.4686375658283
30.7050900437989,46.4710107011642
30.6330189626792,46.4466712206308
30.6853578101318,46.4819785806239
30.7599372920572,46.5526166901168
30.7064013713422,46.4659639652907
30.7302052121141,46.5584496732547
30.6462672658992,46.4398234927398
30.7050718669814,46.5139574338912
30.8084564111609,46.5828557239226
30.7108676750542,46.4465488755187
30.6541819715469,46.3497019241475
30.7124776217411,46.4685494053799
30.6630029213781,46.4921224297699
30.6886893610984,46.4799976693239
30.6451454965948,46.4471606010792
30.6398612360984,46.4509209140829
30.8097339817575,46.5801137540576
30.709964027559,46.4814604130904
30.8077163550225,46.5907739715443
30.7306492457971,46.4697062863662
30.7230669162396,46.5019694120998
30.6420580343195,46.4432059752503
30.7305246047633,46.4520076265491
30.7061079455751,46.3966536601025
30.7114207696418,46.474441761881
30.8071814372524,46.5904914982708
30.7056171715044,46.3879599603732
30.7234797896641,46.4068137019839
30.6872975362207,46.480181186992
30.7940525816897,46.5702379846425
30.7259570302113,46.4178265612643
30.7258349858657,46.43774722422
30.6597310942403,46.4858090621478
30.7069077255421,46.3958746096094
30.766989897221,46.4344079223373
30.7316515674441,46.4610899519284
30.726663329403,46.5038081871667
30.6385395218022,46.3507400584074
30.6227438674534,46.513754125102
30.7243522769009,46.3941905651254
30.6331228302073,46.4430062648468
30.6529199810795,46.3491261824436
30.6405026180849,46.452408846549
30.7406984291491,46.4376104855653
30.7237057015379,46.5252581640235
30.6922078736157,46.4660647200889
30.6874403540719,46.4895405880664
30.681096644788,46.3264491560803
30.6693050836508,46.461156522063
30.6628471200858,46.4326824964183
30.7503217556354,46.4267883407244
30.639653501042,46.43830137561
30.6919482047952,46.4272759219799
30.7166608864387,46.3981361949901
30.6766355344524,46.4889018746136
30.7223424402305,46.4167938245829
30.7309556550052,46.3870909502389
30.7175333736755,46.4210183293354
30.6327644872351,46.4429738793759
30.7548114295413,46.4657138774881
30.6398534460338,46.4442351135461
30.7785529497963,46.5722854660771
30.7318904627589,46.4278120814417
30.742220088437,46.4848842770359
30.7428458902943,46.4457932145323
30.7146069060689,46.3899408716733
30.655693244082,46.5376546025861
30.7173022684253,46.3885662883552
30.7495583293033,46.468948826187
30.7222827164018,46.4710214963211
30.7481535209846,46.4766907529119
30.6399417334327,46.4440641902277
30.7273384683362,46.4430296543535
30.7072582784497,46.4764586570375
30.7407451695367,46.4383373594665
30.687022287271,46.465488978385
30.7314386390113,46.4570021858306
30.6367062599297,46.4409965664615
30.7378784257588,46.5495706566645
30.7204520512175,46.4062487554369
30.6409596352089,46.4442135232322
30.6234449732687,46.4425384747123
30.8092094507402,46.5784351071521
30.6354183025802,46.4442369127389
30.7295508466865,46.4719624741685
30.6225127622032,46.4447154980303
30.7483794328584,46.4651147462774
30.6922026802392,46.481566565467
30.7258817262534,46.4226681891557
30.7351233395737,46.4814909993684
30.69632362442,46.4870307140758
30.6982841240145,46.4716152299533
30.6439380365797,46.4549726963243
30.6365141050026,46.4421714393761
30.7664991231503,46.4357609153415
30.7065987196458,46.4628963415245
30.7274657060582,46.4964584844776
30.6361012315781,46.4381916248477
30.6442678159816,46.4372758356999
30.7104963486409,46.4062199683517
30.7054873370942,46.4456690702274
30.7263699036359,46.496197601518
30.8038940299853,46.572656099799
30.7617887307471,46.4534415832304
30.6456025137188,46.442655422246
30.721093433204,46.4117219000099
30.713568230787,46.4154930081706
30.728896481259,46.5558894218651
30.7463669994998,46.4363240626956
30.7459281591932,46.4751488446611
30.7247313933787,46.4761779829569
30.7320099104163,46.5289824931708
30.6465113545904,46.4390228519328
30.6349950424029,46.5320303258159
30.6565241843075,46.4715234711192
30.7135526506578,46.4154534259284
30.6554984924667,46.5376006268014
30.7330044419987,46.3858045273692
30.7170737598633,46.4955121090518
30.6922701941326,46.4824607643009
30.710319773843,46.38028280459
30.7132306613204,46.4156441403678
30.7421837348021,46.4709027495947
30.6616993838994,46.4472055808998
30.8082201125342,46.5830680286759
30.643371958551,46.4548143673557
30.7077828094671,46.5132539494967
30.7043733578544,46.4478712822449
30.6429461016855,46.4444744061918
30.7286082488683,46.387202500194
30.7131449706096,46.429071516419
30.7220386277105,46.4117992653013
30.6434654393264,46.4448342447567
30.6933711899313,46.4290265365984
30.7204312777119,46.4114484227005
30.811123209947,46.5819255412322
30.6132270051834,46.4857604839416
30.7306051020976,46.4275637928319
30.7116804384622,46.4705231199087
30.7055366741701,46.403753274989
30.7048978888717,46.3880193337365
30.6935477647292,46.4659513709409
30.7522381115305,46.4662212498647
30.8063816572853,46.5788291303807
30.8075527636656,46.5773645874214
30.635973993856,46.4441505514833
30.8093652520325,46.5761951120853
30.6408817345628,46.4504459271772
30.8042991133452,46.5713786728934
30.7060014813587,46.4237656967788
30.6411491934479,46.4539255661003
30.7247937138956,46.476217565199
30.7247417801316,46.3881830602835
30.747600426397,46.4382509982109
30.7063598243309,46.4057215919393
30.7141706624505,46.4149370575877
30.6489522415028,46.4429163052055
30.6803903455964,46.4874337332686
30.6393393017692,46.471494684034
30.6826131106995,46.4577434532744
30.6460751109721,46.442480900542
30.7325526182511,46.4562159385662
30.703809876514,46.5123939353265
30.7690568610319,46.4378012000047
30.637090569784,46.4383445562378
30.7201248685037,46.4282996626972
30.6359194634037,46.4382114159688
30.6534990425491,46.3503586295286
30.6564566704142,46.349707321726
30.6521279911771,46.3492161420849
30.7004393752244,46.4800894281579
30.7113324822428,46.4789199528218
30.8062985632628,46.5729367738797
30.6555088792195,46.3503892158066
30.7532715934359,46.5491838302072
30.7250663661571,46.3988000971424
30.6744672998016,46.5052439430409
30.6360389110611,46.4437565282547
30.7111896643916,46.4134113420723
30.719836636113,46.4117398919381
30.708517672229,46.3995323686221
30.7201716088914,46.4283374457465
30.7925049555198,46.5670929955848
30.7595062418152,46.4774068316562
30.7318437223712,46.482439173987
30.7058846303895,46.4697530653797
30.8058960765911,46.5836059873305
30.7092291647971,46.4309084922931
30.6873260997909,46.3482751642375
30.7471070556381,46.465273075246
30.7050303199702,46.5144881957745
30.6917898068147,46.4885762207123
30.689712456251,46.3420427602925
30.6460958844777,46.4419447410802
30.7655928789669,46.5765045732512
30.6441120146894,46.4393395098699
30.6789232167607,46.5430683737958
30.6544416403674,46.3505241552685
30.7310647159098,46.4301924135488
30.7025998198106,46.4771189608042
30.7226254792448,46.5044073183774
30.7265932188215,46.5538077557668
30.7115168471053,46.4167776318474
30.7451906997431,46.4386072383902
30.6331202335191,46.5277842307495
30.7266685227794,46.503917937929
30.7465409776095,46.4705932884288
30.6460283705844,46.4951414753299
30.6963807515605,46.4581446732743
30.7017532994559,46.479555067889
30.8090276825659,46.5828917077791
30.6541352311593,46.3499933933852
30.7650813313906,46.4369969608121
30.8059687838608,46.5837157380928
30.7098991103538,46.405108067186
30.6320607847316,46.4050073123878
30.708987672794,46.4054697049438
30.7497556776068,46.3827818834236
30.7451309759144,46.4722143611639
30.6417490284231,46.4442351135461
30.7031684945274,46.4024218722987
30.7422901990185,46.4591090406284
30.6338447095282,46.4420275039501
30.6438757160627,46.4405161819773
30.6405779220429,46.4466730198236
30.7568757966639,46.4367360778525
30.7115272338582,46.4073246727461
30.6454441157383,46.4371067115744
30.8112478509808,46.5833720922633
30.7345936151799,46.4263925183029
30.6412504642879,46.4374197711259
30.7686673578012,46.5561736943314
30.7663459185463,46.5548368940626
30.6806032740291,46.4875039017887
30.7284342707585,46.4843715070808
30.6366906798005,46.4409138035916
30.7474394317283,46.4652460873536
30.757815797794,46.4536952694187
30.7229215017001,46.4152393219823
30.7576444163725,46.458250825651
30.6126297668963,46.4982450829526
30.7105872327281,46.4067435334637
30.7493298207413,46.3751209203758
30.6398170923989,46.4445733617971
30.7250663661571,46.4229848470928
30.7447674395657,46.4625544948878
30.7098523699662,46.4932415277069
30.8090095057484,46.5841295524425
30.6288460847343,46.4205469408153
30.7084709318413,46.3969037479051
30.7303038862659,46.4356673573146
30.6551271660534,46.3505547415465
30.7725753735492,46.5668932851813
30.7623470187111,46.4328786084362
30.7542038045014,46.464225945022
30.6806084674055,46.3261163054078
30.6379318967623,46.5309813963991
30.723960176982,46.3956155258426
30.6404844412675,46.4452570550706
30.7459878830219,46.4481717474467
30.7282576959606,46.4228822931018
30.7125633124518,46.3940646216277
30.7533806543405,46.4703054175769
30.8009104352382,46.5714524397992
30.7086864569623,46.4763507054681
30.772167693501,46.5665604345087
30.6503570498215,46.3649716736513
30.6489444514382,46.4434614606314
30.7107586141496,46.479585654167
30.6956277119812,46.477142350311
30.7333134478951,46.4466802165949
30.7529080570873,46.4702136587428
30.7116804384622,46.416772234269
30.7498361749412,46.4621118934529
30.7492571134715,46.4405629609908
30.7244639344937,46.5007783464498
30.6159145774752,46.5175036429488
30.7209584054174,46.4813848469917
30.6437458816525,46.4403902384796
30.7057210390326,46.4219341184832
30.7345988085564,46.4706238747069
30.7020415318466,46.402274338487
30.7471356192083,46.391822827368
30.7459800929573,46.3875047645886
30.7467175524074,46.4358400798258
30.6547454528874,46.3504665810981
30.7236953147851,46.4297318201857
30.7066324765924,46.3957810515825
30.8089367984787,46.5794930325331
30.7141420988802,46.4145718214443
30.6418139456283,46.4368656197359
30.6961496463103,46.4318656628759
30.6947915783793,46.4293953711275
30.6437484783407,46.4464913013483
30.6316427179307,46.4428137512145
30.8113023814331,46.578980262578
30.6332734381232,46.4011102607294
30.7562448014302,46.4319934055664
30.7066350732806,46.4659387765912
30.7486339083024,46.4574537832296
30.7021843496979,46.3565208649534
30.6437277048351,46.4417072476273
30.7369643915108,46.4317469161494
30.6415283099257,46.3911193429735
30.7051523643158,46.5146213360435
30.7146380663273,46.419287505838
30.6302950367525,46.508014699991
30.7078762902424,46.5133511059093
30.7232824413605,46.4068838705041
30.7039942413765,46.3849517099702
30.7112493882203,46.4789199528218
30.6639740827666,46.4916060614292
30.6447845569344,46.4445517714832
30.6445145013611,46.4433445130978
30.7327759334367,46.48576588152
30.7483093222768,46.4452246695997
30.6504401438441,46.4714263147067
30.8092354176222,46.5849283940567
30.6555010891549,46.3503352400219
30.7988252946099,46.5705492450012
30.6902266005155,46.4956506468993
30.7300052671224,46.4534307880734
30.7228046507309,46.5032882204404
30.6272984585643,46.4835024969465
30.7991005435595,46.572933175494
30.7569329238044,46.4524502279839
30.7136669049388,46.4484488231417
30.7190550329634,46.4040879248544
30.6362310659883,46.3973031687122
30.6364413977329,46.442686008524
30.7451205891615,46.4760340475309
30.7243392934598,46.4789649326424
30.6443638934452,46.4446759157882
30.6228425416052,46.4442297159676
30.7571458522372,46.4385658569553
30.6954563305597,46.4321247466426
30.7724818927738,46.5668195182755
30.714697790156,46.3899840523011
30.7343728966826,46.3777819265636
30.6437484783407,46.4373765904981
30.813901666326,46.5941168718127
30.7066662335391,46.4771513462751
30.7189433753706,46.4044387674552
30.6728573531147,46.469287074438
30.7265672519394,46.5041914152384
30.6439562133971,46.4414481638605
30.6183294975055,46.518291689406
30.7082631967849,46.4057197927465
30.8108661378148,46.5827711618598
30.7383224594418,46.4713345558726
30.8085265217424,46.5770551262555
30.7318229488656,46.486186892641
30.7409970482926,46.4398144967757
30.7054951271588,46.3876720895213
30.7460605902916,46.4721154055586
30.6412322874704,46.444605747268
30.6855032246713,46.4560486136335
30.8007857942044,46.5710818060773
30.6489470481264,46.4437925121112
30.704736894203,46.4585368973101
30.6436212406187,46.4429199035912
30.6335928307724,46.4440929773129
30.6414166523329,46.4432797421561
30.7074945770764,46.3524834762546
30.7407166059665,46.4611079438567
30.7364632306873,46.4510090745313
30.676173323952,46.4442728965954
30.7553593307524,46.4289815567778
30.7460372200978,46.4379109507671
30.7396467704262,46.471217608339
30.7200937082453,46.3990501849451
30.658889767262,46.4919533056444
30.6515593164603,46.5313070503004
30.7401946716374,46.4594077066373
30.7129502189943,46.4879141177528
30.6722860817097,46.3334282250476
30.6858589709553,46.4814082364985
30.758576627438,46.4439148572233
30.6445975953836,46.4388915108566
30.7085877828105,46.417254417946
30.6382175324648,46.4507194044865
30.6442989762401,46.4414517622462
30.7127970143902,46.4908629947926
30.7042591035734,46.5145475691377
30.7098419832133,46.4210039357928
30.6953862199781,46.4323766336381
30.7176502246447,46.3905885810902
30.7148509947601,46.472408673989
30.7258791295652,46.4680528281603
30.7210570795692,46.4095754629699
30.7020700954169,46.425088103505
30.6334837698678,46.4432473566853
30.7148406080073,46.3914270049466
30.7012781055145,46.425611668617
30.7237238783553,46.4179579023405
30.7032567819264,46.4335029283464
30.7413372144474,46.4663903739902
30.7208597312656,46.4755788517462
30.7303584167182,46.4687671077117
30.6252834285175,46.5062550894084
30.7129450256179,46.4153940525652
30.6800164224949,46.382161161899
30.6231359673723,46.4446075464608
30.6318140993522,46.4443376675371
30.7668263058641,46.5571614511922
30.7512202097542,46.4148704874532
30.7554450214632,46.5513500583682
30.7007587678735,46.480109219279
30.6460932877895,46.4412394574929
30.6147746313534,46.4868148109369
30.638853721075,46.4544347376697
30.7407581529778,46.4578783927362
30.61067186399,46.5127573722771
30.7408931807644,46.4391074139955
30.6540469437603,46.3498872410085
30.7078061796609,46.396606881089
30.8085395051834,46.5774149648205
30.7650969115198,46.437038342247
30.6403104631578,46.4549169213467
30.7127191137441,46.4853772558699
30.705269215285,46.3873122509563
30.7982799900869,46.5707147707411
30.6402715128347,46.4430404495104
30.772370235181,46.566578426437
30.7231578003267,46.5236874686875
30.6567189359229,46.4710988616126
30.7116233113217,46.4167344512196
30.6348522245516,46.4380386934576
30.7022544602794,46.4795388751535
30.7447129091134,46.4454423719315
30.7112415981556,46.3666827060276
30.6374047690568,46.4385730537266
30.7647385685476,46.4767717165891
30.7979190504264,46.5711735649114
30.6450624025723,46.4400106087936
30.6446053854482,46.3733487154434
30.6399417334327,46.4412448550713
30.6437692518464,46.4406853061028
30.7124828151175,46.4153004945383
30.7944680518025,46.5747233723546
30.7053393258665,46.3874256001043
30.7646217175784,46.4725328182939
30.6840776428469,46.4566567408082
30.6919482047952,46.428024386195
30.7077516492086,46.4461674466399
30.703594351393,46.3871557211806
30.7635778489201,46.4332150574944
30.7588207161292,46.4356331726509
30.7163129302193,46.4760250515668
30.7267334399845,46.3882820158889
30.7118751900776,46.3812813566077
30.7058846303895,46.4745533118361
30.6371944373122,46.439245951843
30.7592803299414,46.4346831988394
30.6947552247444,46.4291182954325
30.711106570369,46.4661132982952
30.7236615578384,46.4861778966769
30.6395184732554,46.4441451539049
30.6446599159005,46.4427597754298
30.7341547748734,46.3925676931975
30.700930149295,46.4788587802658
30.6290512231025,46.5062316999017
30.6357013415945,46.3980192474565
30.6815380817828,46.4567502988351
30.63952626332,46.4607193182065
30.6073688765937,46.5129498859093
30.7287770336016,46.3869074325708
30.6438056054812,46.4406259327396
30.7261803453969,46.4770236035845
30.7136746950034,46.4889828382907
30.6983023008319,46.3787606874602
30.7423109725241,46.4709027495947
30.6434680360146,46.5345455973849
30.6221128722197,46.5116742581966
30.7056431383864,46.39655650369
30.7211401735917,46.5528829706549
30.724087414704,46.3937515620761
30.7256921680145,46.4235102113977
30.6556750672646,46.350344235986
30.698569759717,46.4716746033165
30.642686432865,46.4445301811694
30.7292340507256,46.4534721695084
30.7432795372245,46.3860510167862
30.7371513530615,46.5319583581029
30.6447507999877,46.3508228212774
30.7646502811486,46.429780398392
30.7548737500582,46.4051512478138
30.7044486618123,46.402069230505
30.7099017070421,46.4423225715734
30.7253286316658,46.4982648740736
30.6414971496673,46.4441775393757
30.7141810492033,46.4930652068101
30.709989994441,46.4505035013476
30.7313139979775,46.4204713747167
30.7323656567004,46.4480026233211
30.7193614421715,46.508261189408
30.7453465010354,46.4746036892352
30.710306790402,46.4822214716553
30.7445337376273,46.477439217127
30.6444314073385,46.4412934332776
30.7343235596067,46.4817716734491
30.7455256725215,46.3875425476379
30.7514149613696,46.3993308590257
30.6406350491834,46.4529180181184
30.7992797150457,46.5697288130731
30.7047213140738,46.4450483487029
30.705370486125,46.3879905466513
30.7420772705857,46.4624465433183
30.6787985757269,46.46806542251
30.7327447731782,46.4858504435828
30.7041448492924,46.3858567039611
30.7056950721505,46.4709945084288
30.6546104251007,46.5366074723621
30.7462787121008,46.4555700283421
30.7687868054586,46.5565299345107
30.6404506843208,46.3499610079143
30.6934101402544,46.3377372918629
30.7694827178975,46.5561826902955
30.705409436448,46.3876846838711
30.6425358249491,46.4474880541733
30.8072619345867,46.575664350202
30.7513448507881,46.4505772682534
30.7179826007349,46.3852575727505
30.6493079877868,46.3517206184969
30.7456035731676,46.4448810237702
30.7012105916211,46.4247534536396
30.7487403725188,46.4319376305889
30.6506608623415,46.364995063158
30.705726232409,46.4705842924647
30.7044486618123,46.5587717287703
30.6366699062949,46.4425204827841
30.6458881494213,46.4370707277179
30.7062170064797,46.445838194353
30.8150078555012,46.5936490816783
30.7441909747843,46.4373388074488
30.6386070356955,46.4441001740842
30.6943267711906,46.4874067453762
30.6925921834699,46.3814918621682
30.7437729079833,46.4847835222377
30.7234771929759,46.4067561278135
30.7527081120955,46.4242730691554
30.7130177328876,46.4202824594701
30.7661589569955,46.5548386932554
30.6418632827041,46.4524538263696
30.6526577155708,46.3496227596633
30.7494258982048,46.4384489094217
30.6437692518464,46.4395446178519
30.6307936008878,46.4832722002649
30.6582951256631,46.5193784018722
30.6549402045027,46.350405408542
30.7109767359588,46.3889837010905
30.7653617737167,46.4297156274503
30.6102797640711,46.5092183599908
30.6147045207718,46.4904203933577
30.6941943400922,46.4875003034031
30.7213375218953,46.4226394020705
30.7292210672846,46.4531123309435
30.6438601359335,46.4420347007214
30.749758274295,46.382808871316
30.7918220265219,46.5789532746857
30.6577498211401,46.3498062773314
30.7149990059878,46.4817320912069
30.6883985320195,46.4491936889711
30.6541689881059,46.3498152732955
30.7648787897106,46.4299207354323
30.6416425642068,46.4374089759689
30.7372188669548,46.5320249282374
30.7241315584035,46.4180442635961
30.7494518650869,46.4595120598211
30.6838179740265,46.4459155596444
30.744377936335,46.4543951554275
30.8071840339406,46.5772026600672
30.7130462964579,46.3815926169664
30.7118518198837,46.4167290536412
30.6316167510486,46.4071573478134
30.7036229149632,46.5587573352277
30.7117141954089,46.47759394771
30.8025307686779,46.5698601541493
30.7095719276401,46.4219754999182
30.633169570595,46.4430782325598
30.6443535066924,46.453661084755
30.7076062346692,46.4027079439578
30.7266399592091,46.4359066499603
30.6855551584354,46.4531195277148
30.7155391171343,46.3935356589372
30.6424916812497,46.4432851397346
30.6397184182471,46.444051595878
30.7252351508904,46.5014728348802
30.7021583828158,46.4252356373166
30.6510503655722,46.3641854263869
30.6550648455365,46.3492575235198
30.6452078171117,46.4429109076271
30.6355065899792,46.4455647170436
30.701792249779,46.4252032518458
30.64490660128,46.4380800748926
30.764743761924,46.4766601666339
30.7224644845761,46.4231935534605
30.6581600978765,46.4346957931892
30.7410256118628,46.4693320542587
30.758677898278,46.4543231877145
30.7040799320873,46.385673186293
30.8056727614055,46.574935677108
30.7165959692336,46.4257717967784
30.6121701530841,46.5145097860884
30.749631036573,46.4302787748044
30.8086200025177,46.5828197400661
30.7111377306275,46.4094189331942
30.7134877334527,46.4333895791984
30.6489496448146,46.4433481114835
30.6943085943732,46.4874625203538
30.7058872270777,46.3966014835106
30.7237498452374,46.3941078022554
30.6416659344006,46.437007755969
30.7986513165001,46.576670098991
30.7432743438481,46.4709495286081
30.6975908082639,46.4765881989209
30.7271878604203,46.4723618949756
30.6371243267307,46.395775654004
30.760022982768,46.43393833301
30.6370697962784,46.4404244231432
30.6426682560476,46.4370329446686
30.8000119811194,46.5818175896627
30.6919975418711,46.4824319772157
30.7477198740544,46.4509730906748
30.633855096281,46.4440354031425
30.6431875936885,46.4536574863694
30.7319579766522,46.4277832943565
30.6455116296317,46.4471426091509
30.7272112306142,46.4236595444021
30.6560048466666,46.34964614917
30.7171230969391,46.4207646431471
30.7454451751871,46.4387205875382
30.6363297401401,46.4503055901368
30.6103213110824,46.5173759002582
30.6340862015313,46.4440623910349
30.6949629598008,46.4299765104099
30.6335746539549,46.4479720370431
30.7667743721,46.5572837963042
30.7647801155589,46.4765702069927
30.7963921977621,46.5700454710103
30.6890866543937,46.4632561800895
30.7066246865278,46.4644130610758
30.6446754960298,46.4421066684344
30.7665069132149,46.429882952383
30.8087965773157,46.5792231536094
30.8026502163353,46.5745686417717
30.728553718416,46.4249819511283
30.7649281267865,46.433107105925
30.7257570852196,46.4377130395563
30.6817380267746,46.4505880634103
30.7156455813507,46.4186110093359
30.7037709261909,46.5125054852816
30.6420762111369,46.4442926877165
30.637051619461,46.4441577482546
30.7525704876207,46.449913366101
30.6836777528634,46.3488149220849
30.722412550812,46.4132692058391
30.7360633407038,46.4788479851088
30.7065338024406,46.4058943144505
30.6462438957054,46.4396957500492
30.7223736004889,46.4707947980252
30.6873702434904,46.3497253136543
30.6436316273715,46.4445913537254
30.711106570369,46.481865231476
30.7968310380687,46.5704394942389
30.6401468718009,46.4506366416166
30.6340238810143,46.4420850781205
30.7511371157317,46.4412772405422
30.6389472018503,46.444328671573
30.6192383383771,46.4659063911203
30.6832544926861,46.3803655674599
30.772598743743,46.5665946191724
30.693620471999,46.365795703965
30.7202287360319,46.3895594427945
30.6948149485731,46.4661294910306
30.6432161572588,46.4390858236816
30.7155469071989,46.3926666488028
30.8050313794189,46.578539460336
30.7164427646295,46.4811221648393
30.7461462810024,46.4657192750666
30.7136175678629,46.4164267892466
30.7378498621886,46.4548755399117
30.6108562288526,46.5063342538927
30.7199301168884,46.4121303167811
30.6697049736343,46.4831984333591
30.7221684621208,46.5078077928162
30.7056587185157,46.4031919268277
30.7061131389515,46.4069612357955
30.7111974544562,46.4439112588376
30.7403712464353,46.4692277010748
30.7114778967823,46.4796108428665
30.6921507464751,46.3431510630726
30.7327188062962,46.3859772498804
30.674472493178,46.4637347653808
30.6436809644474,46.4448756261917
30.7980488848367,46.5671379754055
30.6543040158926,46.3495274024435
30.7026387701337,46.4414157783897
30.6932101952626,46.4580169305838
30.7340067636457,46.4814208308482
30.6420632276959,46.4448900197343
30.7232902314252,46.4226124141781
30.7413501978884,46.4642475353359
30.7039552910534,46.380991686563
30.7609551938334,46.5529459424037
30.6836050455937,46.3927602068297
30.6394717328677,46.4546668335441
30.8089731521136,46.5761681241929
30.7557150770365,46.4588499568616
30.71814878878,46.3830229752621
30.7466266683202,46.4558938830505
30.6340732180902,46.4420113112147
30.6542936291397,46.3491387767934
30.7166790632562,46.4743032240335
30.702059708664,46.3730536478201
30.7656266359136,46.4482167272673
30.6660748035242,46.471217608339
30.7055210940408,46.4039205999217
30.7431626862552,46.448661127895
30.6477993119399,46.3587536632489
30.809295141451,46.5782875733405
30.7040955122165,46.3850884486249
30.7319683634051,46.3878304184899
30.7081619259449,46.4481969361462
30.6426838361768,46.4450483487029
30.7988928085032,46.5711645689473
30.6359765905442,46.3976450153489
30.7419006957878,46.4536646831407
30.6919767683654,46.4272345405449
30.6542936291397,46.4507481915717
30.6440341140432,46.4445535706761
30.7027997648024,46.4042552497871
30.7562655749359,46.4370473382112
30.7596230927844,46.4348559213506
30.7095096071232,46.3900272329289
30.6992137383918,46.4877467928201
30.7591582855958,46.4303525417102
30.7075361240876,46.4936445468997
30.7231681870795,46.4150755954352
30.7617887307471,46.4533804106743
30.8075034265898,46.5653369833879
30.7300078638106,46.427326299379
30.6521721348766,46.349111788901
30.7354635057285,46.4916528404426
30.757776847471,46.4381052635921
30.7489299307578,46.4610089882513
30.64625168577,46.4395410194663
30.6977933499438,46.4345104763283
30.7374525688933,46.482655077126
30.7382133985372,46.4690873640345
30.7142953034843,46.4304928787506
30.6439588100853,46.4393646985695
30.6574901523197,46.4930004358684
30.7313893019354,46.5279695476104
30.636646536101,46.4427813657437
30.6700035927778,46.4831084737179
30.6948435121434,46.430724974625
30.7115142504171,46.4087496334634
30.7298832227767,46.4242622739984
30.6402143856942,46.4442962861021
30.6352547112233,46.4376266783007
30.7482184381897,46.5452238067999
30.7038592135899,46.3804663222581
30.6422449958702,46.4447011044877
30.7393689247883,46.4673943235864
30.6440678709899,46.4435118380305
30.6958068834673,46.3769309083575
30.6158133066352,46.4822772466328
30.716842654613,46.4183051465556
30.7499582192868,46.443126810766
30.7192757514608,46.5152672462676
30.6141436361196,46.4906866738958
30.7555722591852,46.408988926109
30.7286913428908,46.3865260036919
30.7627287318772,46.553723193704
30.7263153731836,46.4816241396374
30.7616069625728,46.4333805832343
30.7058067297433,46.3906947334669
30.8018582264329,46.5745326579152
30.7954885502669,46.5757902936997
30.7102133096266,46.4064664577687
30.6308533247165,46.4832272204443
30.7313529483006,46.4282043054775
30.6446651092769,46.4372290566865
30.7980255146428,46.567193750383
30.7988382780509,46.5704035103824
30.718174755662,46.4034744001012
30.713885026748,46.4431484010799
30.7478574985292,46.4383085723813
30.7074348532476,46.3889459180412
30.7408282635593,46.4682273498643
30.7183824907184,46.4920360685143
30.7024024715071,46.4415039388381
30.7745047128852,46.5584478740619
30.7216101741568,46.4758199435848
30.7076737485625,46.3525230584968
30.71421480615,46.4150612018926
30.6297549256059,46.4160723482601
30.7432276034604,46.442963084219
30.7148068510606,46.4194026541788
30.7494492683987,46.4594203009871
30.7967323639169,46.5702973580057
30.7097459057498,46.389975056337
30.8150364190714,46.588816449751
30.6148992723872,46.4893570703982
30.7231162533155,46.4655177654702
30.6546286019181,46.350826419663
30.7018260067256,46.4381232555204
30.7461462810024,46.4556168073555
30.6371295201071,46.4396867540851
30.7303194663951,46.5584406772906
30.6441873186473,46.4372812332784
30.7067778911319,46.4061012216253
30.730571345151,46.4793427631356
30.7296261506445,46.4718653177559
30.7667146482713,46.5573341737033
30.6273737625223,46.4834701114756
30.7226073024273,46.5050604253728
30.7595763523968,46.4593051526463
30.6715122686247,46.4813470639424
30.7483924162994,46.445334420362
30.7641569103897,46.5541891846457
30.7501451808375,46.3780985845007
30.6932725157796,46.4659891539903
30.7933358957453,46.578785949753
30.7050199332173,46.472306119998
30.7636635396309,46.4471893881643
30.6551323594298,46.3506195124882
30.7138538664895,46.3939116902376
30.6373839955511,46.4386324270898
30.7442532953012,46.4543375812571
30.6341381352953,46.4423657522012
30.6489496448146,46.4439130580305
30.6413127848048,46.4373460042201
30.7066688302273,46.4762841353335
30.7230071924109,46.4252950106798
30.6567449028049,46.4708019947965
30.7812249419588,46.5724347990815
30.6548908674268,46.3508408132056
30.7625833173377,46.4319880079879
30.7473485476411,46.4573746187453
30.7223554236715,46.4159823886189
30.6979881015592,46.4270780107692
30.8016349112473,46.5771001060762
30.7503087721944,46.4620471225112
30.7036696553509,46.3884817262924
30.7202962499252,46.3989404341828
30.6433433949808,46.4397749145335
30.6436056604895,46.4391164099597
30.7465877179972,46.4677649573083
30.7103950778009,46.4517971209886
30.7194601163233,46.4339095459248
30.7034229699715,46.4724428586527
30.7045888829754,46.5138800685997
30.711550604052,46.4807731214313
30.7065961229575,46.5128743198107
30.7126178429041,46.4394186743542
30.6832233324276,46.4571659123776
30.7296884711614,46.4267775455674
30.7623158584527,46.4323586417099
30.6898630641669,46.4285605456568
30.7381277078265,46.4518564943518
30.7058950171423,46.4702712329132
30.6412660444171,46.4517089605401
30.6281839292421,46.4234580348058
30.7606124309904,46.568035772625
30.7190913865983,46.4044873456615
30.8028008242512,46.5747395650901
30.6367140499943,46.4436593718422
30.6436498041889,46.4427849641293
30.8134550359548,46.581844577555
30.739085885774,46.4685440078014
30.6372541611409,46.4610683616146
30.7231396235093,46.4977341121903
30.8038161293392,46.5726812884985
30.7029166157716,46.5587717287703
30.7218386827188,46.4106819665571
30.7259726103406,46.4179992837754
30.7306128921622,46.387243881629
30.695752353015,46.4929140746128
30.7097770660082,46.4036291306841
30.7490675552326,46.4581122878035
30.6462153321351,46.4399584322016
30.7325759884449,46.4744633521949
30.7963065070514,46.5701858080506
30.6361323918365,46.4436035968646
30.7202079625263,46.4121339151667
30.6369529453092,46.4441037724699
30.7252870846545,46.4868471964077
30.7138616565541,46.420005383775
30.7055548509875,46.4437889137256
30.7576080627376,46.4382869820674
30.73045709087,46.4763740949748
30.682327474997,46.3350025187693
30.7101847460564,46.4057935596523
30.7098835302246,46.4201169337302
30.7461774412608,46.4445553698689
30.6860641093235,46.4807713222385
30.7297196314198,46.4894272389184
30.6447300264821,46.4371426954309
30.7066766202919,46.4624159570403
30.7852757755581,46.5770335359416
30.7347831734189,46.4706040835858
30.8073008849098,46.5766035288565
30.6855473683708,46.3757128548151
30.6360518945022,46.4441595474475
30.8073839789323,46.5761753209642
30.7322799659896,46.4845064465427
30.7227605070314,46.4252716211731
30.7264088539589,46.4210777026986
30.6367685804466,46.4408526310355
30.7451595394846,46.4387007964171
30.7102133096266,46.3973751364252
30.6364102374744,46.4381394482558
30.7443727429586,46.4488086617066
30.724188685544,46.4129741382159
30.7385224044336,46.4712445962314
30.6913042261204,46.4593537308525
30.7090084462997,46.4405269771343
30.6340238810143,46.4420347007214
30.6549376078145,46.3492719170624
30.7520355698505,46.4686987383844
30.705066673605,46.4707228303122
30.7032619753028,46.4862084829549
30.7977294921875,46.5716359574674
30.7170659697986,46.4673889260079
30.7338925093647,46.4815683646599
30.6917196962332,46.3458066716819
30.6560126367312,46.3498548555377
30.7210622729456,46.5529963198028
30.8063530937151,46.5729205811442
30.7300026704341,46.4719678717469
30.7173931525124,46.3884925214494
30.7035891580166,46.3872906606424
30.642444940862,46.4444995948913
30.642255382623,46.4368980052067
30.6361220050837,46.4438608814385
30.7032463951736,46.3765674714069
30.7102704367671,46.4047464294283
30.8072593378985,46.5906156425757
30.7221658654326,46.4992796188268
30.7451205891615,46.4468835253841
30.7504022529698,46.4569050294181
30.702820538308,46.5133619010662
30.7418955024114,46.4399422394662
30.7088059046197,46.4311729736383
30.7495894895617,46.4689938060076
30.7278604026653,46.4892347252862
30.7585143069211,46.4442477078959
30.7353959918352,46.4510954357869
30.79801512789,46.5698763468847
30.6370464260845,46.4388285391077
30.7048900988071,46.4774554098625
30.7081151855573,46.4313025155217
30.7121504390273,46.4882163821474
30.6429331182445,46.4426374303177
30.7088136946843,46.470735424662
30.7121166820806,46.3813965049485
30.7241705087265,46.473743675065
30.725546753475,46.3699734297041
30.6445248881139,46.4509065205403
30.7422252818134,46.4624555392824
30.7585117102329,46.4334417557904
30.6755371353419,46.468364088519
30.70853065567,46.4188808882596
30.7457749545891,46.4555628315708
30.7487533559598,46.4606977278927
30.7466552318905,46.4560108305841
30.7225943189863,46.5046807956867
30.636950348621,46.4413420114839
30.8038187260274,46.5747629545968
30.6563424161332,46.3500599635197
30.7186785131737,46.4219952910392
30.7032152349151,46.3814396855763
30.6363349335165,46.4429738793759
30.7573406038526,46.439841484668
30.7482262282543,46.4766871545263
30.7453075507123,46.4465092932766
30.6465139512786,46.4389346914843
30.7248923880474,46.5029445746108
30.6390718428842,46.444564365833
30.7113194988018,46.4744399626882
30.7028439085018,46.3750705429767
30.6900759925996,46.4948913875272
30.7259518368349,46.4311225962392
30.7433730179998,46.4429504898692
30.6592662870516,46.4449835777612
30.751547392468,46.4505376860112
30.7063364541371,46.4210902970484
30.7985396589073,46.5700220815035
30.6392224508,46.4518636911231
30.7453958381112,46.4449601882545
30.6133568395936,46.4953016034913
30.7062793269966,46.4233554808147
30.7243366967716,46.3941257941837
30.7277461483843,46.4805230336287
30.6361427785893,46.438403929601
30.7310257655868,46.4725706013432
30.760035966209,46.4339941079876
30.7299325598526,46.428240289334
30.6549739614494,46.3491045921297
30.7603553588582,46.557728196932
30.716943925453,46.474297826455
30.6543377728392,46.3490218292598
30.759236186242,46.4354388598258
30.7225423852222,46.5005462505754
30.6362726129996,46.4436215887929
30.6426526759184,46.4391451970448
30.7297455983019,46.4534361856519
30.7206286260154,46.4113026880817
30.6455349998255,46.4474430743526
30.643675771071,46.4518187113025
30.7986565098766,46.5730861068841
30.711981654294,46.4296868403651
30.7032048481623,46.4516783742621
30.6256106112313,46.4710754721059
30.6377994656639,46.4441325595551
30.685918694784,46.3452237332067
30.7118336430663,46.4726029868141
30.6448261039456,46.4381430466415
30.7190939832865,46.4223065513979
30.7669171899513,46.5571002786361
30.8098300592211,46.5800255936092
30.6935321846,46.4753161695938
30.7102133096266,46.4795460719248
30.6522188752642,46.3510495195733
30.6489496448146,46.4435694122009
30.7066636368509,46.4214267461066
30.7511397124199,46.4270474244912
30.7103743042953,46.5580646459902
30.6602582219458,46.4945117578412
30.6417256582293,46.4429288995553
30.7146822100268,46.4180874442239
30.6863185847675,46.4814784050186
30.7066039130222,46.460652748072
30.7103379506604,46.4875272912955
30.6712136494812,46.3318305418192
30.6464698075792,46.3777999184918
30.7283044363483,46.472070425738
30.7064195481596,46.4651543285196
30.7451413626672,46.4338213854764
30.7326512924029,46.4561907498666
30.7237005081615,46.5006272142525
30.6456284806009,46.4425150852056
30.7566706582958,46.4389023060135
30.6819223916371,46.444924204398
30.6472514107288,46.3654412629785
30.6339226101744,46.4001746804605
30.6905278163473,46.4603846683411
30.640858364369,46.4366299254758
30.765213762489,46.4309066931003
30.7251780237499,46.4138953249422
30.7110754101105,46.3937443653048
30.7295430566219,46.4703737869042
30.72228531309,46.3854860702392
30.7067908745729,46.4716566113883
30.705726232409,46.4702766304917
30.704851148484,46.4722737345272
30.8101182916118,46.5776488598877
30.711194857768,46.4797079992791
30.7113688358777,46.4810807834044
30.7137759658434,46.4196311516675
30.6408505743043,46.4442207200035
30.7055418675465,46.5134608566716
30.6962405303975,46.4322290998265
30.7120621516283,46.4608182738119
30.7117635324848,46.3814684726615
30.7058378900018,46.4069090592036
30.6386719529006,46.4518349040379
30.6489496448146,46.4435208339947
30.7073387757841,46.5578325501158
30.7214699529937,46.4901181289631
30.6547584363284,46.3507562511429
30.7060923654458,46.5127519746986
30.6951732915453,46.4908953802634
30.7081723126978,46.4765846005353
30.6406714028182,46.4368836116641
30.6410271491023,46.453835606459
30.712794417702,46.4149586479016
30.6838335541557,46.3928951462916
30.6522656156519,46.3490236284526
30.7389898083104,46.4685476061871
30.7254273058176,46.4272057534597
30.7134929268291,46.4681283942589
30.7052068947681,46.3875911258442
30.7040929155283,46.3857289612705
30.70294777603,46.4429954696898
30.7060612051874,46.4607571012559
30.7055782211813,46.5136677638464
30.6469034545093,46.4423891417079
30.7148717682657,46.4455935041288
30.7049887729589,46.5138296912006
30.7297066479788,46.4528280584771
30.7255831071099,46.4965286529977
30.6200926487965,46.4593177469961
30.7561565140313,46.440016006372
30.7118829801422,46.4129957285298
30.7684803962505,46.5564363764838
30.7407062192137,46.4610683616146
30.7407945066126,46.4313564913065
30.7155962442748,46.3901063974132
30.7410463853685,46.4337692088845
30.7219061966121,46.5115447163132
30.7069310957359,46.3958422241385
30.6554958957785,46.3502650715017
30.6355689104961,46.4380746773141
30.7237991823133,46.4150683986639
30.7919207006737,46.578775154596
30.6957134026919,46.4771243583827
30.7237913922487,46.3967706076361
30.7457619711481,46.4721244015227
30.7585480638677,46.4333895791984
30.7760055986675,46.5698187727143
30.7065805428283,46.4465236868192
30.7291847136497,46.4246401044916
30.7304908478166,46.4577218629605
30.7180163576815,46.4225530408149
30.6433252181634,46.4429774777616
30.6938178203025,46.4904347869003
30.6428967646096,46.4428155504074
30.7581637540134,46.4549043269969
30.7071310407277,46.4045197311323
30.7278396291597,46.4721154055586
30.6549713647612,46.3499430159861
30.6455635633958,46.4370761252964
30.7369254411877,46.466813184304
30.7222905064664,46.5002080023244
30.7127217104323,46.3980480345417
30.7038254566432,46.3817491467422
30.7231578003267,46.38909165266
30.6326580230187,46.5022518853733
30.7513422540999,46.4150432099644
30.7460502035388,46.4550482624229
30.7007068341094,46.4819659862741
30.8101624353113,46.5825048813217
30.6320374145378,46.4429360963266
30.7171854174561,46.4674680904922
30.7019039073718,46.3653279138306
30.7053652927485,46.3880805062925
30.7181643689092,46.4030569873658
30.631824486105,46.4444150328286
30.6575368927073,46.3498278676453
30.7100756851518,46.4505682722892
30.6892450523742,46.4775885501315
30.8061167950885,46.5788939013224
30.7523263989294,46.4676983871738
30.6397469818174,46.4383031748029
30.7121114887042,46.4796000477096
30.6459712434439,46.4749419374863
30.7058041330551,46.4037748653029
30.7212752013784,46.4110903833284
30.8098118824037,46.5808244352234
30.702160979504,46.4785151344363
30.7043707611662,46.3893831218976
30.6933867700606,46.4289023922935
30.7460891538619,46.4480530007202
30.7070894937164,46.4018731184871
30.6952278219976,46.4773618518356
30.7518330281705,46.4613688268163
30.7135604407224,46.4602857127358
30.7033762295838,46.4724410594599
30.6763576888145,46.4877521903986
30.7223761971771,46.4968758972129
30.7266711194676,46.5040654717407
30.7277201815023,46.38091971885
30.6548285469099,46.3493061017261
30.6996967223978,46.4765090344366
30.7451569427964,46.4337836024271
30.7485534109681,46.4387547722019
30.8049508820846,46.5746352119062
30.7386392554028,46.4850623971255
30.7396052234149,46.4727073399979
30.7249962555756,46.4244691811733
30.7306959861848,46.4298703580332
30.8068049174627,46.578733773161
30.643473229391,46.4432527542638
30.7233421651893,46.4927521472586
30.7326227288326,46.4709855124646
30.7493168373002,46.4373082211708
30.7744787460032,46.5608210093977
30.7522459015951,46.425437146913
30.7056561218275,46.4219251225191
30.7495219756684,46.4304856819793
30.7113272888664,46.4791754382029
30.6350028324675,46.4383157691526
30.7054042430716,46.4043685989351
30.8004560148024,46.5698439614139
30.6577576112047,46.3496911289906
30.7291431666384,46.4246652931912
30.668432596414,46.4915143025951
30.7671456985133,46.5567854198918
30.6220739218966,46.5117228364028
30.6397158215589,46.4409192011701
30.7146458563919,46.3913928202829
30.6840750461587,46.4477399411687
30.6306793466068,46.4833279752425
30.7996588315235,46.5704448918174
30.6433070413459,46.4373046227851
30.7690724411611,46.438927494713
30.6547402595109,46.3492989049548
30.7652916631352,46.4428353415284
30.7071102672221,46.4045701085314
30.732513667928,46.4708181875319
30.6183009339353,46.4862120813406
30.7133942526773,46.4703396022405
30.713770772467,46.4198344604567
30.6960198119001,46.4288682076298
30.7149756357939,46.4983242474369
30.6816367559346,46.4526841230512
30.6524266103206,46.3493061017261
30.7272501809372,46.4735817477108
30.7644477394687,46.4764136772169
30.7461281041849,46.4479990249355
30.6920235087531,46.4667286222412
30.6419801336734,46.4418475846676
30.6905849434878,46.4966114158677
30.6916340055224,46.4886805738961
30.7205377419282,46.4115275871848
30.707427063183,46.4316983379432
30.7411087058854,46.4628657552465
30.7342274821431,46.4816853121935
30.6941527930809,46.3721594489862
30.726473771164,46.4961472241189
30.644145771636,46.443270746192
30.7438144549946,46.4724032764105
30.7100627017107,46.421196449425
30.6832960396973,46.457131727714
30.7243107298896,46.500488676405
30.7480210898861,46.4623205998206
30.6795412285534,46.3382554593964
30.6413023980519,46.4417810145331
30.758462373157,46.4521335700468
30.7983501006684,46.5702002015932
30.7946368365358,46.5744408990812
30.713098230222,46.4922933530883
30.813330394921,46.5815405139677
30.6433927320567,46.4394060800044
30.7981345755474,46.5700904508309
30.7107612108378,46.4795424735392
30.7574496647572,46.4491181228725
30.7645178500502,46.4312287486159
30.7211090133333,46.4701470886083
30.7980722550305,46.5733811745074
30.7267308432963,46.4901433176627
30.6441301915068,46.4414247743538
30.7065597693227,46.4604188530048
30.714913315277,46.4983602312934
30.6399936671968,46.439769516955
30.751736950707,46.4043991852131
30.7139083969418,46.4008871608191
30.6433200247869,46.4394132767757
30.718935585306,46.4044801488902
30.6394743295559,46.4382959780316
30.6947292578624,46.4890404124611
30.6724211094963,46.4825507239422
30.8010143027664,46.5699519129834
30.7227371368376,46.4244853739087
30.7125892793339,46.4082152731944
30.6601647411704,46.3814882637826
30.6944617989773,46.3506662915016
30.6332266977355,46.4432077744432
30.7243366967716,46.4226789843126
30.6157016490424,46.4827288440318
30.6702736483511,46.4830473011618
30.7254532726996,46.4912480220571
30.7371098060502,46.467101055156
30.7519083321285,46.4613796219732
30.6947292578624,46.4300142934592
30.7562110444836,46.551310476126
30.6426215156599,46.4539201685218
30.7210570795692,46.4800930265436
30.7153521555836,46.3829474091635
30.7202235426555,46.4121932885299
30.8102195624518,46.5797449195286
30.720179398956,46.4671946131829
30.746712359031,46.4441883345326
30.7122802734375,46.414143613552
30.6948071585085,46.4295051218898
30.7122439198026,46.4206476956135
30.7027244608444,46.4928043238505
30.7050874471107,46.5140060120975
30.7306076987858,46.4295698928315
30.7180397278754,46.4031055655721
30.7283615634888,46.4311064035038
30.7428017465948,46.4708667657382
30.7084345782064,46.4312323470016
30.6349508987034,46.4383553513948
30.7644321593394,46.4776497226875
30.7110078962172,46.4665325102233
30.7080710418578,46.4915610816086
30.6410686961135,46.4762751393694
30.6700685099829,46.4831030761394
30.6549791548258,46.3492053469279
30.6926129569756,46.4764280707595
30.764439949404,46.4775579638535
30.6982711405735,46.4298361733695
30.6367711771349,46.443650375878
30.6576329701709,46.3500761562551
30.7400180968394,46.4796288347948
30.7912481584287,46.5787877489458
30.6458699726039,46.443968833008
30.6429331182445,46.4428803213491
30.7090266231171,46.3914144105968
30.6365115083144,46.439472650139
30.7036047381458,46.3871053437815
30.8058207726332,46.5728827980949
30.6583989931913,46.4919011290525
30.6376566478126,46.3948490696993
30.7315606833569,46.4771369527325
30.6936646156985,46.4901649079766
30.6916781492219,46.3494518363449
30.6902162137627,46.4831318632246
30.6927168245038,46.4660233386539
30.7956261747417,46.5703693257187
30.6836959296809,46.486865188336
30.7067363441206,46.4645480005376
30.6549921382668,46.3498710482731
30.7295170897399,46.3906335609108
30.6234709401507,46.509144593085
30.8018374529272,46.5746334127134
30.6863549384024,46.4815989509379
30.7281564251207,46.4296706476297
30.7356115169562,46.4494671662805
30.7670418309851,46.4309660664635
30.729569023504,46.4718725145272
30.7289951554108,46.4530205721094
30.7028413118136,46.4041383022535
30.728821177301,46.4536448920196
30.7076607651214,46.3968389769634
30.7237732154312,46.4226232093351
30.7319112362646,46.5285758755924
30.6907095845216,46.3593078146389
30.7234927731051,46.4970684108452
30.7267671969312,46.4735889444821
30.7388028467597,46.4781858821493
30.7133241420958,46.4703503973975
30.6125778331322,46.5148390383753
30.6523772732447,46.4506960149798
30.7006808672274,46.4788965633151
30.6886582008399,46.3490937969728
30.759147898843,46.4727109383836
30.6122714239241,46.4866708755109
30.728997752099,46.4536035105846
30.8080149741661,46.5917203469702
30.6444573742206,46.4420976724703
30.6423826203451,46.4391775825157
30.726663329403,46.4164645722959
30.6817769770976,46.4518654903159
30.6557607579754,46.3504971673761
30.6369088016097,46.4401941264617
30.640313059846,46.4765648094142
30.6406376458716,46.4466334375815
30.7153651390246,46.3980516329273
30.7650086241209,46.4367522705879
30.7326045520152,46.4846018037624
30.6767134350986,46.4683766828687
30.63818117883,46.4508975245762
30.7358088652597,46.4915071058238
30.7730194072322,46.5681473225801
30.7943200405748,46.5703387394407
30.7250559794043,46.4230316261063
30.7080944120516,46.482727044839
30.6423358799574,46.450735597222
30.7209610021056,46.4281341369573
30.6463581499864,46.4422991820666
30.7227319434612,46.3870639623465
30.8038187260274,46.5707183691267
30.8058934799029,46.5726003248214
30.7978956802326,46.5779115420401
30.7371020159856,46.4651435333626
30.6434368757562,46.45402092332
30.7251520568679,46.3912524832426
30.7148691715775,46.5000550709343
30.6369425585564,46.4399332435021
30.6445716285016,46.4398882636815
30.6663370690329,46.4711600341686
30.672441883002,46.4694454034066
30.6450156621846,46.4380998660137
30.6427046096824,46.4442585030528
30.6439847769673,46.4413995856543
30.7026257866927,46.4248560076306
30.6336058142134,46.4479450491507
30.7057080555916,46.4693644397295
30.7996536381471,46.5816538631156
30.7094628667355,46.4682975183844
30.6986944007508,46.3740845853087
30.7497037438427,46.5462223588176
30.7323163196245,46.4565937690594
30.7209246484707,46.4113044872745
30.6486821859295,46.3889009382206
30.694420251966,46.4115419807274
30.7388054434479,46.4586160617944
30.747815951518,46.375498750869
30.6408557676807,46.454954704396
30.6333045983817,46.4431969792862
30.7405400311686,46.4762481514771
30.7721858703185,46.5667511489481
30.7080346882229,46.4313331017997
30.6560360069251,46.3501013449546
30.7235836571923,46.5011849640282
30.7055730278049,46.3879131813598
30.7260946546862,46.3870945486245
30.7142225962146,46.4931335761374
30.8099884572016,46.5807938489454
30.6700425431009,46.4946754843882
30.6592351267932,46.4494563711235
30.6563605929506,46.3495849766139
30.6442574292288,46.4537492452034
30.7214284059824,46.5531528495786
30.639539246761,46.4443232739945
30.7178267994426,46.4260488724734
30.6515774932777,46.4947942311147
30.6397262083117,46.4444870005416
30.6438964895684,46.4415615130085
30.6425955487779,46.4373100203636
30.8076436477528,46.5725715377362
30.710332757284,46.4211748591111
30.683659576046,46.4476805678055
30.7475770562031,46.445868780631
30.6332526646176,46.4430170600037
30.7596776232367,46.4732417002669
30.6976167751459,46.3783972505096
30.7454192083051,46.446536281169
30.7521290506259,46.4701902692361
30.7099951878174,46.487162055152
30.6363738838395,46.4430026664611
30.7108417081721,46.3885482964269
30.7327395798018,46.4844974505786
30.7170374062284,46.478507937665
30.7219217767413,46.4124343803685
30.7217841522665,46.3847663931093
30.7206701730267,46.4275835839529
30.6642493317163,46.5204939014235
30.7555255187975,46.4639848531835
30.7288263706774,46.3865781802838
30.6440107438494,46.4370581333681
30.6401209049188,46.4516603823339
30.745266003701,46.4548161665485
30.6547402595109,46.3505205568828
30.7280992979802,46.4224504868239
30.7279824470109,46.4743482038541
30.6448832310861,46.4406655149818
30.7723312848579,46.5664200974684
30.7997730858045,46.5706464014137
30.7229059215709,46.4251960550745
30.7773351030283,46.5681167363021
30.7104522049414,46.4215400952546
30.6810369209593,46.3338726256753
30.8133252015446,46.5939513460729
30.6989800364533,46.4047374334641
30.7039397109242,46.3712850412734
30.7239627736702,46.4179039265557
30.6548700939212,46.3499466143717
30.7067804878201,46.4617178702243
30.7083566775603,46.4078068564232
30.7663822721811,46.4304694892439
30.7129320421769,46.416545535973
30.7499634126632,46.4430728349813
30.7461281041849,46.4556797791044
30.7236875247205,46.4780275531807
30.6406765961946,46.4365453634131
30.7107975644727,46.409390146109
30.7197821056607,46.3988432777702
30.6409051047566,46.4428443374926
30.718135805339,46.3831039389392
30.8071502769939,46.5773825793496
30.6393990255979,46.4955570888724
30.7181591755328,46.4218063757926
30.719608127551,46.4279973983026
30.7239497902291,46.3957990435107
30.6948045618203,46.4318998475395
30.7451984898077,46.4385226763275
30.6984892623827,46.4268063326526
30.6355481369905,46.4442063264609
30.7054328066419,46.4036867048545
30.7125139753759,46.4205145553445
30.7228046507309,46.3828178672801
30.7101328122923,46.3953384501476
30.6911666016456,46.3735610201967
30.7268632743947,46.4179992837754
30.6554958957785,46.3504647819052
30.7054613702121,46.5141157628598
30.6834154873548,46.3395544766159
30.7402336219604,46.4786374795483
30.7051082206163,46.5144504127252
30.7995861242538,46.5705384498442
30.6404818445793,46.4444546150707
30.6491392030535,46.4439652346224
30.6864172589193,46.4815593686957
30.7351233395737,46.4814532163191
30.7614018242046,46.4337170322925
30.6348600146162,46.4495175436796
30.6591831930291,46.4473315243975
30.7110494432285,46.3936957870986
30.7118985602714,46.4097535830596
30.6926571006751,46.3431726533865
30.6555114759077,46.3502074973313
30.6444911311672,46.4400303999146
30.6421774819769,46.4368602221574
30.70873319735,46.4763561030465
30.7970491598779,46.569894338813
30.7113999961361,46.4053455606389
30.7053341324901,46.3899588636016
30.7116804384622,46.3961930667394
30.7650319943147,46.4368314350722
30.7494388816459,46.4593807187449
30.7066740236037,46.4033592517604
30.7652163591772,46.430960668885
30.7258323891775,46.4216552435954
30.6954719106889,46.4325511553421
30.7112364047792,46.3811913969665
30.7237057015379,46.4689236374874
30.7176346445155,46.4225242537297
30.6865860436526,46.4855391832241
30.7193692322362,46.3983125158869
30.6843788586787,46.4449278027836
30.712197179415,46.4795982485168
30.7493246273649,46.4588985350679
30.709977011,46.4051818340918
30.7064169514714,46.4657156766809
30.705066673605,46.3876900814495
30.7502386616129,46.4267631520248
30.7060352383053,46.5127825609766
30.6424994713143,46.4451185172231
30.6443431199396,46.4434794525597
30.7053652927485,46.5135706074339
30.7319242197056,46.528507506265
30.6255950311021,46.5061093547896
30.6405052147731,46.4417558258336
30.6929998635181,46.4101853893375
30.7079412074476,46.3884403448575
30.6153459027584,46.4865989077979
30.7258583560595,46.4947852351506
30.7208441511364,46.3911391340946
30.7128333680251,46.4688102883395
30.7167595605905,46.4670542761425
30.7087098271561,46.4174343372285
30.7234330492764,46.5016959347905
30.7221944290028,46.49727531802
30.7993705991328,46.5765603482287
30.6341251518543,46.4439940217076
30.7476160065262,46.4488824286124
30.712324417137,46.381052859119
30.6735896191884,46.3267136374256
30.6946305837106,46.3506950785868
30.6461348348008,46.4407410810804
30.7091538608391,46.4867680319234
30.712983975941,46.4915340937162
30.7116129245689,46.488189394255
30.7215400635752,46.4112739009965
30.7991654607647,46.5715082147768
30.764769728806,46.4765126328223
30.6910289771707,46.3737067548155
30.7125477323226,46.4774032332705
30.6226867403129,46.4447154980303
30.6917950001911,46.3473683710538
30.7326746625967,46.3860006393871
30.648700362747,46.5185201868948
30.7572601065182,46.4332222542657
30.6420580343195,46.4369645753412
30.6366673096067,46.4425708601832
30.7371357729323,46.4513023429618
30.7064221448478,46.5015555977501
30.6086256736848,46.4866276948831
30.6576329701709,46.349615562892
30.7420409169508,46.4537042653828
30.7116596649566,46.3894137081757
30.7346637257615,46.4468241520209
30.7390936758386,46.4689704165009
30.7529703776042,46.4670794648421
30.6254262463688,46.5063774345205
30.6441301915068,46.4395410194663
30.6484432906147,46.3470103316817
30.7022077198917,46.3500509675555
30.6401520651773,46.454913322961
30.7093434190781,46.4879572983806
30.6521150077361,46.349297105762
30.6430473725255,46.4373154179421
30.7214284059824,46.4159895853902
30.6546805356822,46.4750282987419
30.7988746316857,46.5710386254495
30.7610902216201,46.4317235266427
30.7199898407171,46.4045629117601
30.754910103693,46.4585099094177
30.7577378971479,46.4490767414375
30.7288289673657,46.4533966034098
30.7034099865305,46.4483030885229
30.6443249431221,46.4631572244841
30.6448261039456,46.442819148793
30.6927401946976,46.3737985136496
30.7554709883452,46.4072005284412
30.6369010115451,46.4402552990177
30.7128359647133,46.4689650189224
30.7045187723938,46.4650967543492
30.6541741814823,46.349790084596
30.7364502472463,46.4650751640353
30.7676182957665,46.556465163569
30.7041993797447,46.5145943481512
30.7460995406147,46.4654008179366
30.7025712562404,46.433506526732
30.6196823720601,46.4687113327341
30.6897540032623,46.3472748130269
30.7983345205392,46.572697481234
30.6289811125209,46.5058196847448
30.6502973259928,46.4971871575716
30.7381536747085,46.4518528959661
30.6871599117458,46.4802747450189
30.6980608088289,46.3787229044109
30.6368438844046,46.4413132243987
30.7256817812616,46.4682219522858
30.6957990934027,46.4328030423376
30.7244457576762,46.3986759528375
30.745367274541,46.4640118410759
30.7057418125382,46.4028446826125
30.6364388010447,46.4382905804531
30.7423629062882,46.4794291243912
30.752448443275,46.4675868372187
30.7051575576922,46.3896116193864
30.7169595055823,46.4957406065405
30.7493557876233,46.4583263917496
30.7359049427233,46.4509766890605
30.6816731095694,46.3349395470204
30.7114155762654,46.4075135879927
30.7055288841054,46.4719102975765
30.7093538058309,46.4112667042252
30.6430863228485,46.4445607674474
30.7051341874983,46.5146699142498
30.7452348434426,46.4492584599128
30.7053575026839,46.5145025893171
30.7473926913406,46.4527614883426
30.7068817586601,46.3958026418964
30.7985838026068,46.5705744337007
30.7081437491275,46.3984510537344
30.7041941863683,46.3875785314944
30.7980670616541,46.5707309634765
30.7389222944171,46.457439389687
30.7031684945274,46.3720766861163
30.7214725496819,46.3750219647704
30.6736519397053,46.5017031315618
30.7977814259516,46.569852957378
30.6828260391323,46.3443457271082
30.7173801690714,46.4262665748052
30.6665863511005,46.3343907932088
30.7227864739135,46.5013145059116
30.6384460410268,46.4702172571285
30.708416401389,46.4836338380227
30.721155753721,46.4167254552555
30.6379890239028,46.467757760537
30.7475640727621,46.4489418019757
30.645921906368,46.4482904941731
30.7141213253746,46.4151547599195
30.7080320915347,46.4820109660948
30.699229318521,46.3642753860281
30.7055003205352,46.4011336502361
30.7226306726212,46.423763897586
30.7246768629264,46.4232313365098
30.6463399731689,46.4405701577621
30.7148458013837,46.4174433331926
30.7035398209407,46.3886346576825
30.6439795835909,46.4373532009914
30.7229890155934,46.4161317216233
30.7105950227927,46.4140518547179
30.7062611501792,46.4323766336381
30.6453973753507,46.4472127776711
30.7785763199901,46.560263259622
30.670094476865,46.4912102390078
30.7982540232048,46.5683902136115
30.726003770599,46.4946700868098
30.7279331099351,46.3877386596558
30.652418820256,46.3492431299772
30.7013897631073,46.4247768431463
30.6460647242192,46.4415849025152
30.6357506786704,46.4438212991964
30.6939840083476,46.4060130611769
30.7264192407117,46.4380998660137
30.6413335583104,46.4432797421561
30.722615092492,46.4238214717564
30.7686258107899,46.5562276701161
30.7085410424228,46.4705069271732
30.7607578455299,46.430026887809
30.6227906078411,46.4443430651156
30.7442948423125,46.4751902260961
30.7087513741674,46.4056352306837
30.6410193590376,46.4430062648468
30.8132602843394,46.5824041265235
30.7185642588927,46.4628261730043
30.7413683747058,46.4661744708512
30.7075231406466,46.4027547229712
30.7317554349723,46.4695119735411
30.6392302408646,46.4518187113025
30.6404065406213,46.4414175775825
30.710434028124,46.4707102359624
30.7115064603525,46.4631698188339
30.7177437054201,46.4225638359719
30.7406049483737,46.4795694614316
30.6483420197747,46.4484218352493
30.7273929987885,46.46759403399
30.7039864513119,46.3853889138267
30.7984254046263,46.5698313670641
30.7224696779525,46.4244331973168
30.6511022993362,46.3460765506057
30.7984020344325,46.5704610845528
30.7988668416211,46.5701138403376
30.6972220785388,46.4707192319266
30.7220230475813,46.384748401181
30.714240773032,46.4166660818923
30.6548363369745,46.3500419715914
30.7462189882721,46.3967004391159
30.7493168373002,46.4587779891486
30.7944836319317,46.5701660169295
30.6410764861781,46.4442117240394
30.7953716992977,46.5703135507412
30.7218568595362,46.3848095737371
30.7078866769953,46.3527965358061
30.721498516564,46.411648133104
30.6227308840124,46.4444798037703
30.681782170474,46.4518205104953
30.7512435799481,46.4504621199126
30.7064299349125,46.4213691719362
30.7041422526042,46.4030102083524
30.6396690811712,46.4443754505864
30.6202069030775,46.4587671939917
30.7354686991049,46.451073845473
30.6432499142054,46.4373657953412
30.7028750687603,46.5133295155954
30.7174814399114,46.3991257510437
30.7043240207785,46.3841852538269
30.6836439959168,46.4481573539041
30.7582780082944,46.4341884208126
30.7468733536997,46.3901765659334
30.7259310633293,46.4680978079809
30.6554907024021,46.3505277536541
30.6374437193799,46.4442027280752
30.7521835810782,46.4687779028686
30.6391549369067,46.4517251532756
30.6945163294296,46.3948184834212
30.7213738755301,46.5529315488612
30.7308102404658,46.4519626467284
30.7437884881126,46.4420221063716
30.7140641982341,46.4147211544487
30.7434405318931,46.4847475383812
30.7013663929134,46.4242262901419
30.7387249461135,46.4712391986529
30.7289665918405,46.387520957324
30.6770769714472,46.4885294416989
30.7240302875635,46.4777954573063
30.747587442956,46.4752442018808
30.7238329392599,46.3916141210003
30.644475551038,46.4432275655642
30.6910056069769,46.4821567007136
30.6592896572455,46.4496021057424
30.6656203830884,46.3327481301598
30.6376306809306,46.4438752749811
30.6435537267254,46.4371786792874
30.76532801677,46.4361117579423
30.6265791759316,46.4339869112163
30.6977855598792,46.4852675051076
30.6573655112858,46.3495669846857
30.7472161165427,46.4653630348873
30.6869885303243,46.4802297651982
30.7390729023329,46.4690243922856
30.7045005955764,46.5585234401605
30.710966349206,46.3864864214498
30.8095470202068,46.5825714514562
30.8106324358763,46.5787733554032
30.7274942696285,46.4720776225093
30.7074530300651,46.4188880850309
30.7211583504092,46.4523746618853
30.644919584721,46.4422578006317
30.7667821621646,46.5550653915513
30.6356753747125,46.4384255199149
30.6584509269554,46.491937112909
30.8035538638305,46.5798096904702
30.7435599795506,46.4847619319238
30.6133724197229,46.4865323376634
30.6854123405841,46.4560630071761
30.7299922836813,46.4703360038549
30.8121930454873,46.5825678530706
30.7452893738948,46.4451023244876
30.6904447223247,46.4966096166749
30.638295433111,46.4444941973129
30.799017449537,46.5773358003362
30.7125269588169,46.4771747357818
30.7079152405655,46.4314788364185
30.7318593025005,46.3875407484451
30.7119453006591,46.4057647725671
30.740685445708,46.4682309482499
30.7168270744838,46.4955750808006
30.6444521808442,46.4450843325594
30.7081307656865,46.3982891263802
30.6921715199808,46.4821027249288
30.6370464260845,46.4407932576723
30.7275565901454,46.4300898595578
30.6460387573372,46.437038342247
30.7080476716639,46.3980156490708
30.7829439495503,46.5623935039266
30.7156144210923,46.483004120534
30.80753199016,46.5757525106504
30.7040305950114,46.4004337642273
30.7424304201815,46.4625185110313
30.747371917835,46.4749581302217
30.7403245060476,46.468250739371
30.6417905754344,46.4444672094205
30.6389134449037,46.4539255661003
30.7207584604256,46.4168280092465
30.7375798066153,46.3960239426138
30.7354375388465,46.4934034550611
30.7127243071205,46.4772287115665
30.6338395161518,46.4430692365956
30.7292730010486,46.4577308589246
30.7079567875768,46.3977871515821
30.7324902977342,46.4463383699582
30.7595633689557,46.5738237759423
30.7291483600148,46.4715936396394
30.6852227823452,46.332602395541
30.8000613181953,46.5815081284968
30.7431652829435,46.448805063321
30.7541830309957,46.4038036523881
30.7184110542886,46.486300241789
30.643345991669,46.4429001124701
30.7527470624186,46.4702262530926
30.6520111402079,46.3492917081835
30.8050729264302,46.5789586722641
30.6395574235784,46.4528046689704
30.7145783424986,46.3898958918527
30.7269152081588,46.4158384531929
30.7277980821484,46.4298595628763
30.6410167623494,46.4445085908555
30.8063790605971,46.5908243489434
30.6488016335869,46.4476499815275
30.751305900465,46.4058799209079
30.7409555012813,46.4694022227788
30.7142070160853,46.4150090253007
30.6391886938534,46.4445463739048
30.6553712547447,46.3503424367932
30.7087929211787,46.4173695662868
30.7286627793206,46.4904077990079
30.7560734200087,46.4400321991074
30.6435355499079,46.4396345774932
30.7398207485359,46.4580313241264
30.7130852467809,46.4906848747029
30.6542624688813,46.3498638515018
30.7594075676635,46.4349944591981
30.7015845147226,46.3683955375968
30.6436368207479,46.4428641286136
30.7045707061579,46.3862021489835
30.6423462667102,46.4392369558789
30.7055081105998,46.4689326334516
30.8056883415347,46.5735646921755
30.7191537071152,46.5081874225022
30.7038981639129,46.3853979097908
30.7592829266296,46.4356799516644
30.6732832099803,46.4733568486077
30.751191646184,46.4466028513035
30.7456581036199,46.4448126544428
30.6402844962757,46.4542800070867
30.7222723296489,46.4708703641238
30.6402767062111,46.3922798223455
30.754097340285,46.4644292538112
30.7278396291597,46.4287206738182
30.6518787091094,46.3893885194761
30.7409269377111,46.4710646769489
30.8011986676289,46.5748996932515
30.702464792024,46.4251330833256
30.6651244156413,46.491967699187
30.6883907419548,46.479790762149
30.690969253342,46.4462825949807
30.798459161573,46.5706607949563
30.6562697088635,46.3499016345511
30.7174269094591,46.4130479051217
30.671211052793,46.3317819636129
30.7090499933109,46.4353866832339
30.6757630472157,46.4446831125595
30.7293586917594,46.4719858636752
30.7112493882203,46.4093685557951
30.7107378406439,46.4796720154226
30.7299896869931,46.4899382096807
30.6431122897306,46.4397641193766
30.6403935571803,46.4414679549816
30.7188992316711,46.495078503581
30.7113298855546,46.4787382343465
30.6364959281852,46.4385838488835
30.7282940495955,46.4511817970425
30.7065493825699,46.4639704596409
30.7830659938959,46.5624258893974
30.6418892495862,46.4368836116641
30.6732156960869,46.3332465065723
30.7973737459035,46.5696874316381
30.6436939478884,46.4753071736297
30.7938552333862,46.5702613741492
30.7047602643969,46.3875137605527
30.762624864349,46.4563634723778
30.683532338324,46.4568492544405
30.6415750503134,46.4510972349797
30.7357153844844,46.4813650558707
30.791632468283,46.5790288407843
30.70563794501,46.3905957778615
30.7063572276427,46.4664191610754
30.7028309250608,46.4041922780382
30.6519825766376,46.4514390816164
30.6387602402996,46.477336663136
30.7151677907211,46.3829042285357
30.7101847460564,46.4064214779481
30.685474661101,46.3333940403839
30.6914808009184,46.4886805738961
30.7466448451377,46.4687383206265
30.7370319054041,46.4671172478914
30.727779905331,46.4720074539891
30.652761583099,46.3503766214568
30.6421229515246,46.4373352090631
30.7267542134901,46.41798309104
30.6382798529817,46.4538140161451
30.795008162949,46.5742393894848
30.6410816795545,46.4441613466403
30.6612735270338,46.4472433639491
30.7028283283726,46.403476199294
30.7836528454302,46.5771180980044
30.694750031368,46.4403578530087
30.7208052008133,46.4171446671837
30.7199560837704,46.4115347839561
30.6453947786625,46.4435460226942
30.6794269742724,46.4598718983861
30.7102029228738,46.4507176052937
30.8110349225481,46.5821234524429
30.6416269840775,46.4431609954297
30.6355377502376,46.4786824593689
30.7145367954873,46.3912722743636
30.7237186849789,46.4117326951668
30.7122413231144,46.4109230583957
30.732817480448,46.4478029129176
30.7244483543644,46.4176610355244
30.7343157695421,46.4728080947961
30.6441120146894,46.4429504898692
30.6398430592809,46.44449239812
30.7404024066937,46.4578334129156
30.8079786205312,46.5762077064351
30.69477599825,46.4294421501409
30.6422398024938,46.4428317431428
30.6804760363071,46.3371633493518
30.7969530824143,46.5699231258982
30.7597347503772,46.4760502402663
30.7482184381897,46.3961840707752
30.8057117117286,46.5775247155828
30.710865078366,46.3884439432431
30.6366699062949,46.4423099772236
30.7054068397598,46.3874220017186
30.6443509100042,46.4427795665509
30.646467210891,46.4366713069108
30.7011612545452,46.556609098995
30.814244429169,46.5899373468808
30.75860259432,46.4440192104071
30.6289499522625,46.4816439307585
30.7915805345189,46.5786672030265
30.7257415050903,46.3677064467449
30.7398155551595,46.4581662635882
30.7584701632216,46.444123563591
30.8027462937989,46.5801533362998
30.7253078581602,46.3911121462022
30.6421956587943,46.4443160772232
30.7131761308681,46.4742438506703
30.7357984785069,46.4341614329203
30.6597414809931,46.4392351566861
30.6899565449422,46.348599018946
30.7051497676276,46.470724629505
30.7114934769115,46.4632255938114
30.7056665085803,46.3965924875464
30.7416176567735,46.4247750439535
30.7296754877204,46.4290733156118
30.7558241379411,46.449821607267
30.7128359647133,46.381443283962
30.709330435637,46.471464097756
30.6393990255979,46.4443322699586
30.6462023486941,46.4400843756994
30.6460205805198,46.4430782325598
30.7052406517147,46.5134626558644
30.690029252212,46.494123132191
30.7125347488816,46.4154030485293
30.6366023924015,46.4416928540847
30.6355637171197,46.443650375878
30.6597830280043,46.4493232308545
30.6522889858458,46.3510351260307
30.6875753818586,46.3505457455824
30.6330111726145,46.4467341923797
30.7396026267267,46.4581158861891
30.8018738065621,46.5744804813233
30.6694920452015,46.4701578837652
30.7455672195327,46.4564912150684
30.6381655987007,46.4510396608093
30.6844827262069,46.3924129626145
30.6415412933668,46.4531321220645
30.6357870323053,46.4384219215293
30.8105233749717,46.5790486319054
30.637737145147,46.4441325595551
30.7214128258532,46.4162090869148
30.6470462723606,46.3384371778717
30.7192290110731,46.4028680721192
30.7319969269753,46.3877170693419
30.6455375965137,46.4429181043984
30.7615446420559,46.4333230090639
30.8127824937098,46.5936688727994
30.7143316571192,46.3826721326613
30.6944436221598,46.4302427909479
30.637508636585,46.4438464878959
30.6871079779817,46.4802189700413
30.6205756328025,46.4565289981177
30.7514175580578,46.4686771480705
30.7131164070394,46.4923365337161
30.6405000213967,46.4440857805416
30.7183435403953,46.4630600680716
30.7092525349909,46.4715144751551
30.7132774017081,46.4162630626995
30.7390625155801,46.3869919946335
30.7014183266775,46.3682534013636
30.6715382355067,46.3334282250476
30.7253260349776,46.3912506840497
30.704025401635,46.3851784082662
30.7079178372537,46.4816637218796
30.7067675043791,46.4018407330163
30.7007224142387,46.4767465278895
30.6846593010048,46.3458624466595
30.702503742347,46.486474763493
30.6388303508811,46.444143354712
30.6358259826284,46.4443232739945
30.7454425784989,46.4691881188327
30.6428318474045,46.4443016836806
30.6963521879903,46.470981914079
30.7407529596013,46.3910743631529
30.7412463303602,46.4653846252011
30.705954740971,46.4546452432302
30.6866717343634,46.4808576834941
30.7470758953796,46.3918570120317
30.7076010412927,46.4064952448539
30.6927661615797,46.3945180182195
30.7117635324848,46.3894281017183
30.6223413807817,46.4444941973129
30.6434965995849,46.436905201978
30.7089772860412,46.4473027373123
30.7305921186566,46.4295069210826
30.7025400959819,46.4786086924631
30.7304856544402,46.3872780662927
30.740088207421,46.459328542153
30.6937035660215,46.3734980484478
30.6796191291996,46.4877953710264
30.7096783918565,46.4038198451235
30.7049238557538,46.5140491927253
30.6947032909803,46.493394459097
30.7447388759955,46.4453488139046
30.7612460229123,46.4334021735482
30.7423966632349,46.470909946366
30.7202858631724,46.4696181259178
30.6363453202693,46.3971466389365
30.6140787189145,46.4680546273531
30.6426007421543,46.436597540005
30.7179774073585,46.3849679027057
30.710561265846,46.4062595505939
30.688468642601,46.449143311572
30.7350116819809,46.4468061600927
30.7086916503387,46.464708128699
30.7036151248986,46.3870639623465
30.7060923654458,46.4527956730063
30.6367659837584,46.4422470054747
30.6230996137374,46.4447604778509
30.759275136565,46.4593123494176
30.7914143464738,46.5787949457171
30.7279227231822,46.4228211205458
30.6463477632336,46.4388897116637
30.6153952398343,46.4996448549702
30.6455609667075,46.4448486382993
30.6578536886683,46.4343719384808
30.6355870873135,46.4437133476269
30.6200407150324,46.45957503157
30.6419411833503,46.444328671573
30.6384148807684,46.453805020181
30.6375657637255,46.4442027280752
30.68700930383,46.4884304860935
30.807443702761,46.5784746893943
30.6399131698625,46.4952476277065
30.7498283848766,46.4451491035011
30.751648663308,46.3995755492499
30.7279408999997,46.525859094427
30.6933945601252,46.3658496797498
30.7472342933601,46.4451005252948
30.6946903075393,46.3390345098895
30.6867652151387,46.4457770217969
30.6437277048351,46.4512555639483
30.7234304525882,46.4248020318459
30.7051757345096,46.387726065306
30.754541373968,46.4658632104925
30.7063364541371,46.4454999461019
30.7119920410468,46.4100072692479
30.6462283155761,46.4414319711251
30.7972127512348,46.5781022564795
30.656365786327,46.3499322208291
30.7988201012334,46.5706176143285
30.7477458409364,46.4338339798262
30.6402741095229,46.4441487522905
30.6143461777996,46.5193046349664
30.6910938943759,46.3494590331162
30.6288382946697,46.5061849208882
30.7146380663273,46.4983278458225
30.7960909819304,46.5702379846425
30.7024232450127,46.4248218229669
30.7020311450938,46.4023139207292
30.6409933921556,46.4368764148928
30.7416280435263,46.4809080608932
30.7084761252177,46.3993920315818
30.7018571669841,46.3653872871938
30.7228851480652,46.4251222881687
30.7272917279485,46.4735295711188
30.6610995489241,46.4472037817069
30.6911873751512,46.4797457823284
30.7611811057072,46.4335119243105
30.708403417948,46.3885896778619
30.6370594095256,46.4407464786589
30.7931619176355,46.5661898007868
30.7154430396707,46.498158721697
30.6363401268929,46.4502768030516
30.7168374612366,46.4258761499622
30.7646944248481,46.432007799109
30.6324476912741,46.4032800872761
30.6431122897306,46.4447820681648
30.705383469566,46.4314104670912
30.622523148956,46.4445715626043
30.7228799546888,46.4784755521941
30.8108168007389,46.5781436379145
30.7623885657224,46.4502156304956
30.6440990312483,46.4368710173144
30.7028594886311,46.4477309452046
30.7264529976584,46.4161892957937
30.6370334426435,46.438877117314
30.6471761067708,46.4423837441294
30.7158169627722,46.479760175871
30.7461073306793,46.4655537493267
30.7031191574515,46.4005651053035
30.6297393454767,46.5058268815161
30.7150535364401,46.4001314998327
30.7333731717238,46.4466748190165
30.6614864554666,46.447182191393
30.7012079949329,46.373116619569
30.7198781831243,46.3988522737343
30.7064714819237,46.4486341400026
30.7601658006192,46.4474520703168
30.6931530681221,46.4750516882486
30.6919663816126,46.4829519439421
30.6910990877523,46.4797547782925
30.7310049920811,46.4573278397319
30.7399142293112,46.4582742151577
30.6987826881498,46.3637572184946
30.7115557974284,46.4167470455694
30.6929946701417,46.3656715596601
30.8084719912901,46.5934169858039
30.6464594208264,46.4374485582111
30.6879025645724,46.4804672586511
30.7300727810157,46.4737292815224
30.7211765272266,46.4117632814448
30.6452857177579,46.4477147524692
30.6450909661425,46.4435424243086
30.7139525406413,46.3937893451255
30.7469642377868,46.4455107412589
30.7500023629863,46.3819542547242
30.7652864697588,46.4369375874489
30.6564826372963,46.3495831774211
30.7073543559133,46.4336846468217
30.6471890902119,46.3384227843291
30.7562681716241,46.4602551264578
30.7157494488789,46.3831687098809
30.6413906854509,46.444400639286
30.6371632770538,46.4387097923813
30.7409113575818,46.4314410533692
30.7242639895019,46.4789883221492
30.7022648470322,46.3499789998426
30.6544442370556,46.3494428403808
30.673267629851,46.5331458253673
30.806428397673,46.5740540726238
30.6367555970056,46.4407770649369
30.8149117780376,46.5941024782701
30.7079178372537,46.4805032425076
30.8109674086547,46.5786510102911
30.6409154915095,46.5340939999859
30.710992316088,46.4094081380372
30.6366127791544,46.4428245463715
30.7986824767586,46.5697126203377
30.6937061627097,46.3734494702416
30.6550155084606,46.3504287980487
30.7245781887747,46.4809026633147
30.7107612108378,46.4124487739111
30.6451688667886,46.443024256775
30.6377786921582,46.4444564142635
30.7400284835923,46.5530718859015
30.6361038282663,46.3973229598333
30.7240666411983,46.4226807835055
30.7226566395032,46.4867806262732
30.6439666001499,46.4390786269103
30.7301195214034,46.4284094134595
30.645350634963,46.4438015080753
30.7148406080073,46.4418169983896
30.8070931498534,46.5754232583635
30.7138928168126,46.4009555301465
30.6935996984933,46.475375542957
30.640897314692,46.4417090468201
30.7429705313281,46.4848249036727
30.6897955502735,46.3560494764333
30.644145771636,46.4371570889735
30.7381536747085,46.4827486351529
30.6433070413459,46.4370707277179
30.7427809730892,46.4459209572229
30.7025297092291,46.4487366939936
30.6949889266828,46.430026887809
30.6400144407024,46.440580952919
30.6952018551156,46.467469889685
30.7317969819836,46.5290220754129
30.7423239559652,46.4848788794574
30.6433044446577,46.4373657953412
30.8046964066405,46.574093654866
30.7991914276467,46.5777909961209
30.7254169190648,46.4750426922845
30.6447378165467,46.4394474614394
30.752105680432,46.4630420761433
30.6854149372723,46.4531699051139
30.7982773933987,46.5762364935203
30.7244717245583,46.4133393743593
30.7242406193081,46.3912470856641
30.7481742944902,46.4445625666402
30.8078202225507,46.5783523442822
30.7447726329421,46.3757776257568
30.6144214817575,46.5194071889574
30.6157354059891,46.4884520764074
30.6246316597782,46.4392351566861
30.6458907461095,46.4441613466403
30.6468437306806,46.4423891417079
30.640224772447,46.4509622955179
30.7097225355559,46.435293125207
30.7302000187377,46.3951369405512
30.61770109896,46.4563976570415
30.751433138187,46.4702406466352
30.7117479523555,46.4839127129105
30.7540428098327,46.5746657981843
30.7572627032064,46.4395374210806
30.6336992949888,46.4005273222542
30.7692983530349,46.4390642333677
30.7216932681793,46.4983044563158
30.6427513500701,46.4369897640408
30.7112182279618,46.4439472426941
30.7286342157503,46.4507697818856
30.662075903689,46.3515766830709
30.7437027974018,46.442264997403
30.7235213366754,46.4225494424293
30.7109092220655,46.3885644891624
30.716715416891,46.4258293709488
30.7058690502603,46.4028932608188
30.7270216723752,46.3909826043188
30.7139161870064,46.4196149589321
30.7178293961308,46.5010284342525
30.6951992584274,46.4320113974947
30.7201352552565,46.3989422333756
30.6461270447362,46.4427975584791
30.7180163576815,46.4094711097861
30.6402403525762,46.4505214932758
30.70853065567,46.4346130303193
30.7010106466294,46.4246419036845
30.8084771846665,46.5773268043721
30.7037163957386,46.3885842802834
30.6717433738749,46.3278813135689
30.6373839955511,46.4387007964171
30.699102080799,46.4745785005357
30.6465399181607,46.4368422302292
30.6340758147784,46.5303840643813
30.7117505490438,46.3830715534684
30.650045447237,46.5292433761304
30.6358233859402,46.4385244755203
30.683773830327,46.4452498582993
30.6798839913964,46.3339535893524
30.6273114420054,46.4810304060053
30.6552466137108,46.4011642365142
30.720851941201,46.4170547075424
30.6947344512388,46.4417270387484
30.6953368829022,46.4318926507682
30.7428406969179,46.4458453911243
30.7115064603525,46.4072652993829
30.7118492231955,46.4095070936426
30.7150535364401,46.485776676677
30.70832811399,46.3989836148106
30.7321293580737,46.438907703592
30.7246249291623,46.498158721697
30.7027218641562,46.3660943699739
30.7996977818466,46.5698925396202
30.7240458676927,46.3914863783098
30.7462345684013,46.466392173183
30.7812690856583,46.5725337546869
30.7243055365132,46.4262827675406
30.7099276739241,46.4046582689798
30.7140771816751,46.4334669444899
30.7466032981264,46.4688732600884
30.7131319871686,46.3891510260232
30.6494014685622,46.448589160182
30.6150498803031,46.4884592731787
30.7604254694397,46.4297857959704
30.7064325316007,46.475622032374
30.7249624986289,46.4967697448363
30.7992070077759,46.5713804720862
30.6581237442416,46.4928529020568
30.7263049864307,46.4210831002771
30.6917690333091,46.3436962184985
30.6101629131019,46.4846845666323
30.638967975356,46.444051595878
30.6447897503108,46.4446597230527
30.7059833045413,46.4691449382049
30.7053419225547,46.3869542115842
30.7084241914536,46.5131046164923
30.6910964910641,46.4527201069077
30.7573198303469,46.4331143026962
30.7414306952228,46.3915889323008
30.746065783668,46.4658128330934
30.7221788488736,46.4995009195442
30.7562214312364,46.4371049123816
30.6945059426768,46.4744543562308
30.7395013558867,46.4712427970386
30.7267542134901,46.4163548215336
30.7202235426555,46.412079939382
30.6806604011696,46.488527642506
30.6845554334766,46.4556347992838
30.6503570498215,46.4715198727336
30.7180033742405,46.4095430774991
30.6425799686486,46.4370293462829
30.7037163957386,46.381997435352
30.7062170064797,46.5128329383757
30.6432005771295,46.4448360439496
30.7374317953876,46.4549169213467
30.7666627145072,46.5565209385465
30.7074867870117,46.3964107690711
30.6460309672726,46.4476121984782
30.7650631545732,46.4759854693246
30.705827503249,46.470909946366
30.7486598751845,46.4593861163234
30.6998421369373,46.4350340414403
30.7332355472489,46.4892239301292
30.7076997154445,46.4340534813508
30.664638834947,46.486186892641
30.7593452471466,46.456361673185
30.6956848391217,46.5049272851037
30.6421515150949,46.4442908885237
30.6618318149978,46.447182191393
30.7057703761085,46.4219071305908
30.6431875936885,46.4397677177622
30.706538995817,46.464472434439
30.7198755864361,46.479832143584
30.7040929155283,46.385005685755
30.7645516069969,46.4767339335397
30.8075787305477,46.5760943572871
30.7752941060994,46.5766629022197
30.7615446420559,46.431217953459
30.7019116974364,46.423866451577
30.6339537704328,46.4464427231421
30.7326616791557,46.474236653899
30.6980426320115,46.435930039467
30.6912834526148,46.4796486259158
30.7151885642267,46.3654286686288
30.7065441891935,46.3954320081745
30.748259985201,46.4651885131833
30.8065686188361,46.5736204671531
30.6131101542142,46.4856759218788
30.7239575802938,46.4181090345377
30.7473745145232,46.4737148879798
30.8082642562337,46.5921611492122
30.6951239544695,46.4293216042217
30.7409840648516,46.4597855371305
30.638523941673,46.4441379571336
30.6415880337545,46.437254245386
30.7587869591826,46.4359732200948
30.7016624153687,46.4727343278903
30.6978686539018,46.4346094319336
30.70459667304,46.386750902795
30.8148961979084,46.5939621412298
30.8177603449981,46.5888506344147
30.7189122151121,46.4950137326393
30.6331513937776,46.4852495131793
30.705040706723,46.4708415770386
30.6945890366993,46.4777090960508
30.7226228825566,46.5049056947898
30.6361817289124,46.4437241427839
30.6425254381963,46.4373298114847
30.6808499594086,46.3264743447799
30.7073283890313,46.4317379201853
30.7367436730134,46.4650211882505
30.8047691139103,46.5741152451799
30.7250274158341,46.3989332374115
30.7510202647625,46.4146114036864
30.7082242464619,46.3964791383985
30.7475303158155,46.4342010151624
30.7904639585909,46.5773951736994
30.712539942258,46.4110202148082
30.7066194931514,46.5127735650125
30.6434083121859,46.437018551126
30.6858070371912,46.4810142132698
30.6962197568918,46.4741323007151
30.6415101331083,46.4442585030528
30.7382341720429,46.4697224791016
30.6438315723633,46.4428767229634
30.6127959549414,46.4865989077979
30.7577301070833,46.4536682815263
30.7514928620157,46.3992606905056
30.7253623886125,46.4966096166749
30.6462906360931,46.4390876228745
30.74629429223,46.4654907775778
30.6946721307219,46.4301150482574
30.6721874075579,46.32749988469
30.645262347564,46.4471156212585
30.7913130756338,46.5789334835646
30.7227189600201,46.4867338472597
30.7052276682737,46.4961472241189
30.755582645938,46.4087982116696
30.7265153181753,46.4361783280768
30.8081551953291,46.5734639373773
30.6817639936566,46.3824004545447
30.6398067056461,46.4406349287037
30.6733221603033,46.4692942712093
30.7066039130222,46.4765540142573
30.7066039130222,46.4623223990134
30.6433096380341,46.439082225296
30.6944747824183,46.4301042531004
30.6346574729363,46.3992408993845
30.7117453556673,46.3811446179531
30.6443171530575,46.4389760729193
30.7122075661678,46.3976450153489
30.7065493825699,46.4644076634973
30.7025972231224,46.3740971796585
30.7375849999917,46.4507391956076
30.7238329392599,46.3917112774129
30.7930087130315,46.566177206437
30.6927142278156,46.3431708541937
30.7529054603991,46.4236685403663
30.6550129117724,46.3505133601115
30.711335078931,46.4788677762299
30.7145186186699,46.4305882359703
30.707946400824,46.4480026233211
30.7577924276002,46.44687452942
30.7539025886696,46.4321949151628
30.7089123688361,46.3885806818978
30.730597312033,46.4519950321993
30.6403935571803,46.4416334807215
30.6961678231277,46.3707596769685
30.7115350239228,46.4072509058403
30.6218895570341,46.4521263732755
30.6170233633386,46.4876838210712
30.6438082021694,46.4449367987477
30.7594153577281,46.4562357296872
30.7459956730865,46.4657426645733
30.7044512585005,46.485776676677
30.7671846488364,46.4473171308549
30.7182344794907,46.4218675483487
30.6369581386856,46.4407752657441
30.7504749602395,46.5469078512839
30.7408074900536,46.461053968072
30.7514279448106,46.446187237761
30.713796739349,46.4147625358837
30.6538340153275,46.3512078485419
30.6343536604163,46.4438950661022
30.8088485110798,46.5803818337885
30.7198210559838,46.4121878909515
30.7118725933894,46.4333751856558
30.704266893638,46.38345478154
30.6606295483591,46.4493268292402
30.7577820408474,46.4381898256549
30.6555348461016,46.3505853278245
30.6948019651321,46.4295537000961
30.6486873793059,46.4475366323795
30.7215764172101,46.4510180704954
30.7647619387414,46.4763938860959
30.7308310139714,46.4718203379353
30.6404974247085,46.4528316568628
30.6855395783061,46.4819497935387
30.6299548705977,46.5063864304846
30.8046912132641,46.5794138680488
30.7652423260593,46.4325943359699
30.6421463217184,46.4509191148901
30.6984814723181,46.5550653915513
30.6763810590084,46.4684378554248
30.771495151256,46.5807992465239
30.6916963260393,46.507100710036
30.6834648244306,46.4868705859144
30.7400804173563,46.5530430988163
30.6461711884356,46.440478398928
30.7370968226092,46.4713957284287
30.7344585873933,46.481546774346
30.7352739474896,46.4814820034043
30.722095754851,46.4120043732833
30.7981449623002,46.5703693257187
30.6986139034165,46.3790647510476
30.8024087243323,46.5754952260765
30.8149351482314,46.5938541896603
30.6143202109176,46.4864171893226
30.6697984544096,46.3297560724923
30.6473604716334,46.3374872040603
30.7403582629942,46.468660955335
30.7330304088808,46.5313034519147
30.610747167948,46.5135220292276
30.6368309009636,46.4439508410798
30.656238548605,46.3501121401116
30.7261336050092,46.4217344080796
30.7157546422553,46.4175296944482
30.6836180290347,46.3477138160762
30.727437142488,46.4715000816125
30.6561009241302,46.3495777798426
30.6802345443041,46.4560396176693
30.7409425178403,46.4626624464573
30.7593582305876,46.4774841969477
30.7344611840815,46.4545840706741
30.6913535631963,46.5491892277856
30.7540350197681,46.4645803860085
30.7723494616754,46.5668914859885
30.685588915382,46.4822430619692
30.7648735963342,46.4768940617011
30.6953784299135,46.3434011508752
30.6454129554799,46.4965034642982
30.6443535066924,46.4396561678071
30.6253769092929,46.4357357266419
30.6399599102501,46.4676911904025
30.7471460059612,46.3919073894308
30.7287276965257,46.3914198081753
30.6951473246633,46.429276624401
30.7038903738483,46.4931029898594
30.6797178033513,46.4881732015196
30.6642597184691,46.5203751546971
30.6457427348819,46.4371354986596
30.7401894782609,46.4688516697745
30.6418009621872,46.4429558874477
30.7645905573199,46.4357915016195
30.6865860436526,46.4807083504896
30.7110338630993,46.4129453511307
30.7309478649406,46.4573800163238
30.7337808517719,46.3724617133808
30.615023913421,46.4348019455659
30.7160506647106,46.4694561985636
30.8024866249784,46.5741062492158
30.7561850776015,46.4371588881663
30.710904028689,46.4053995364236
30.6434654393264,46.439400682426
30.6853188598087,46.45608459749
30.6427591401347,46.4444528158779
30.7048459551076,46.4590568640365
30.7661563603073,46.4311927647594
30.749872528576,46.5622423717293
30.636607585778,46.4416406774928
30.7458866121819,46.4721172047514
30.7040929155283,46.3850452679971
30.6359843806088,46.4437547290619
30.7075257373348,46.4705483086082
30.7996250745769,46.5763426458969
30.8058337560742,46.5750238375564
30.7083774510659,46.4058205475446
30.6744153660375,46.3426796745525
30.6433979254331,46.4390696309462
30.643218753947,46.4395086339954
30.6430058255142,46.5291911995384
30.7303402399008,46.4599924443053
30.7373928450645,46.4852189269013
30.6730650881711,46.3331475509669
30.737107209362,46.4851739470807
30.7452244566897,46.4337206306782
30.7404205835112,46.4692708817026
30.7164505546941,46.3914360009107
30.6135074475095,46.4698574185635
30.7155650840164,46.4943966095004
30.635872723016,46.4437457330978
30.7533832510287,46.4658722064567
30.6340134942615,46.4489615930967
30.7480963938441,46.5616738267967
30.6503206961867,46.5282934023189
30.6463347797925,46.4435820065507
30.635059959608,46.4436701669991
30.7493505942469,46.4308527173155
30.7537779476358,46.4321463369565
30.6172155182657,46.4752927800871
30.7343806867472,46.4803934917453
30.7475277191272,46.4490065729174
30.7218516661598,46.4162756570493
30.6437718485346,46.4429306987481
30.7287796302898,46.5138188960437
30.644260025917,46.4373711929196
30.724087414704,46.4979680072576
30.8077838689159,46.5777010364796
30.7066428633452,46.3928573632422
30.6968922991368,46.4368710173144
30.7115402172992,46.3813461275494
30.7116414881392,46.4167794310403
30.8100326009011,46.5775211171971
30.7441338476438,46.4323388505888
30.7019091007482,46.4239780015321
30.728338193295,46.4905859190976
30.6462672658992,46.448106976505
30.6453142813281,46.4475528251149
30.7113298855546,46.4630618672644
30.72228531309,46.4996394573918
30.7564811000568,46.4598503080722
30.7074893836999,46.3539210313216
30.7087747443612,46.4430026664611
30.7573483939172,46.4330639252972
30.6852669260447,46.4823348208032
30.6541793748587,46.3507130705151
30.7127892243256,46.4158096661077
30.709431706477,46.4126790705926
30.6461530116182,46.4425204827841
30.6461997520059,46.4415075372238
30.6465165479669,46.4388195431436
30.7652527128121,46.442614040811
30.7055600443639,46.4437169460126
30.7055730278049,46.4220168813531
30.7030672236874,46.4004895392049
30.7097900494493,46.4067021520288
30.7041033022811,46.4032135171416
30.6423332832692,46.4444636110348
30.8050936999359,46.5792915229367
30.6903798051196,46.3409344575125
30.7083982245716,46.3967975955285
30.6364439944211,46.4440479974923
30.7263517268184,46.3870909502389
30.7021817530097,46.424132732115
30.6455609667075,46.4441271619766
30.7421629612965,46.4606599448433
30.75725750983,46.4330045519339
30.7642815514236,46.4319268354319
30.6870586409059,46.4800606410727
30.6247796710058,46.4387277843095
30.6487730700167,46.3637446241448
30.7131735341799,46.4190140285286
30.740342682865,46.4579071798214
30.7617134267892,46.4534325872663
30.6381655987007,46.4509910826031
30.7066636368509,46.4060256555267
30.7206312227036,46.4116031532834
30.7062897137494,46.4469033165052
30.725863549436,46.4234670307699
30.719823652672,46.4115977557049
30.6571863397997,46.5269314133505
30.7579871792155,46.4466226424246
30.7226955898263,46.4251330833256
30.6575940198478,46.3501337304255
30.6461296414244,46.4372578437717
30.71525607812,46.4691485365905
30.8010792199715,46.5683470329837
30.7031918647213,46.3787498923033
30.6397106281825,46.4410361487037
30.7333835584766,46.5295384437536
30.7345546648569,46.4631050478922
30.7978359564039,46.5698025799789
30.6411465967597,46.4429720801831
30.655121972677,46.5375142655458
30.6366569228538,46.4423531578514
30.6381552119479,46.4511080301367
30.7271385233444,46.4735907436749
30.6943163844378,46.4054787009079
30.8093288983976,46.5785970345064
30.6936801958277,46.4293521904997
30.6295887375608,46.4438141024251
30.7489273340695,46.3887210189381
30.7056639118921,46.4706094811643
30.7075646876579,46.4705123247517
30.6415984205073,46.4525995609884
30.7591868491661,46.4384435118432
30.764058236238,46.4462628038596
30.794639433224,46.5702613741492
30.698886555678,46.3565586480027
30.6845502401002,46.4449349995549
30.7240926080804,46.3916375105071
30.8071944206934,46.5755653945966
30.7246353159152,46.4703719877114
30.61490965914,46.4892293277077
30.7118544165719,46.4726803521055
30.7198833765007,46.4888586939858
30.7356920142905,46.4510360624237
30.7032048481623,46.5129552834878
30.705497723847,46.3869434164273
30.7137292254557,46.4146060061079
30.6378747696218,46.4498665870876
30.7164219911239,46.4787706198174
30.6410089722848,46.4369627761484
30.757447068069,46.4402085200043
30.7339444431288,46.4467917665501
30.7495375557976,46.4597711435879
30.7593140868881,46.4446255383891
30.7143602206894,46.4527003157866
30.7108884485598,46.4446975061021
30.6875857686114,46.4934340413392
30.7083722576895,46.4078410410868
30.7596023192788,46.4349206922923
30.6959315245011,46.446073888613
30.6823871988257,46.3793202364287
30.6586275017533,46.5193658075224
30.7053341324901,46.4012434009984
30.7506125847144,46.4679052943486
30.7035346275643,46.4482778998233
30.6944124619014,46.4880076757797
30.6848228923617,46.3750219647704
30.6372385810117,46.4611421285204
30.6150472836149,46.4891069825956
30.7262037155908,46.4962785651951
30.7275228331987,46.4674608937209
30.7058560668192,46.4029544333748
30.6314194027451,46.4546398456517
30.7050978338635,46.4326770988398
30.6554569454554,46.3503496335645
30.6391445501539,46.4549151221539
30.7312257105785,46.4694813872631
30.7052614252204,46.3869038341851
30.6981958366155,46.4358742644894
30.690283727656,46.4797547782925
30.766101829855,46.5547307416859
30.726764600243,46.3881920562476
30.796428551397,46.5701552217726
30.810551938542,46.5787355723539
30.6534938491727,46.3504090069277
30.6877519566565,46.5470463891314
30.6176309883785,46.4857388936277
30.7609889507801,46.455899280629
30.6531406995769,46.4507391956076
30.6430084222024,46.4445571690617
30.7208311676954,46.4275925799171
30.7146484530801,46.3851334284455
30.7068869520365,46.3959249870085
30.7254688528289,46.4982702716521
30.8130966929825,46.59426800401
30.7117271788499,46.4170780970492
30.7583377321232,46.4720578313882
30.8118658627735,46.5819741194384
30.6159405443573,46.4358796620679
30.681540678471,46.4525509827821
30.744149427773,46.4414319711251
30.6337901790759,46.4440731861919
30.6235929844963,46.5091949704841
30.7205169684226,46.4130029253011
30.6376930014475,46.444370053008
30.6467684267227,46.4454207816176
30.7042902638318,46.4479126636799
30.7912741253108,46.5789694674211
30.7756290788778,46.5754934268836
30.7222567495197,46.3853763194769
30.693176438316,46.4805158368574
30.6817951539151,46.4504387304059
30.7114804934705,46.3813119428858
30.6448416840749,46.4372146631439
30.663496292137,46.4846701730898
30.6325671389315,46.5022464877948
30.6842697977741,46.3924849303275
30.6947526280562,46.4318152854768
30.6224634251273,46.4446183416178
30.6358960932099,46.438270789332
30.6556750672646,46.3503982117707
30.709431706477,46.4208833898735
30.706297503814,46.4748303875311
30.6316453146189,46.4070727857507
30.7074764002589,46.4335371130101
30.7980099345136,46.5727064771981
30.7009457294243,46.4592241889692
30.6816964797633,46.4568402584764
30.7224411143822,46.5003123555082
30.7243652603419,46.3943416973227
30.7390027917514,46.4555142533645
30.7033087156905,46.5130272512008
30.6423618468394,46.4518762854728
30.7115402172992,46.3813155412714
30.6310532697082,46.4831948349734
30.7246950397439,46.4173533735514
30.7055730278049,46.4438518854744
30.7556319830139,46.4074668089793
30.6162755171356,46.4880364628649
30.7181124351451,46.4630222850222
30.7238485193892,46.4155038033275
30.7987396038991,46.5709792520863
30.7440871072561,46.3974578992952
30.7631208317961,46.4486863165945
30.6426396924773,46.4431214131876
30.7262634394195,46.4178301596499
30.7107430340204,46.4063998876342
30.727894159612,46.4232223405457
30.726676312844,46.5043101619648
30.7562941385061,46.4398900628743
30.7635181250914,46.4335011291536
30.6149122558282,46.4891897454656
30.70429286052,46.5588257045551
30.7418487620237,46.4693914276219
30.6937658865384,46.4903934054653
30.7298780294003,46.4718707153344
30.7100185580113,46.4069846253023
30.7107040836973,46.4278462661054
30.7113402723074,46.4780509426875
30.7418201984535,46.4623098046636
30.7208285710072,46.4102375659294
30.7042045731211,46.4724932360518
30.7064610951709,46.3954464017171
30.7097640825672,46.5090816213361
30.7408957774526,46.4682129563217
30.6442080921529,46.4446201408106
30.8070645862832,46.5753746801572
30.6367036632415,46.4426122416182
30.7528431398821,46.4665918835866
30.707172587739,46.4764604562304
30.6962041767626,46.4700103499536
30.7687816120822,46.5565785127169
30.7219892906346,46.4119270079919
30.6352105675239,46.4438590822457
30.6411024530602,46.4519194661006
30.7121608257801,46.4810825825972
30.7059002105187,46.4702928232271
30.6935529581057,46.4903520240303
30.7066973937975,46.5127249868062
30.7081099921809,46.3983610940932
30.6613358475507,46.4472145768639
30.7243964206003,46.4759314935399
30.7387794765658,46.4650103930936
30.7402128484548,46.4796648186513
30.7169413287648,46.4673007655595
30.7112649683495,46.4094297283511
30.7500231364919,46.3820082305089
30.6777780772625,46.4921710079762
30.6439562133971,46.4428695261921
30.7530378914975,46.4047716181278
30.7230902864334,46.3877548523912
30.7080450749757,46.4801056208933
30.6365218950672,46.4422290135465
30.6364621712385,46.4421408530981
30.6412374808468,46.4444744061918
30.6841996871926,46.4477453387472
30.6418243323811,46.4539021765935
30.7564888901214,46.464062218475
30.7042954572082,46.3827656906882
30.8111881271521,46.5819849145954
30.738566548133,46.4521587587463
30.8094509427432,46.5801587338782
30.7211713338502,46.4103761037769
30.7113844160069,46.3813191396571
30.7241419451563,46.4249909470925
30.7267022797261,46.4166678810851
30.6402325625116,46.4443952417075
30.725458466076,46.4837399903994
30.7480262832625,46.46433929417
30.7246093490331,46.412911166467
30.6555010891549,46.3502920593941
30.7565875642732,46.4349062987497
30.6399079764861,46.4467341923797
30.6742751448744,46.334153299756
30.7324617341639,46.4704223651105
30.7054561768357,46.5144198264472
30.7066947971093,46.4759296943471
30.7219269701177,46.4119989757049
30.76553055845,46.4481231692404
30.7196938182617,46.4280603700515
30.6553686580565,46.3503838182281
30.6897799701443,46.4799400951535
30.7648164691937,46.4436629702278
30.6901175396109,46.4945045610699
30.7084189980772,46.4701632813437
30.7606461879371,46.5562816459009
30.7185305019461,46.4220834514876
30.6550570554719,46.3928501664709
30.713770772467,46.4199082273625
30.7645048666092,46.4319592209028
30.7083333073665,46.3989242414473
30.7433470511178,46.3851910026159
30.7041110923457,46.4031415494286
30.6994552303948,46.4102267707725
30.714368010754,46.3824958117644
30.7112467915321,46.4791628438532
30.7281200714858,46.473455804213
30.7110156862818,46.3863478836023
30.6371295201071,46.4440965756986
30.7072219248149,46.4334669444899
30.6439640034617,46.446608248882
30.7222801197136,46.4166139053004
30.7198392328012,46.43417402727
30.6460309672726,46.4437115484341
30.7610850282437,46.4559316660999
30.7495842961853,46.4454585646669
30.702592029746,46.4786086924631
30.7488831903701,46.4314500493333
30.6467658300345,46.4452246695997
30.6551998733232,46.3505025649546
30.7379199727701,46.4424970932774
30.752778222677,46.4670848624205
30.7184474079235,46.486217478919
30.6689363539257,46.5326528465333
30.7323916235824,46.5290454649196
30.7117479523555,46.4767987044814
30.7495765061207,46.4686915416131
30.6443405232514,46.441381593726
30.7042019764329,46.5143622522768
30.6884296922779,46.479821348427
30.732285159366,46.4311441865531
30.6949292028541,46.4465830601824
30.707642588304,46.4336684540863
30.7144511047766,46.3827387027958
30.6332812281878,46.4459155596444
30.7383406362592,46.4811941325523
30.7096134746513,46.4204875674521
30.7207169134144,46.4169953341792
30.7627157484362,46.4493376243971
30.7555982260673,46.4090950784857
30.6553686580565,46.3505061633402
30.6802890747564,46.3822259328407
30.8094197824848,46.5787049860758
30.6276412214073,46.483353163942
30.67749244156,46.3893741259335
30.7085747993695,46.4346274238619
30.6446962695354,46.4388825148924
30.6553712547447,46.3504809746407
30.646163398371,46.4404226239504
30.705370486125,46.5139646306625
30.7304934445048,46.4360146015298
30.7056015913752,46.4853034889641
30.7236459777092,46.4882793538962
30.7261076381272,46.476813098024
30.6369996856969,46.3498782450444
30.7266191857035,46.368640227821
30.7420279335098,46.4550662543511
30.7538636383466,46.5747035812336
30.7094135296596,46.4126178980366
30.7136019877337,46.4200125805463
30.8020997184359,46.5744265055386
30.7082917603552,46.5132035720976
30.7379459396521,46.4424305231429
30.7103431440368,46.482142307171
30.7292496308548,46.4523800594638
30.7063909845894,46.4033304646752
30.7091564575273,46.4879680935375
30.7191303369213,46.4680240410751
30.7277461483843,46.4220150821603
30.6911691983338,46.4950173310249
30.7080970087398,46.5131477971201
30.8070957465416,46.5753279011438
30.7112597749731,46.4083861965127
30.7453387109707,46.4375205259241
30.691602845264,46.4573872130951
30.7461722478844,46.4504441279843
30.6368516744692,46.4400753797352
30.7181929324795,46.3839729490736
30.6608268966626,46.4492206768635
30.7055029172234,46.3874309976828
30.6396638877948,46.4508057657421
30.703290538873,46.4680150451109
30.7219529369998,46.4118316507722
30.6375761504783,46.4505268908543
30.6541845682351,46.351258225941
30.7258531626831,46.4983656288718
30.7163830408008,46.4182187853001
30.7287614534723,46.3867005253959
30.6424033938507,46.453497358208
30.720153432074,46.4115851613552
30.6387732237406,46.4504585215269
30.7325240546809,46.4844902538073
30.6449143913446,46.4371121091529
30.7340119570221,46.4730329938992
30.686006982183,46.4814676098617
30.7327733367485,46.3897195709559
30.698125726034,46.3787354987607
30.7153209953251,46.4723187143478
30.6414919562909,46.4445517714832
30.7016234650457,46.3679601329332
30.7263153731836,46.4376086863725
30.6444781477262,46.4389670769552
30.7279486900643,46.3878412136468
30.7327811268131,46.4808954665434
30.7207013332851,46.4063171247643
30.6704839800957,46.4626336593721
30.636875044663,46.441289834892
30.638435654274,46.4702856264558
30.6943864950193,46.4116445347184
30.6451662701004,46.4434902477166
30.6510088185609,46.3515730846853
30.7399324061287,46.4705645013436
30.7254714495171,46.3946997366948
30.7472446801129,46.3922834207311
30.7328486407064,46.4809008641219
30.7393221844006,46.4695497565905
30.6489444514382,46.4436431791067
30.745367274541,46.4747350303114
30.6915171545532,46.3458624466595
30.7218568595362,46.4776263331808
30.6860718993881,46.4826478803547
30.6974246202188,46.4363690425162
30.6369036082333,46.4437727209901
30.6413127848048,46.4442189208107
30.7254221124412,46.413116274449
30.6182879504942,46.4695299654694
30.7120439748109,46.410744938306
30.7518719784936,46.4156603331033
30.6496221870596,46.3634225686292
30.7613784540108,46.4335874904092
30.7205585154339,46.4972087478855
30.7384912441751,46.4515380372218
30.7467850663007,46.445796812918
30.7035242408115,46.4004859408192
30.7298053221306,46.489369664748
30.8088199475095,46.5920657919925
30.7955976111715,46.5720857556735
30.699686335645,46.4351114067317
30.7049731928297,46.5136245832186
30.7964233580206,46.5774761373765
30.6398612360984,46.4508723358766
30.7058015363669,46.4695263670837
30.7976022544655,46.5697845880507
30.7310647159098,46.4725616053791
30.6843165381618,46.486782425466
30.713137180545,46.4155271928342
30.7488779969937,46.4467323931869
30.6442184789058,46.4450951277163
30.7472680503068,46.4679250854697
30.7531131954554,46.4021951740027
30.7455412526507,46.4465686666398
30.64615041493,46.4373711929196
30.6141124758612,46.490818014972
30.8140834345003,46.5808226360306
30.7218776330418,46.4984897731767
30.7240588511337,46.3930570736458
30.7310465390924,46.4571299285211
30.6339953174441,46.4442782941739
30.7077672293378,46.4048147987556
30.6764745397838,46.4878745355106
30.7140434247284,46.4009393374111
30.6324554813387,46.40321891472
30.7035476110053,46.3830913445894
30.7055133039762,46.4040069611773
30.7285225581575,46.3906587496104
30.6975830181993,46.4043146231503
30.6963703648077,46.3950865631521
30.6416607410242,46.4511080301367
30.7129813792528,46.4918903338955
30.7213349252071,46.4832272204443
30.7131501639861,46.3892103993865
30.7255129965283,46.3946403633316
30.741929259358,46.4398558782106
30.7319086395764,46.4701794740791
30.807519006719,46.5653855615941
30.6389082515273,46.438281584489
30.757244526389,46.4387691657445
30.6724029326789,46.4694076203573
30.6431486433654,46.437367594534
30.6388874780216,46.4987182706655
30.725546753475,46.3944136650357
30.6406584193772,46.4448594334563
30.7561591107195,46.4406457238607
30.6445508549959,46.3505781310532
30.67180829108,46.4813452647496
30.6462698625874,46.4429306987481
30.6535016392373,46.3503064529367
30.7319190263292,46.4845316352422
30.6393341083928,46.4551022382076
30.6712863567509,46.469677499281
30.6798034940621,46.487870937125
30.7302441624372,46.4736519162309
30.6556491003826,46.3503478343716
30.7473537410175,46.4738030484282
30.7151859675385,46.4896755275282
30.7404465503932,46.4682435425997
30.7451050090323,46.4422074232326
30.7064610951709,46.3967760052146
30.724341890148,46.3912147001932
30.7391482062909,46.4581050910322
30.6866821211162,46.480602198113
30.7466292650084,46.4736483178453
30.7187486237552,46.3982351505954
30.698556776276,46.4267181722042
30.6354312860213,46.3983107166941
30.723401889018,46.4254947210834
30.6397028381179,46.4768868649298
30.7298832227767,46.4899885870797
30.7060352383053,46.5128221432188
30.7309504616288,46.4726875488768
30.7110078962172,46.4660071459185
30.7243548735891,46.4263331449397
30.7424901440103,46.469441805021
30.6367711771349,46.4415938984793
30.7496284398848,46.4386648125606
30.7485715877855,46.4573422332745
30.7256636044442,46.4767123432258
30.7286653760088,46.4843373224172
30.79139097628,46.5786492110983
30.7463124690475,46.4720830200877
30.7403920199409,46.4577326581174
30.7391404162263,46.4694939816129
30.7230565294867,46.4864135909369
30.7368111869067,46.4713993268143
30.6185554093793,46.5184518175674
30.7067934712611,46.3959303845869
30.6971935149686,46.3433759621757
30.64066880613,46.40885578584
30.8097261916929,46.5836509671511
30.7093356290134,46.4112001340907
30.7240380776281,46.4772610970374
30.7278396291597,46.3883162005525
30.7259284666411,46.4177186096948
30.6141202659258,46.4864423780221
30.6394561527384,46.4549834914812
30.6653035871274,46.4714047243928
30.7049186623774,46.5143352643844
30.7171360803802,46.5584856571112
30.6936775991395,46.4839073153321
30.6523694831801,46.3509649575105
30.6339070300451,46.4445535706761
30.6917664366209,46.3681148635161
30.6489522415028,46.4440857805416
30.7667665820354,46.5569689375599
30.7436768305198,46.4421804353402
30.6139722546981,46.4677721540796
30.6475422398077,46.3378632353606
30.6467632333463,46.4423873425151
30.6444184238975,46.4536646831407
30.7283901270591,46.4291866647598
30.7124464614826,46.4772485026876
30.7556215962611,46.4081702933738
30.7111611008213,46.4133267800095
30.7553359605586,46.5512960825834
30.6529511413379,46.3462816585877
30.7130255229522,46.4051098663789
30.721537466887,46.4237405080792
30.7628611629756,46.553775370296
30.6830259841241,46.4500069241279
30.7598593914111,46.5661682104729
30.637090569784,46.4440084152502
30.6391627269713,46.4444366231425
30.7098212097077,46.3900704135567
30.7090603800638,46.4172724098742
30.7081489425039,46.4940583612494
30.6410946629956,46.4445103900483
30.6921143928403,46.4279991974955
30.6442859927991,46.4434722557884
30.7136539214978,46.4799832757813
30.646137431489,46.4427075988379
30.6444469874678,46.4394978388385
30.7237887955605,46.3971160526584
30.7081333623747,46.4803269216108
30.7627832623295,46.5939513460729
30.7150353596226,46.472716335962
30.7083800477541,46.4458309975817
30.7149938126113,46.4998949427729
30.6446547225241,46.439769516955
30.7560448564385,46.5639228178276
30.7120180079288,46.3811410195674
30.7269126114706,46.4735835469036
30.7986071728007,46.5707651481402
30.7239757571112,46.4980651636701
30.7644581262215,46.4728008980248
30.6399754903794,46.4440587926493
30.7320878110625,46.4566063634091
30.728782226978,46.3915367557089
30.707642588304,46.4065852044952
30.6295549806142,46.4806003989201
30.8003287770803,46.5718086799785
30.7134357996886,46.3831111357105
30.7092421482381,46.4721172047514
30.7067363441206,46.4639470701342
30.7097043587385,46.4208546027883
30.7080217047819,46.5131154116492
30.7348532840004,46.4923527264515
30.7193380719777,46.406104820011
30.7308933344883,46.4726299747065
30.7024595986476,46.5134878445639
30.81052597166,46.5822799822186
30.7042097664975,46.3830535615401
30.7054146298244,46.5144774006176
30.6899799151361,46.4951072906662
30.6616526435117,46.4471066252944
30.6558464486861,46.5377337670704
30.6344289643743,46.4437889137256
30.7199560837704,46.5175702130833
30.7246249291623,46.5011507793646
30.7495349591094,46.4598053282516
30.75312098552,46.4663561893265
30.6436160472423,46.4406565190176
30.7677273566711,46.5845775514559
30.7406335119439,46.4606905311214
30.7318125621128,46.385775740284
30.7599710490039,46.4576121121982
30.7120335880581,46.5077772065381
30.6547428561991,46.3504000109636
30.712121875457,46.4087388383064
30.7464397067695,46.4362035167764
30.6807772521388,46.3261630844212
30.8088355276387,46.5804771910082
30.7074945770764,46.4644256554256
30.6905485898529,46.4964476893206
30.7065961229575,46.459123434171
30.8080876814358,46.5768158336098
30.6855785286292,46.4530385640376
30.7937669459872,46.5702649725349
30.7458268883532,46.3875047645886
30.7079905445234,46.4004283666488
30.680969407066,46.3474979129372
30.6445170980493,46.4413941880758
30.6424059905389,46.444594952111
30.7163259136603,46.4951108890518
30.7092577283673,46.3900398272787
30.7125814892692,46.3812381759799
30.7263049864307,46.4769714269926
30.6438653293099,46.4521569595535
30.7127528706907,46.3989350366043
30.7079048538127,46.4339581241311
30.7101380056687,46.4757929556924
30.636075264696,46.4384507086145
30.6941735665866,46.4421426522909
30.7181098384569,46.4526409424234
30.7361360479735,46.4787688206245
30.7113298855546,46.4095052944498
30.809295141451,46.5785268659862
30.7221918323146,46.4160111757041
30.702693300586,46.4337206306782
30.7589245836574,46.4356871484357
30.7263854837651,46.4172274300536
30.7553463473114,46.4656778936316
30.7099951878174,46.4473441187473
30.7342274821431,46.4351204026959
30.6371451002363,46.439852279825
30.7048926954953,46.3879167797455
30.7080424782875,46.3981685804609
30.6354546562151,46.5008575109341
30.7465903146854,46.4686177747072
30.6433122347223,46.4391451970448
30.7053782761896,46.3873086525707
30.7493038538592,46.4621478773094
30.705295182167,46.4649995979366
30.7230669162396,46.4655879339903
30.7189070217357,46.3910959534668
30.7060144647997,46.4937363057337
30.7958728601212,46.5728881956734
30.6338758697867,46.4442854909452
30.7961688825765,46.5702145951358
30.7435340126685,46.4545228981181
30.641011568973,46.444215322425
30.7220282409577,46.4164033997399
30.6444210205857,46.4403812425155
30.6972090950978,46.3831435211814
30.6822989114268,46.3349377478276
30.7051471709394,46.5141535459091
30.6373891889276,46.4388933100494
30.6369062049215,46.4381736329195
30.7080502683521,46.448106976505
30.613806066653,46.4729214439441
30.6755475220947,46.5142021241154
30.8101546452467,46.57918537056
30.7077931962199,46.4795820557813
30.6416425642068,46.4442243183891
30.6452857177579,46.4474160864603
30.6156782788486,46.4662662296853
30.6548700939212,46.3491387767934
30.7499660093514,46.4430224575822
30.7235395134928,46.4787220416111
30.7113272888664,46.4657606565015
30.7458216949768,46.4507122077152
30.7274163689823,46.4300088958807
30.6352573079115,46.4382456006325
30.7108858518716,46.3890736607318
30.703176284592,46.3787858761598
30.7443987098407,46.4489274084331
30.6438107988576,46.4405323747127
30.7195587904751,46.4279560168677
30.6489470481264,46.4437493314834
30.6612865104748,46.5119477355059
30.7380186469219,46.4825975029556
30.7475562826975,46.4457014556983
30.6449143913446,46.4449421963262
30.6792867531094,46.3529746558958
30.7087202139089,46.4174073493361
30.7586934784072,46.4334975307679
30.6575654562776,46.3496191612776
30.7274708994346,46.4635368541701
30.7123348038898,46.4714892864556
30.7463981597582,46.4653738300442
30.705967724412,46.4607409085204
30.7051471709394,46.4711204519265
30.7089435290945,46.3969991051248
30.8010922034125,46.5747287699331
30.6416114039483,46.4430782325598
30.7106807135034,46.4052789905044
30.7027660078557,46.4334849364182
30.6935010243416,46.3659180490771
30.6373009015286,46.4438159016179
30.7935280506724,46.573805784014
30.6563943498973,46.3495417959861
30.7267100697907,46.4960914491413
30.7233811155123,46.4168316076322
30.6378202391695,46.4440659894206
30.7245002881285,46.4145178456595
30.6560905373774,46.3499646063
30.6968507521255,46.4369717721125
30.7091798277212,46.4172166348967
30.7064662885473,46.464605574708
30.6565112008665,46.3495363984077
30.6426890295532,46.436833234265
30.6816341592464,46.4517539403608
30.6252548649473,46.5062874748792
30.7638530978698,46.5742088032068
30.6612813170984,46.5120916709319
30.7017714762733,46.3691134155339
30.7451309759144,46.4469644890613
30.8075891173005,46.5777514138787
30.7217244284378,46.4780671354229
30.6922494206269,46.4884646707572
30.7321786951496,46.4708865568593
30.7556787234016,46.4089421470956
30.69507981077,46.4294367525624
30.6519358362499,46.3487555487217
30.6456518507947,46.4423315675375
30.7275981371567,46.4315454065531
30.7237861988722,46.4296742460153
30.7199093433827,46.3988774624339
30.6615124223486,46.3515730846853
30.6451506899712,46.4448594334563
30.7116466815156,46.3813515251279
30.673241662969,46.4827360408031
30.6448416840749,46.3505367496182
30.8154181322375,46.5895990986298
30.646721686335,46.435293125207
30.8120813878945,46.5785988336992
30.6459790335085,46.4440857805416
30.7126490031626,46.4228355140884
30.7652293426183,46.4371408962381
30.7479146256697,46.4383895360584
30.7238563094538,46.4884160925509
30.698112742593,46.4858720338967
30.7461852313254,46.4660989047526
30.6564644604788,46.3498962369726
30.7049939663353,46.5145457699449
30.6856148822641,46.3333274702494
30.7108520949249,46.4124559706824
30.6611203224297,46.4472667534558
30.7110078962172,46.4661168966808
30.7557098836601,46.4399944160581
30.7253987422473,46.4916330493216
30.7250871396628,46.4229344696938
30.6600115365664,46.5128203440259
30.6364413977329,46.442644627089
30.6233670726225,46.4673961227792
30.7259700136523,46.4226699883485
30.6461478182418,46.4373208155205
30.6407778670346,46.5349054359499
30.7500257331801,46.4682111571288
30.7215945940275,46.4163080425202
30.6366491327892,46.4410451446678
30.7646139275138,46.4762661434053
30.7092006012268,46.3898221249469
30.7040773353991,46.3847735898806
30.7964934686021,46.570027479082
30.7419785964339,46.4550932422435
30.6870508508412,46.4662968159633
30.7652189558654,46.4310488293334
30.6888399690142,46.480006665288
30.7111870677033,46.3939818587577
30.7404725172752,46.4612572768611
30.7281434416796,46.4295716920243
30.6522370520817,46.3490794034302
30.7595140318799,46.4351150051174
30.7218880197947,46.4116499322969
30.643244720829,46.4368674189287
30.6947292578624,46.4302823731901
30.7233421651893,46.4067327383068
30.7308491907889,46.4298937475399
30.6803358151441,46.4590838519288
30.6469995319729,46.381268762258
30.6460595308428,46.4475438291508
30.7114727034059,46.3811590114957
30.7650527678203,46.4426914061024
30.7052666185968,46.4046438754372
30.6456077070952,46.4452372639495
30.7263699036359,46.4210291244923
30.6495468831017,46.442655422246
30.7006678837864,46.4728386810741
30.630466418174,46.4735079808049
30.8079396702081,46.5833523011422
30.7361308545971,46.3887570027946
30.6411725636417,46.4432329631427
30.7274475292408,46.4218531548061
30.6332760348114,46.443137605923
30.7989317588262,46.5777028356724
30.7112727584141,46.3956263209995
30.72228531309,46.478455761073
30.7413112475653,46.4617502556951
30.6891100245875,46.4774877953333
30.710750824085,46.5570373068873
30.6797541569862,46.4913055962275
30.7256817812616,46.4737508718363
30.730914107994,46.4727001432266
30.8025567355599,46.5802648862549
30.6440860478073,46.4414301719323
30.7413242310064,46.4664389521965
30.7485300407742,46.4388105471794
30.7468681603233,46.4495679210787
30.6120974458144,46.486690666632
30.6440678709899,46.442788562515
30.6145253492857,46.4888928786495
30.6105134660096,46.4847997149731
30.7957767826576,46.5703243458981
30.7260089639754,46.417952504762
30.7209350352236,46.5531240624934
30.7054561768357,46.4326393157905
30.7141966293325,46.4145916125653
30.7359620698638,46.4827594303099
30.7417864415068,46.4709909100431
30.7277461483843,46.4285767383922
30.6419074264036,46.4448756261917
30.7184629880527,46.4981839103965
30.7265646552512,46.5043065635792
30.7423603096,46.444071386999
30.6401131148542,46.4440749853847
30.6367867572641,46.4419483394658
30.6338706764103,46.4421534474478
30.6401910155004,46.4441487522905
30.6805227766948,46.4882847514747
30.686463999307,46.4815215856464
30.7132748050199,46.4811599478886
30.7083203239254,46.5131675882411
30.6857706835564,46.4819120104894
30.7096783918565,46.4452840429629
30.7018493769195,46.423825070142
30.6432732843993,46.4365903432337
30.7407166059665,46.4618114282512
30.6533406445686,46.351175463071
30.7570108244506,46.4388033504081
30.6659319856729,46.471300371209
30.7039578877416,46.3847807866519
30.7189875190701,46.3983556965147
30.6223387840935,46.5141949273441
30.7002783805557,46.4911400704876
30.6498870492565,46.3646514173285
30.6390640528195,46.4529162189256
30.6439120696976,46.4508759342623
30.7073491625369,46.4027313334645
30.6385680853725,46.4160039789328
30.7038462301488,46.4032962800115
30.7326538890911,46.4742060676209
30.6930466039058,46.4419033596452
30.6382149357766,46.4444186312142
30.6553660613683,46.3504234004703
30.6576018099125,46.3496947273762
30.7011846247391,46.4770146076204
30.6960509721585,46.4378065975832
30.7121815992857,46.3757326459362
30.7028594886311,46.4726119827782
30.725331228354,46.5014386502165
30.8057246951696,46.5727370634761
30.7237160882907,46.4988298206206
30.7281174747976,46.4690945608058
30.6293082952347,46.5060247927268
30.7645308334912,46.4766565682483
30.6690635916477,46.4669409269946
30.7109377856357,46.3909412228839
30.7127762408846,46.5572873946899
30.8100507777185,46.5793634906497
30.6541715847941,46.3498908393941
30.7473329675119,46.4652514849321
30.7080113180291,46.3979940587569
30.7421551712319,46.4179399104122
30.8081863555876,46.5829204948643
30.6337174718062,46.479585654167
30.6944462188481,46.4934682260028
30.7440403668684,46.452059803141
30.6372463710763,46.4441613466403
30.6208716552579,46.457059760001
30.7614018242046,46.4533192381183
30.7303298531479,46.3873914154406
30.6426916262414,46.439215365565
30.6812758162741,46.4527488939929
30.8068880114853,46.5902504064323
30.6343952074276,46.4431412043086
30.6918599173962,46.4796666178441
30.7028516985665,46.5026171215167
30.7129164620476,46.3827638914953
30.6367400168764,46.4783460103107
30.6408194140459,46.4457788209897
30.7454607553164,46.4204623787525
30.7390651122683,46.4688498705816
30.7723131080405,46.5895181349526
30.7085384457346,46.4913055962275
30.7065312057524,46.4639020903135
30.6923532881551,46.4660413305822
30.6837790237034,46.4567574956064
30.6415750503134,46.4443718522008
30.7060586084992,46.4233338905009
30.7345806317389,46.4632147986545
30.7461982147665,46.4364985843996
30.6461452215536,46.4479792338144
30.7229500652704,46.5021619257321
30.6944150585896,46.4467377907653
30.6332682447468,46.4460001217072
30.7271567001619,46.4219701023397
30.7028854555131,46.4039781740921
30.7198444261776,46.4950928971236
30.6364959281852,46.4423819449366
30.7564057960989,46.437849778211
30.7080632517932,46.4761851797282
30.7612304427831,46.4559316660999
30.6436991412648,46.4396543686143
30.7118985602714,46.4850965817892
30.71959514411,46.4339113451176
30.6540962808362,46.3495184064794
30.7245755920865,46.4296238686162
30.6409232815741,46.4417054484345
30.6422657693759,46.4431250115732
30.6985385994586,46.4356043855657
30.6155354609973,46.4834377260048
30.7300831677685,46.3875587403733
30.6399728936912,46.4442674990169
30.6859810153009,46.4780851273511
30.6461426248654,46.3638489773286
30.7324461540347,46.4845118441212
30.7069466758652,46.3957702564255
30.7701682435835,46.5871036181818
30.8008299379038,46.5800975613222
30.61501092998,46.4886355940755
30.6446469324595,46.4401149619774
30.714671823274,46.4191543655689
30.642470907744,46.4448558350706
30.7950523066485,46.5715316042835
30.7416358335909,46.4621766643946
30.7400674339153,46.4580547136331
30.7243392934598,46.3944244601926
30.6704735933428,46.4829915261843
30.6454570991794,46.44449239812
30.6892009086747,46.4632687744392
30.7370786457918,46.4515632259213
30.7241601219737,46.3930948566951
30.7451050090323,46.4547855802705
30.6823690220083,46.4563400828711
30.7195691772279,46.3896278121218
30.7468785470761,46.3963028175017
30.8105856954887,46.578991057735
30.6224712151919,46.4445895545326
30.706855791778,46.3949786115826
30.6885257697415,46.3939206862017
30.7007509778089,46.4730959656481
30.6453012978871,46.4472523599132
30.7310439424042,46.4739002048407
30.6713201136976,46.3289662268422
30.7157961892666,46.4186685835063
30.6282514431354,46.4233266937296
30.646163398371,46.4416190871789
30.6560308135486,46.3498188716812
30.6913379830671,46.4773348639432
30.712236129738,46.4837489863635
30.7414540654166,46.4710502834063
30.7509968945686,46.4510342632309
30.7154482330472,46.3980606288915
30.6644466800199,46.4858162589191
30.774387861916,46.561033314151
30.708289163667,46.4347101867318
30.7367982034657,46.4797709710279
30.7481041839087,46.3803403787604
30.7282421158314,46.4503505699575
30.7408178768065,46.4382150143544
30.7063883879012,46.4648592608963
30.6374255425624,46.4441775393757
30.7273929987885,46.5590020254519
30.7115142504171,46.4775993452884
30.6461348348008,46.4444762053846
30.6835063714419,46.4569302181176
30.8149273581668,46.5923680563871
30.7488286599178,46.4690297898641
30.6410790828663,46.436628126283
30.723516143299,46.478804804481
30.749960815975,46.5455764485935
30.697910200913,46.4268621076302
30.7103353539722,46.406401686827
30.705370486125,46.5141823329943
30.7415683196976,46.462450141704
30.7274397391762,46.4697440694155
30.7125944727103,46.420509157766
30.6401209049188,46.440026801529
30.6886737809691,46.4489669906752
30.7542687217065,46.4641287886095
30.6638728119267,46.5221635523649
30.7076685551861,46.3717348394796
30.7117765159258,46.4762013724636
30.7512513700127,46.4413006300489
30.6158159033234,46.5190689407063
30.7043421975959,46.3840125313157
30.6999460044655,46.4350214470905
30.7427316360133,46.4447334899586
30.6413179781812,46.4444959965057
30.7948263947747,46.5747323683188
30.8074618795785,46.5908873206923
30.7583922625754,46.552327020072
30.8040991683535,46.573600676032
30.6394405726092,46.4464805061914
30.803522703572,46.5799338347751
30.8110011656014,46.5779781121746
30.7421525745436,46.4606131658299
30.759693203366,46.4343863320234
30.6373216750342,46.444154149869
30.720711720038,46.4126538818931
30.7042071698093,46.387315849342
30.7468629669469,46.4441613466403
30.6147564545359,46.4560684047545
30.767636472584,46.4346220262834
30.7649333201629,46.5555709647351
30.625644368178,46.4428335423356
30.741028208551,46.4323892279879
30.729594990386,46.4531357204502
30.7040098215057,46.3848221680869
30.7097407123734,46.4749671261858
30.6899851085125,46.495488719545
30.7128853017892,46.484801514166
30.6836959296809,46.3927907931077
30.6407389167115,46.4368710173144
30.722095754851,46.4994163574815
30.7412593138013,46.4688336778462
30.6963755581841,46.379061152662
30.8017050218288,46.5769723633856
30.7323552699476,46.4700553297742
30.6167455177007,46.4649222326452
30.757447068069,46.4385640577624
30.7226955898263,46.497100796316
30.6737506138571,46.3256557120446
30.7140641982341,46.4164807650313
30.704521369082,46.4020512385768
30.8120294541304,46.5787589618606
30.6439432299561,46.4551454188354
30.673470171531,46.4746792553339
30.7057885529259,46.5137019485101
30.7195613871633,46.3893777243192
30.7029244058362,46.4607031254711
30.7122672899965,46.4795982485168
30.741472242234,46.4682669321064
30.6364621712385,46.4421588450263
30.7182552529964,46.5009888520103
30.7186707231091,46.4951666640294
30.7070661235226,46.4019270942719
30.648370583345,46.4490659462806
30.7339756033872,46.4351401938169
30.7093278389488,46.4494275840383
30.643548533349,46.4532472704053
30.7138876234362,46.3822187360694
30.7035839646402,46.424708473819
30.7229526619586,46.425088103505
30.6815095182125,46.4449691842186
30.6441899153355,46.4373352090631
30.7321657117086,46.4701632813437
30.614795404859,46.4871152761386
30.6433953287449,46.4419303475376
30.7146900000914,46.4935545872584
30.6319595138917,46.4520580039481
30.6144500453278,46.5192380648319
30.6247952511351,46.4417180427843
30.7506177780908,46.4508885286121
30.7456373301143,46.5607076602498
30.6442833961109,46.4451023244876
30.7081826994506,46.396412568264
30.6765420536771,46.4654673880711
30.6717615506923,46.4627452093272
30.7007873314438,46.4728440786526
30.7119712675411,46.4133105872741
30.6985411961468,46.3790467591194
30.6638935854323,46.4713597445722
30.730610295474,46.4276537524731
30.6461270447362,46.4407842617082
30.7472031331017,46.4514966557868
30.7496803736489,46.4453020348912
30.6612865104748,46.447162400272
30.6197291124478,46.4849904294126
30.6104641289337,46.5115393187347
30.6868145522146,46.5465246232122
30.6819353750781,46.4509622955179
30.710091265281,46.487388753448
30.7267282466081,46.3881938554405
30.6433382016044,46.4427201931876
30.6934075435662,46.4293557888853
30.7577690574063,46.4581464724671
30.7055626410521,46.3883162005525
30.6410660994253,46.4365633553413
30.7962831368575,46.5688580037459
30.675589069106,46.4685566021512
30.6410271491023,46.4368710173144
30.6717122136165,46.3333814460341
30.8071710504996,46.5775067236546
30.7062871170612,46.5130416447434
30.7152067410441,46.382870043872
30.6167143574422,46.4771711373961
30.7157858025138,46.4896449412502
30.6423748302805,46.4550482624229
30.7027166707798,46.4725795973074
30.7395221293923,46.46957494529
30.7046044631046,46.4452606534562
30.6896501357341,46.3420769449562
30.6199757978273,46.4616746895965
30.7242068623614,46.4750462906701
30.727094379645,46.4937722895902
30.7247755370782,46.4244349965096
30.7350402455511,46.4917445992767
30.7182942033194,46.421700223416
30.7327811268131,46.4849364536278
30.6434991962731,46.4527758818852
30.7293560950712,46.3880517192073
30.7236278008918,46.5079391338924
30.7323163196245,46.4708667657382
30.7988486648037,46.5703423378264
30.6429668751911,46.4373226147134
30.7450167216334,46.445334420362
30.6955835682817,46.4325781432345
30.7380731773742,46.465037380986
30.7516019229203,46.468732923048
30.6981750631099,46.4270618180338
30.6900837826643,46.4943750191865
30.6921195862167,46.4767807125532
30.7457515843953,46.455694172647
30.7300468141336,46.4900911410708
30.6736233761351,46.3337880636125
30.7062351832971,46.4755176791902
30.7401037875502,46.4578801919291
30.7235369168046,46.4173083937307
30.7104366248122,46.4126214964222
30.6236864652717,46.4441253627838
30.7267022797261,46.3909160341843
30.6859446616661,46.3737967144567
30.6767368052924,46.5131136124564
30.7244924980639,46.3912326921215
30.705370486125,46.466053924932
30.7452945672713,46.4562087417949
30.6413984755155,46.4430602406315
30.7445986548324,46.4405449690625
30.6383707370689,46.4382473998253
30.7468447901294,46.468250739371
30.6559736864081,46.3495220048651
30.7310179755222,46.5291372237537
30.7225891256099,46.4167434471838
30.6823300716852,46.3348747760787
30.6904291421955,46.4539867386563
30.6522941792222,46.3493025033404
30.8142548159218,46.5826578127118
30.6748957533553,46.4650211882505
30.7113143054254,46.4658668088782
30.7610798348672,46.4318566669117
30.7139135903182,46.4164213916681
30.7437417477249,46.4779483886964
30.7720690193493,46.5664218966612
30.65576854804,46.3504000109636
30.655654293759,46.3503100513223
30.6359999607381,46.4436827613489
30.6944695890419,46.488281153089
30.70563794501,46.4032566977694
30.7067181673032,46.4621100942601
30.6093657298231,46.4870145213404
30.7960961753068,46.5776200728025
30.6208820420107,46.4406907036813
30.6682456348633,46.5187198972983
30.7042461201324,46.3821845514058
30.8089445885433,46.5806193272414
30.7525808743735,46.4677127807164
30.6574667821258,46.4342369990189
30.7240848180158,46.3939512724797
30.7066168964632,46.4750193027777
30.6422475925584,46.453599912199
30.7055262874172,46.3878340168755
30.7273514517772,46.4707678101328
30.7096446349098,46.4798879185615
30.7074789969471,46.4057179935536
30.7652916631352,46.4326591069116
30.644044500796,46.4969622584685
30.6823482485026,46.4563850626917
30.6548363369745,46.3505007657617
30.7625521570793,46.553692607426
30.7129528156825,46.4796252364091
30.7067363441206,46.4750696801768
30.7208207809426,46.4169395592017
30.6887750518091,46.4599744523771
30.7170893399925,46.3881020966064
30.6602218683109,46.4945801271685
30.64066880613,46.4448918189271
30.6450000820553,46.4468925213483
30.664296072104,46.5204057409751
30.7094628667355,46.4447964617074
30.725977803717,46.4223641255683
30.7345650516097,46.470622075514
30.7219503403116,46.4113224792028
30.7451491527318,46.4373603977627
30.6516657806767,46.3651246050414
30.7034177765951,46.5131711866268
30.7415085958689,46.4331520857456
30.7403972133173,46.4682777272634
30.7147601106729,46.4171536631478
30.6125700430676,46.4694202147071
30.6596428068413,46.524133668508
30.6364154308508,46.442572659376
30.7752915094112,46.5761141484082
30.7473693211468,46.4449116100482
30.7236667512148,46.4175332928338
30.709787452761,46.3884151561579
30.6871079779817,46.3512348364342
30.6336863115477,46.4439364475372
30.7772260421237,46.5750796125339
30.6394094123508,46.4444762053846
30.639996263885,46.4397227379416
30.7310465390924,46.4701902692361
30.7949250689265,46.5748727053591
30.7055886079341,46.4713363550655
30.6933504164257,46.4291380865535
30.7109455757003,46.3908944438704
30.7063676143955,46.5127717658197
30.7256194607447,46.3702630997489
30.7497738544243,46.4389454866413
30.6367581936938,46.4419015604524
30.635872723016,46.4785475199071
30.7139759108351,46.4017255846755
30.794221366423,46.5705978232075
30.7986097694889,46.5700760572883
30.7646970215363,46.4765126328223
30.7304155438587,46.5583777055417
30.702046725223,46.4785727086066
30.6500869942482,46.4438212991964
30.7506411482846,46.4657912427795
30.6629094406027,46.54180354124
30.6433693618628,46.4548557487906
30.7410126284218,46.4585422948886
30.7403920199409,46.4684198634965
30.7018467802313,46.4394168751614
30.7516928070075,46.4402283111254
30.7310958761683,46.4281179442219
30.8070567962186,46.577235045538
30.7081281689983,46.4916114590077
30.7408360536239,46.4336540605437
30.7343443331123,46.5271509148752
30.7077256823266,46.4801667934494
30.6287006701948,46.4664245586539
30.7278084689012,46.3882280401041
30.6515515263956,46.3496929281834
30.6413751053217,46.4445049924698
30.7330407956336,46.4485747666394
30.7080191080937,46.397562252479
30.7222385727023,46.4247570520252
30.7145653590576,46.4196491435957
30.7729908436619,46.5682174911003
30.7133449156014,46.4201007409948
30.7076036379809,46.4800174604449
30.6950200869413,46.4298595628763
30.6444443907796,46.4397749145335
30.7017299292621,46.4792564018801
30.7347779800425,46.4707012399983
30.6428396374691,46.4426608198244
30.7146069060689,46.3913028606417
30.7408204734947,46.4382060183903
30.7115532007402,46.4168064189326
30.6407648835936,46.4365399658346
30.8024736415374,46.5742627789915
30.7461462810024,46.4458256000032
30.6394172024154,46.4602533272649
30.7210181292461,46.48021177327
30.747410868158,46.4736573138094
30.6948824624664,46.4299998999166
30.6987385444503,46.379205088088
30.6545481045838,46.350826419663
30.6415672602488,46.4431555978512
30.7480340733272,46.4445229843981
30.7563850225933,46.439841484668
30.7053678894368,46.4012847824334
30.7122283396734,46.4705087263661
30.7099094971067,46.4201583151652
30.6963937350015,46.5099848161341
30.7110234763465,46.3936310161569
30.7410983191326,46.457901782243
30.7552165129012,46.4564390384764
30.7491272790613,46.4366946964175
30.6912315188507,46.4791718398173
30.731612617121,46.5582661555866
30.6846696877576,46.4830401043905
30.6422164323,46.4431286099589
30.662405683091,46.4848914738072
30.6828935530256,46.4520166225132
30.7669145932631,46.4304460997371
30.6374904597675,46.4442692982098
30.6393652686513,46.4446579238599
30.6369321718035,46.4398126975828
30.7311270364268,46.475283784123
30.7292444374784,46.4572828599113
30.7227657004078,46.5013181042973
30.7129268488005,46.4608650528253
30.7254948197109,46.3941995610895
30.7464345133931,46.4363258618884
30.7249728853818,46.4245519440432
30.7096913752975,46.4306979867326
30.734962344905,46.4467971641285
30.7956755118176,46.5750040464353
30.7044979988882,46.5683074507415
30.6515333495782,46.3497415063897
30.7244483543644,46.4737310807152
30.7068791619719,46.3953744340041
30.6715979593354,46.4728368818813
30.7600697231556,46.5961535580904
30.7018519736077,46.3651479945481
30.7391819632375,46.4581392756958
30.6139670613217,46.4678279290572
30.8093392851504,46.5784351071521
30.8086927097875,46.5772908205156
30.7095407673816,46.4404837965065
30.8049716555902,46.5785322635647
30.8085524886244,46.5922313177324
30.7118102728725,46.4440839813488
30.7394390353698,46.4712517930027
30.6945812466347,46.4882577635823
30.6437848319756,46.4368620213502
30.7519706526454,46.4612608752468
30.6491521864946,46.4438932669094
30.6444547775324,46.4427075988379
30.7464682703398,46.4680888120168
30.7380498071803,46.4713093671731
30.6546078284125,46.3489768494392
30.7081645226332,46.3885932762476
30.6897643900151,46.4625041174887
30.7370267120277,46.4717321774869
30.7611603322016,46.4321589313063
30.737665497326,46.4317649080777
30.6399521201855,46.4550860454722
30.6436420141243,46.4446165424249
30.7127476773143,46.4154642210854
30.7436274934439,46.3760133200168
30.6924675424361,46.4514678687016
30.7404880974045,46.4682939199988
30.651987770014,46.4505646739036
30.7560474531267,46.4405323747127
30.7420149500688,46.439852279825
30.7468993205817,46.4643734788336
30.6368724479748,46.4410613374032
30.739441632058,46.4674141147075
30.7028023614906,46.4040051619845
30.7416488170319,46.4583695723774
30.7704123322747,46.5711249867051
30.7233992923298,46.5110823237572
30.6933426263611,46.4290877091544
30.6497130711468,46.3889783035121
30.6546311986063,46.3507364600218
30.6608346867272,46.3782209296128
30.7404958874691,46.4578963846645
30.72766565105,46.4899238161381
30.6437354948997,46.4512267768631
30.6372697412701,46.4438986644879
30.6489496448146,46.4434092840395
30.739111852656,46.4692312994605
30.7392235102488,46.4661007039454
30.683672559487,46.4480709926485
30.7683557552166,46.556465163569
30.7439442894048,46.4847799238521
30.6364336076682,46.4384489094217
30.7588570697641,46.4355540081666
30.6400196340789,46.4395302243093
30.7484183831814,46.4387043948028
30.7232097340908,46.4703539957831
30.6903226779791,46.3408193091717
30.6548830773622,46.3497990805601
30.7320930044389,46.4701560845724
30.7538558482819,46.429143484132
30.7560656299441,46.4377112403635
30.6549479945673,46.3502686698873
30.706640266657,46.3940826135559
30.7112415981556,46.4658614112997
30.7122854668139,46.4295483025176
30.7221606720561,46.4871854446588
30.6381733887654,46.4509425043968
30.695739369574,46.4040267522983
30.7665147032796,46.4304245094232
30.7301714551675,46.4522199313024
30.6881492499518,46.4856867170357
30.810653209382,46.5818589710976
30.6444859377908,46.4396597661927
30.809853429415,46.5793203100219
30.6548441270391,46.3505097617259
30.6368075307697,46.4419915200936
30.6946695340337,46.4062523538226
30.7963065070514,46.5758730565697
30.6946150035814,46.4466784174021
30.7671872455246,46.5569041666182
30.7989421455791,46.5729907496644
30.7040487718288,46.3855202549029
30.7344014602528,46.4634900751567
30.7505632476385,46.4508543439484
30.6949447829833,46.4300628716655
30.7690257007734,46.4368710173144
30.6447196397292,46.4449116100482
30.6427539467583,46.4368422302292
30.7602359112007,46.4761797821497
30.7590959650789,46.4386594149822
30.6548778839858,46.3507976325778
30.7490519751034,46.388598673826
30.7121738092211,46.3809359115854
30.799575737501,46.5750346327133
30.6970506971173,46.4273227009934
30.711132537251,46.3997860548104
30.6210040863563,46.4607930851124
30.7168971850653,46.4258005838636
30.7020181616528,46.5343224974747
30.7078866769953,46.3976072322996
30.7226592361914,46.4978672524594
30.7371253861795,46.4675994315684
30.6354962032264,46.4380728781213
30.7670885713728,46.4308545165084
30.6940878758758,46.4095160896067
30.7566213212199,46.4639308773987
30.6412530609761,46.444184736147
30.7286497958795,46.4720218475317
30.7104703817589,46.4796090436737
30.7048849054307,46.4691449382049
30.6365686354549,46.443794311304
30.7040435784524,46.4590478680723
30.7318956561353,46.387407608176
30.6434628426382,46.4419627330084
30.6440470974842,46.4432797421561
30.6315180768969,46.4542296296876
30.7973711492153,46.5714380462566
30.7439728529751,46.4424269247572
30.6338810631631,46.4420778813492
30.6390900197016,46.4440336039497
30.7225060315874,46.5001990063603
30.7152145311087,46.3830517623473
30.6376774213183,46.4382491990181
30.6953472696551,46.4324378061941
30.784146216189,46.5800094008738
30.7549386672633,46.4407716673584
30.6948798657782,46.4316875427862
30.7752785259702,46.5760457790808
30.7475069456216,46.4490497535452
30.7049576127004,46.4415129348022
30.6846125606171,46.4448576342635
30.725559736916,46.4273083074508
30.7967531374226,46.5774743381837
30.7385561613802,46.4520993853831
30.7934527467145,46.5661448209662
30.7062351832971,46.4459425475368
30.7445882680796,46.479308578472
30.7991680574529,46.5728126295747
30.7668392893051,46.5566936610577
30.8091315500941,46.5781310435647
30.7229812255288,46.5019424242074
30.7099925911292,46.4422919852953
30.7134383963768,46.4164717690672
30.7126256329687,46.3989800164249
30.6540417503839,46.3498566547305
30.6446936728472,46.4370311454757
30.7291561500794,46.4531195277148
30.7413398111356,46.4809476431353
30.7409944516044,46.4694615961421
30.7325292480573,46.4621334837668
30.6455246130727,46.4441325595551
30.660247835193,46.4858018653765
30.7037735228791,46.3818930821682
30.6523798699329,46.3497648958964
30.8131044830472,46.5816826502008
30.6984736822534,46.4046420762444
30.7969660658553,46.5700292782748
30.751331867347,46.4151097800989
30.7067493275616,46.5126854045641
30.7060326416171,46.4226789843126
30.7164583447588,46.469267283317
30.7393793115411,46.4675310622411
30.6374047690568,46.4385370698701
30.686780795268,46.4809044625075
30.6855188048005,46.4816889105791
30.654651972112,46.3505115609187
30.7224566945115,46.5065321651034
30.6979621346771,46.434605833548
30.765060557885,46.4429576866405
30.7611369620078,46.432212907091
30.6810083573891,46.3921844651258
30.6336759247949,46.4430512446674
30.6221518225427,46.4506474367735
30.7409243410229,46.4604620336326
30.6581990481995,46.4350790212609
30.7561045802672,46.4377292322918
30.6859083080312,46.4815305816105
30.6839711786305,46.3929257325696
30.738857377212,46.4574717751579
30.7133838659245,46.493014829411
30.7450868322149,46.5454415091317
30.7444844005514,46.4488914245766
30.7684076889807,46.573642057467
30.7602333145125,46.476217565199
30.6491054461069,46.4426644182101
30.7124075111595,46.3992804816266
30.7251936038792,46.3989548277254
30.7217893456429,46.4119342047632
30.8072255809519,46.575603177646
30.723757635302,46.4781840829565
30.7074166764302,46.3538238749091
30.7331498565382,46.3853151469208
30.7330200221279,46.4716278243031
30.8065192817602,46.5728594085882
30.7655071882562,46.4313960735486
30.7113948027597,46.4743841877106
30.8156466407995,46.5826200296625
30.7017558961441,46.4794597106692
30.6387342734176,46.4445373779407
30.7117012119679,46.4171284744483
30.7442792621832,46.4541774530957
30.7853199192575,46.5729457698438
30.7301870352967,46.4688228826893
30.7684570260566,46.5564633643762
30.6946253903342,46.4415885009009
30.7123893343421,46.4295069210826
30.6975155043059,46.4054715041366
30.6456103037834,46.4473747050253
30.713682485068,46.3939836579505
30.7389248911053,46.4587923826912
30.6442652192934,46.4397659185694
30.7410489820567,46.4601615684309
30.7188498945952,46.4568996318396
30.6902317938919,46.4956200606212
30.7001978832213,46.4920018838506
30.7090551866873,46.4309390785711
30.683457034366,46.4873995486049
30.8118580727089,46.5899787283158
30.6401650486183,46.4397029468205
30.7403894232527,46.4781858821493
30.7483197090297,46.4326896931896
30.7240718345748,46.4771909285172
30.8000535281307,46.5759342291257
30.6441431749478,46.4415543162372
30.6943657215137,46.4117560846735
30.7182526563082,46.382058607908
30.7038280533314,46.4932649172136
30.7134955235173,46.4680366354248
30.7649930439916,46.4366731061036
30.6342575829528,46.4431879833221
30.6542988225162,46.3495759806498
30.8084226542142,46.5772314471524
30.7099484474297,46.4880706475285
30.6384252675212,46.4536952694187
30.6545065575725,46.4932523228639
30.718135805339,46.4031721357066
30.7448323567708,46.4484758110341
30.7319683634051,46.4860735434931
30.6409440550797,46.4532688607192
30.6561450678297,46.3500491683627
30.7472628569304,46.3923931714935
30.735951683111,46.4783855925529
30.6565994882655,46.4729394358723
30.7298650459593,46.5286730320049
30.7408412470003,46.4378659709464
30.6541923582998,46.3495687838785
30.6372489677645,46.4438626806314
30.7556293863257,46.4073102792035
30.7288938845708,46.4538823854725
30.646822957175,46.4352283542653
30.7251858138145,46.4966851827735
30.707541317464,46.4061911812665
30.6512606973167,46.350579930246
30.730597312033,46.4698304306711
30.6354079158274,46.4866762730894
30.7100081712584,46.4880382620577
30.6437510750289,46.4742492482487
30.6669472907609,46.3348963663926
30.7084449649593,46.4189330648515
30.7983734708622,46.5696586445529
30.7096238614042,46.4051656413564
30.7235187399872,46.4701506869939
30.7259544335231,46.4217056209944
30.6462932327813,46.4391451970448
30.6872585858976,46.4808900689649
30.7398285386005,46.4582490264581
30.7023141841081,46.4244349965096
30.7705058130501,46.556423782134
30.7276760378028,46.3863352892525
30.7040799320873,46.442932497941
30.6441249981304,46.455159812378
30.7254117256883,46.4763668982035
30.7118570132601,46.4774967912974
30.6461062712305,46.4432203687929
30.8015336404073,46.5772242503811
30.7134383963768,46.3829995857554
30.6124116450871,46.5147058981063
30.7588336995702,46.4852315212511
30.7479847362513,46.4339401322028
30.7668912230692,46.4310002511272
30.6402065956296,46.4430800317526
30.6861316232168,46.4814963969469
30.7123296105134,46.4143271312201
30.6835115648183,46.448630541617
30.8075371835364,46.5776992372868
30.7006289334633,46.5052907220543
30.7424278234933,46.4392909316636
30.7006704804746,46.4591612172203
30.7491662293844,46.4449206060123
30.7311530033088,46.427891245926
30.7384886474869,46.4756382251095
30.7045187723938,46.401504283958
30.6358883031453,46.4454441711243
30.6717044235518,46.4983764240288
30.6410063755966,46.4526841230512
30.6387316767294,46.4507032117511
30.7283953204355,46.5559362008785
30.6399131698625,46.4400232031433
30.7581299970668,46.4464193336354
30.7288679176887,46.3876091177724
30.7277565351371,46.4289365769572
30.7442351184838,46.4569230213463
30.6548726906094,46.3498386628022
30.740799699989,46.4681427878015
30.7113454656838,46.4781157136292
30.7401323511204,46.4705519069939
30.643003228826,46.4373154179421
30.7328720109003,46.4809566390994
30.722615092492,46.4236649419806
30.7306051020976,46.4365075803637
30.7011924148037,46.5567458376496
30.7225553686633,46.5003357450149
30.6477681516815,46.4484992005408
30.7184162476651,46.4629773052016
30.7048355683548,46.5139250484204
30.7270294624398,46.4735781493251
30.6445820152544,46.4370869204533
30.636989298944,46.4438320943533
30.6874741110186,46.349604767735
30.6960042317708,46.4457590298687
30.6390536660667,46.4538446024231
30.7101561824861,46.4207070689767
30.6354001257628,46.444010214443
30.644119804754,46.4531968930062
30.7320462640512,46.4619139822422
30.710649553245,46.4758811161408
30.7651306684665,46.4366461182113
30.7405192576629,46.4795712606244
30.6403078664696,46.4542098385666
30.7247911172074,46.4299387273606
30.7557072869719,46.5743887224892
30.7992303779698,46.5765747417713
30.7240692378866,46.3934870807309
30.7279383033115,46.4287422641321
30.721295974884,46.4068694769615
30.7313062079129,46.4619607612556
30.7121244721452,46.3757812241424
30.7497686610478,46.3828556503294
30.7473641277704,46.4382042191975
30.6543715297859,46.3498782450444
30.6933737866195,46.4289563680782
30.715230111238,46.4170996873631
30.7314542191405,46.4694651945277
30.7584909367272,46.444215322425
30.7408438436885,46.4849022689641
30.6541040709008,46.3495705830713
30.715902653483,46.4812085260949
30.700345894449,46.3794281879982
30.6957809165852,46.4693104639448
30.7625599471439,46.4320275902301
30.7370630656626,46.4671982115685
30.6804968098127,46.4883819078872
30.6430395824608,46.4658128330934
30.720039177793,46.4116913137318
30.646493177773,46.4429774777616
30.6708267429387,46.5128599262681
30.7328616241475,46.474225858742
30.7009690996181,46.4729070504015
30.6432888645285,46.453198692199
30.7181825457266,46.4227113697835
30.7097069554267,46.3883233973238
30.7399713564518,46.4712122107605
30.7500309265565,46.4293881743562
30.6437225114587,46.4390390446682
30.7163051401547,46.4811905341667
30.7446220250263,46.4600626128255
30.7182137059851,46.4629377229595
30.733832785536,46.4829105625071
30.7027582177911,46.4414499630534
30.6326060892546,46.4026863536439
30.7948108146455,46.5703207475125
30.6146525870078,46.5223812546967
30.630554705573,46.4124235852115
30.6502401988523,46.4502282248454
30.6159431410455,46.4888191117436
30.706601316334,46.4632993607173
30.7020545152876,46.3730968284479
30.6947993684439,46.4471534043079
30.7451984898077,46.4261334345362
30.6875104646535,46.4770451938984
30.6551790998175,46.3491495719503
30.7251884105028,46.4869821358696
30.6370360393317,46.4393700961479
30.6463347797925,46.4394186743542
30.6397703520112,46.4410829277171
30.6806162574702,46.3264401601162
30.7275280265751,46.4738552250201
30.7089565125356,46.4756814057372
30.665641156594,46.3328147002943
30.7223554236715,46.4998301718312
30.6774638779897,46.3394591193962
30.7484079964286,46.4384794956997
30.7351207428855,46.4705842924647
30.7503658993349,46.3982729336448
30.7985656257894,46.5710494206065
30.7623236485173,46.4322722804543
30.6561009241302,46.3501067425331
30.6230918236728,46.444780268972
30.6689830943134,46.4611961043051
30.7391663831083,46.4653576373088
30.7035917547048,46.3872546767859
30.7029919197295,46.3755869113174
30.7011015307165,46.3520984489901
30.7268009538778,46.3908980422561
30.7148613815129,46.4185390416229
30.7197821056607,46.495416751832
30.7470057847981,46.4454441711243
30.7064662885473,46.4657462629589
30.6145227525975,46.5192560567601
30.6929141728073,46.3495112097081
30.6465554982899,46.4432797421561
30.7441416377084,46.471228403496
30.7587142519128,46.4359588265522
30.7059002105187,46.3956766983986
30.7226955898263,46.423609167003
30.7476056197734,46.434071473279
30.7222905064664,46.4715414630475
30.7330667625156,46.4887903246585
30.7437703112951,46.3823572739169
30.7261154281918,46.4995602929075
30.6095371112446,46.4843948965876
30.6367789671995,46.4442585030528
30.8025878958184,46.5744247063457
30.6430214056434,46.4427705705867
30.7468370000648,46.4745587094146
30.758576627438,46.4338933531894
30.7071258473513,46.478322620804
30.6450675959487,46.4399602313945
30.7145783424986,46.3914054146327
30.7070739135872,46.4647585060981
30.689013947124,46.3783828569671
30.7047732478379,46.3888343680861
30.7195146467756,46.4956560444777
30.7505658443267,46.4658056363221
30.6235618242379,46.5090564326365
30.6445846119426,46.3730248607349
30.6340680247138,46.4418511830533
30.7072608751379,46.4023319126574
30.6741089568293,46.3341497013703
30.7461488776906,46.4377400274487
30.6328553713223,46.4429846745329
30.7066376699688,46.4210597107704
30.8010298828956,46.5803422515464
30.6927635648914,46.3431744525793
30.6489470481264,46.4427183939948
30.8096430976704,46.5808514231158
30.6949395896069,46.4291344881679
30.7584182294575,46.4454117856535
30.6460777076603,46.4432869389274
30.6919533981716,46.4804690578439
30.7059729177884,46.4234220509493
30.6399806837558,46.444112768434
30.641987923738,46.4373280122918
30.7173931525124,46.3885285053059
30.7634609979509,46.5582769507435
30.6438627326217,46.4414517622462
30.6454622925558,46.4379415370451
30.7041240757867,46.4590496672652
30.7585091135447,46.4404730013495
30.7284186906293,46.3881020966064
30.7277071980612,46.3871359300595
30.7034723070474,46.512706994878
30.7926451766828,46.5671109875131
30.7314178655057,46.4203976078108
30.7128541415307,46.3934906791166
30.7143134803017,46.4153112896952
30.6370879730958,46.4436845605417
30.694965556489,46.4775327751539
30.6411777570181,46.4447964617074
30.710002977882,46.4209661527435
30.7318177554892,46.387756651584
30.6408791378746,46.4449098108554
30.6140813156027,46.4906183045684
30.6970455037409,46.4705465094154
30.7089513191592,46.3973823331965
30.7126567932272,46.4144566731035
30.7120387814345,46.3928753551705
30.7106729234388,46.4067903124772
30.702693300586,46.4786086924631
30.6953316895258,46.4463779522004
30.7272371974962,46.463846315336
30.7303765935356,46.4600536168614
30.7048667286133,46.4450105656536
30.7100237513877,46.4070350027013
30.6448105238164,46.4410811285243
30.610175896543,46.5092075648338
30.7063805978366,46.3960617256631
30.7414125184053,46.4809188560501
30.6455401932019,46.44219302969
30.7526354048258,46.4701488878011
30.7078347432312,46.4479666394646
30.7037267824914,46.3791493131104
30.7104677850707,46.3888901430636
30.6943968817722,46.4419825241295
30.7017636862087,46.3682965819914
30.7410827390033,46.4605969730945
30.6535379928722,46.4510864398228
30.7300623942629,46.4358940556105
30.7058456800664,46.4218819418913
30.6622213182285,46.5415390598948
30.6341225551661,46.4417594242192
30.6960016350826,46.4051350550784
30.6877130063334,46.4649942003582
30.734720852902,46.4634630872643
30.6224608284391,46.4448162528285
30.7719054279924,46.5575158921786
30.6117287160893,46.5033439954179
30.7230773029924,46.4151241736415
30.6415646635606,46.4442674990169
30.7072271181913,46.4218477572276
30.6405078114613,46.4372326550721
30.7557410439185,46.4405737561477
30.7302883061367,46.4534020009882
30.7500542967504,46.4371966712156
30.6380253775377,46.4438914677166
30.6502765524872,46.4714515034062
30.6952459988151,46.4392783373139
30.7007613645617,46.4788893665438
30.6680482865597,46.5270069794492
30.6946903075393,46.4298217798269
30.654309209269,46.3494338444167
30.7612018792129,46.475735381522
30.7441468310848,46.4708343802673
30.6720497830831,46.4695317646622
30.704736894203,46.5139826225907
30.7365956617857,46.4714389090565
30.7261206215682,46.4309930543559
30.7138278996075,46.4011516421644
30.655007718396,46.3497469039682
30.7001848997803,46.4726983440338
30.7682908380115,46.438373343323
30.6944617989773,46.4419123556093
30.6456362706655,46.4370365430542
30.7123218204488,46.3953798315826
30.6989852298298,46.4047950076345
30.6868327290321,46.4780437459162
30.8148858111555,46.5940071210504
30.640211789006,46.4392909316636
30.7075646876579,46.4029436382178
30.7208181842543,46.4126610786644
30.7084138047008,46.4344421070009
30.6203627043698,46.4404190255648
30.7097718726318,46.4502804014373
30.7509423641163,46.4640154394615
30.6542001483644,46.349430246031
30.7591115452081,46.456946410853
30.8029462387906,46.5737949888571
30.8081967423404,46.5766665006054
30.7077256823266,46.4341092563283
30.7004160050305,46.5048859036688
30.7126230362805,46.4725598061863
30.7410308052392,46.4322416941762
30.7274708994346,46.3880661127499
30.7453049540241,46.4640118410759
30.6349976390911,46.4443070812591
30.7267749869958,46.4164663714887
30.7645645904379,46.4767735157819
30.6945578764409,46.4300214902305
30.7200054208463,46.4279578160605
30.7183461370835,46.488363915959
30.7107871777198,46.3882730199248
30.6411699669535,46.4417810145331
30.7092109879796,46.4880670491429
30.6345094617086,46.4373891848479
30.6417620118642,46.4432167704073
30.6786142108644,46.3265409149144
30.7396987041903,46.468425261075
30.7155261336933,46.3934744863811
30.7643049216174,46.477583152553
30.707528334023,46.4031199591147
30.7212803947548,46.4118964217139
30.7092421482381,46.4490371591954
30.7507943528887,46.4568582504046
30.6375657637255,46.4382006208118
30.722500838211,46.4785313271717
30.6933815766841,46.4483336748009
30.801834856239,46.5743689313682
30.7042175565621,46.3874004114047
30.6401624519301,46.4431466018871
30.6402896896521,46.4444474182994
30.6549843482022,46.3499933933852
30.6543507562802,46.3508030301563
30.7130540865225,46.4796288347948
30.7649930439916,46.4367126883458
30.711309112049,46.4744885408944
30.7195977407982,46.4062037756163
30.674041442936,46.4971043947017
30.6638728119267,46.3594787379573
30.7385899183269,46.4513185356972
30.7670755879318,46.5568214037483
30.6153433060702,46.4825741134489
30.6810161474537,46.3262890279189
30.6462309122643,46.4418601790174
30.7297871453132,46.4268675052087
30.7390754990212,46.4376788548927
30.7446427985319,46.4569949890593
30.7928607018038,46.5671073891274
30.7223917773064,46.4121429111308
30.726460787723,46.4689110431377
30.6970740673111,46.427356885657
30.6361220050837,46.443907660452
30.7103587241661,46.4795460719248
30.7236278008918,46.3915601452156
30.7667510019062,46.5570103189949
30.7033866163366,46.400437362613
30.6287110569477,46.4662698280709
30.7570341946444,46.4386684109463
30.6146188300611,46.4882901490532
30.6360596845668,46.4436971548915
30.7675274116794,46.5553064833898
30.7251546535561,46.3695560169688
30.6446728993416,46.4390354462825
30.7113246921782,46.4790081132702
30.7045940763518,46.445201280093
30.645148093283,46.4449673850258
30.6957679331442,46.4292082550737
30.7449855613749,46.4625383021524
30.7021739629451,46.3478253660313
30.6402793028993,46.4430818309454
30.6816133857407,46.4515326396433
30.6399261533035,46.4441109692412
30.7257129415201,46.3702307142781
30.6949707498654,46.4319664176741
30.7447856163832,46.4372092655654
30.7570939184731,46.4388285391077
30.6459634533793,46.4428407391069
30.7067726977555,46.4630096906725
30.7470135748627,46.401689600819
30.7210285159989,46.4169251656591
30.6624654069197,46.4471030269088
30.8108479609973,46.5821792274205
30.7517888844711,46.4614174050226
30.7009405360478,46.4247480560611
30.7276033305331,46.422141025658
30.6701723775111,46.4829861286058
30.6364128341626,46.4438824717524
30.7373461046769,46.4665505021516
30.8107389000927,46.5827171860751
30.723098076498,46.4153922533724
30.6548726906094,46.3503010553582
30.7112571782849,46.4790297035841
30.6208041413645,46.4571263301355
30.7340015702693,46.4351995671801
30.6728339829209,46.4984681828628
30.7507891595123,46.4269592640427
30.7107144704501,46.4466334375815
30.6207184506538,46.4522181321096
30.7591868491661,46.4816025493235
30.7998198261922,46.5705528433868
30.7558527015113,46.4639632628696
30.7525808743735,46.467583238833
30.7126879534856,46.3982657368735
30.722615092492,46.4711888212538
30.6992630754677,46.487870937125
30.7212985715722,46.3766736237835
30.7067207639914,46.3957000879054
30.707769826026,46.480663370669
30.7591297220256,46.4765018376653
30.7247495701962,46.498158721697
30.8074878464605,46.5904609119928
30.7972906518809,46.5722440846421
30.6279450339273,46.507942732278
30.7079126438773,46.4342298022476
30.7520070062802,46.4000649296982
30.6442963795519,46.4415489186587
30.7122517098672,46.3992588913127
30.7018831338661,46.366895010781
30.7073543559133,46.4790728842119
30.7007509778089,46.4729610261862
30.7487195990132,46.4580367217048
30.686489966189,46.3493258928472
30.7647229884184,46.4764604562304
30.7270372525045,46.4281341369573
30.655324514357,46.3505277536541
30.808521328366,46.5772026600672
30.7389924049986,46.4554746711224
30.6153355160056,46.4826424827762
30.6546597621766,46.3505691350891
30.6918391438906,46.4803844957812
30.7950471132721,46.5743005620408
30.7031295442044,46.5131495963129
30.6367633870702,46.4382797852961
30.7065338024406,46.5129192996313
30.7639024349457,46.5585648215955
30.7409035675172,46.4755176791902
30.7191147567921,46.4939198234018
30.7278240490305,46.480602198113
30.7485534109681,46.4650859591922
30.7913598160215,46.5789730658067
30.6274542598566,46.4270528220696
30.7128229812723,46.4146329940003
30.7239238233471,46.4884574739859
30.7559150220282,46.4684954295952
30.7231422201975,46.4968776964057
30.7111792776387,46.4074883992932
30.6265869659963,46.5077394234888
30.6383006264874,46.4610575664576
30.7144978451643,46.4196797298738
30.7301247147798,46.4348343310367
30.7006211433987,46.4788066036739
30.7623314385819,46.4322111078982
30.7948861186034,46.570304554777
30.7049108723127,46.4584037570411
30.7417786514422,46.4848500923722
30.7218023290839,46.4118172572296
30.8087004998521,46.5780374855379
30.7173593955658,46.3884511400144
30.6373528352927,46.4387583705875
30.627090723508,46.5077898008879
30.7271670869147,46.4904617747927
30.7219139866767,46.4987812424143
30.6739765257309,46.469062175335
30.7244197907942,46.4760016620601
30.6401027281014,46.4443754505864
30.6541715847941,46.3507508535644
30.7422512486954,46.462306206278
30.7243990172885,46.4980111878853
30.7286030554918,46.4843841014306
30.7367748332718,46.4650535737214
30.7072219248149,46.4037820620742
30.6947162744213,46.447018464846
30.7011846247391,46.4245789319356
30.6732182927751,46.3331709404737
30.6862848278209,46.4826388843906
30.7147497239201,46.4703414014334
30.7523757360053,46.5474458099385
30.6784895698306,46.3265319189503
30.6404922313321,46.4431807865508
30.6976635155336,46.4043128239575
30.6833843270963,46.4479054669086
30.7060482217464,46.4469932761465
30.678279238086,46.4987794432215
30.7664497860744,46.5823051709182
30.6949188161013,46.4301672248493
30.7384185369054,46.4712553913883
30.644260025917,46.4415453202731
30.6564488803496,46.3501157384972
30.7022804271614,46.4784413675304
30.8143872470202,46.5828287360302
30.6447482032995,46.437049137404
30.7302934995131,46.4284705860155
30.7459671095163,46.4379361394666
30.6371580836773,46.4438644798242
30.6888451623906,46.3490686082732
30.8056441978352,46.5750778133411
30.6399131698625,46.4414373687036
30.7231681870795,46.4152087357042
30.6864250489839,46.4457536322902
30.7283823369945,46.3892571783999
30.6368828347277,46.4531501139928
30.6424864878733,46.4391703857444
30.75715623899,46.4407950568651
30.7232227175318,46.4102915417142
30.7988123111688,46.5706913812344
30.6349249318214,46.4442171216178
30.7051134139927,46.4710682753346
30.6614630852727,46.5117192380172
30.7111818743269,46.4637581548876
30.6406480326244,46.4373064219779
30.6543663364095,46.3492917081835
30.713098230222,46.4721441926438
30.6541222477182,46.3498602531161
30.8080954715004,46.5841475443707
30.7284290773821,46.3893327444985
30.6948876558428,46.429215451845
30.7279616735053,46.4699419806263
30.8100507777185,46.5807020901113
30.6585651812364,46.495663241249
30.7196652546915,46.3988324826133
30.7452322467543,46.4640172386543
30.7482937421476,46.4768166964097
30.6932465488975,46.3659000571489
30.716588179169,46.4205469408153
30.7279045463648,46.4287008826971
30.6413127848048,46.4432761437705
30.7476861171077,46.4457320419763
30.6439743902145,46.4450411519316
30.743578156368,46.4779519870821
30.6972869957439,46.3795703242314
30.6523331295452,46.3492341340131
30.6414737794735,46.4417864121116
30.6237929294881,46.5091535890491
30.8119463601079,46.5838542759403
30.6908108553616,46.4797205936288
30.7234927731051,46.5079319371211
30.7267464234255,46.4727541190114
30.7407893132362,46.4609748035877
30.7240043206814,46.3858531055754
30.6987281576975,46.4266462044912
30.7378316853711,46.4827234464534
30.6421748852887,46.4533264348896
30.7614433712159,46.4313654872706
30.6149927531626,46.4560989910326
30.643815992234,46.4403920376724
30.7125035886231,46.4438230983892
30.703708605674,46.3815836210023
30.7292963712425,46.4719390846617
30.7584519864042,46.4338735620683
30.6918884809665,46.496607817482
30.7544842468275,46.4637365645737
30.6375683604137,46.444226117582
30.7044876121354,46.5141769354158
30.6408739444982,46.4365327690633
30.6936931792687,46.4294097646701
30.7563252987646,46.4369735713054
30.7208233776308,46.3987173342725
30.6763810590084,46.4550554591942
30.6510373821311,46.3650166534719
30.654766226393,46.3507490543716
30.6308507280283,46.5055390106641
30.807506023278,46.5760097952244
30.6917742266855,46.3453820621753
30.7563278954528,46.4378101959689
30.7038254566432,46.5130038616941
30.6832544926861,46.4488392479847
30.7340145537103,46.432561950499
30.6979725214299,46.4359768184804
30.7109819293352,46.3974435057526
30.8141483517054,46.5827801578239
30.6382253225294,46.4506780230516
30.7049705961414,46.3875803306872
30.7026673337039,46.4004661496982
30.6439120696976,46.4465524739044
30.6402974797168,46.438035095072
30.8010376729602,46.5981344693904
30.7108027578491,46.3974327105956
30.7705499567496,46.5564489708336
30.7118336430663,46.3811410195674
30.7100678950871,46.4063962892486
30.7612719897944,46.4333212098711
30.728135651615,46.4292946163293
30.6846281407463,46.4829357512067
30.6807357051276,46.4627955867263
30.7723676384928,46.5664740732531
30.6541092642772,46.3496137636991
30.7977061219937,46.5698871420417
30.6435433399725,46.4406637157889
30.7401920749491,46.4688066899538
30.654968768073,46.3498800442372
30.645033839002,46.4370455390183
30.661364411121,46.447079637402
30.6949292028541,46.4301222450287
30.7348844442589,46.5271401197182
30.657557666213,46.3496587435198
30.7244873046875,46.3990070043173
30.7498231915001,46.3826757310469
30.7327785301249,46.4472577574917
30.7125918760221,46.398188371582
30.6135282210151,46.486516144928
30.6363011765698,46.3972401969634
30.7244068073532,46.4780221556023
30.7033736328956,46.4006082859313
30.6450727893251,46.4468691318415
30.6936282620636,46.3946421625244
30.7044356783713,46.4608218721976
30.7473615310821,46.4480637958772
30.645592126966,46.4453020348912
30.6384070907038,46.4538679919299
30.6417100781001,46.4417972072685
30.7078191631019,46.4342351998261
30.6898293072202,46.3419851861222
30.7086007662515,46.4111551542701
30.7255363667222,46.394512620641
30.6435537267254,46.4433930913041
30.6342134392533,46.4438392911246
30.7439053390818,46.454544488432
30.6146603770724,46.4906290997254
30.7289432216467,46.4528784358762
30.7104106579302,46.4303381481676
30.7238043756897,46.3918498152604
30.7223164733484,46.4124613682608
30.7914325232913,46.5791062060758
30.7120439748109,46.4440911781201
30.7381354978911,46.4713399534511
30.6436731743828,46.4517755306747
30.6692219896282,46.4913361825055
30.7275358166397,46.5590667963936
30.75611496702,46.4526211513023
30.8048184509862,46.5743509394399
30.7037423626207,46.3886346576825
30.7151236470216,46.3922636296101
30.7421214142852,46.4624159570403
30.7082060696444,46.4226178117566
30.7218127158367,46.4624213546188
30.6438835061274,46.4406853061028
30.648497821067,46.3640630812748
30.7445519144447,46.3872186929294
30.7512981104004,46.4149838366011
30.7384964375515,46.454051509598
30.7057625860439,46.406905460818
30.7650164141855,46.4365489617987
30.7057366191618,46.4708055931821
30.7670392342969,46.4308958979433
30.7255259799694,46.4983242474369
30.6533951750209,46.4740333451098
30.7132306613204,46.4162180828789
30.7471356192083,46.4494167888814
30.7233681320713,46.3984618488914
30.7083670643131,46.4312323470016
30.8095314400776,46.5784495006947
30.7055912046224,46.4326159262838
30.6417775919934,46.3909592148121
30.654994734955,46.3497037233404
30.6444184238975,46.3505979221743
30.7377226244665,46.4547783834992
30.6441224014422,46.4537456468178
30.7464500935223,46.3876145153509
30.7064065647186,46.4583030022429
30.7411190926382,46.4608506592828
30.7241808954794,46.424523156958
30.6419671502323,46.4442710974026
30.6519955600786,46.4893120905776
30.7219139866767,46.4985779336251
30.6404688611383,46.4507823762354
30.610848438788,46.4849220600852
30.6916573757163,46.4888604931786
30.71007828184,46.4880922378424
30.7142797233551,46.3826685342756
30.7110780067988,46.4748681705805
30.7213297318307,46.4739721725537
30.7005198725587,46.4554692735439
30.6600998239653,46.4858432468115
30.7249131615531,46.5534443188162
30.8001677824117,46.5698133751359
30.6447300264821,46.4428551326495
30.7599658556275,46.4765504158716
30.7054198232008,46.404307426379
30.7790774808136,46.5604935563036
30.6360285243083,46.4376662605429
30.6367192433708,46.4407302859235
30.7204312777119,46.4116715226108
30.694178759963,46.4468763286128
30.675830561109,46.5030849116512
30.6422475925584,46.4418511830533
30.7226176891802,46.4158258588431
30.7118232563135,46.3813677178633
30.7652085691126,46.4307069826967
30.7419500328637,46.4576588912116
30.7280967012919,46.480272945826
30.7954106496208,46.5704161047322
30.6370801830312,46.4396021920223
30.7064325316007,46.4033844404599
30.7461982147665,46.4703971764109
30.6456700276121,46.444996172111
30.7277643252018,46.388393565844
30.7182240927379,46.4033466574106
30.7519291056341,46.4706454650207
30.6355507336787,46.4382366046683
30.7650008340563,46.4298325749839
30.7982514265166,46.576187915314
30.6586093249359,46.4918507516534
30.6412452709114,46.4417810145331
30.7969167287794,46.5766988860762
30.6400248274553,46.4394762485246
30.6449377615384,46.4369177963278
30.6611722561938,46.4472469623347
30.7259336600175,46.4376392726505
30.6494845625848,46.5245978602568
30.6817146565807,46.4568816399113
30.6948331253905,46.3654106767005
30.7306933894966,46.4519788394639
30.7113922060715,46.4749023552441
30.6366621162303,46.4428551326495
30.7402725722835,46.4803359175749
30.7066117030868,46.4466064496891
30.7668081290467,46.555160748771
30.6166442468607,46.4780509426875
30.8079682337784,46.5916573752213
30.7039189374186,46.4930724035814
30.7090110429879,46.4764514602662
30.7413839548351,46.4590892495073
30.6368984148569,46.4401635401837
30.6664565166903,46.4969874471681
30.7185253085697,46.5008773020552
30.6907563249093,46.3450708018166
30.6937165494625,46.4834737098613
30.7260505109867,46.4216228581245
30.6151667312723,46.4349620737273
30.7390001950632,46.4577524492385
30.7001589328983,46.4957550000831
30.7465461709859,46.4361801272696
30.7184759714938,46.4629287269954
30.7211064166451,46.410498448889
30.6156367318373,46.4830688914757
30.7420642871447,46.4557265581178
30.7383847799587,46.4713183631372
30.7125892793339,46.4111299655705
30.6134217567988,46.4661690732727
30.6288772449928,46.5060409854622
30.695308319332,46.4292820219795
30.723656364462,46.4067363366924
30.7265516718102,46.4170816954348
30.7313425615477,46.4202842586629
30.6923532881551,46.4802909377543
30.6677107170931,46.5347417094028
30.7053237457373,46.5135436195415
30.6373294650988,46.4388015512153
30.7103872877363,46.397387730775
30.8051767939584,46.5969416045476
30.6356468111422,46.4438141024251
30.7232201208436,46.4226430004561
30.7063520342663,46.4712535921955
30.7056846853977,46.5124784973892
30.686679524428,46.3499394176004
30.7210051458051,46.4126898657496
30.7572782833357,46.4331808728308
30.6356883581535,46.4436593718422
30.731612617121,46.4824535675296
30.7157494488789,46.4211514696044
30.7297118413552,46.4528748374906
30.7130125395112,46.411412438844
30.7012703154498,46.4785151344363
30.8093548652797,46.5825192748643
30.7264659810994,46.4308689100509
30.6935945051169,46.35694547446
30.6449948886789,46.4369105995565
30.7811911850122,46.5723826224896
30.7116103278807,46.3964539496989
30.6952122418684,46.4291290905894
30.6699386755727,46.4913739655548
30.7287302932139,46.3887641995659
30.6419256032211,46.4374179719331
30.7259855937816,46.468034836232
30.7589401637866,46.4726497658275
30.7228539878068,46.4169395592017
30.7180553080046,46.3851604163379
30.6906368772518,46.3404036956292
30.7225943189863,46.4237405080792
30.755556679056,46.4289923519347
30.620606793061,46.4572396792835
30.7073595492897,46.4028176947201
30.7333575915945,46.4716835992806
30.712983975941,46.4157287024306
30.7116285046981,46.4076629209972
30.6542157284936,46.3494698282732
30.6557841281692,46.3502632723089
30.6873754368668,46.3510747082728
30.650312906122,46.3649680752656
30.7079671743296,46.3528846962545
30.8093652520325,46.5786582070624
30.6734545914018,46.475283784123
30.7340041669575,46.4325979343555
30.7361438380381,46.4787112464541
30.7015611445288,46.4240643627877
30.7433314709886,46.4848716826861
30.661263140281,46.4473279260119
30.7407529596013,46.4619733556054
30.7332900777012,46.4890638019678
30.7438456152531,46.484749337574
30.6791023882469,46.4906668827747
30.7142018227089,46.4167632383048
30.7403478762414,46.4529054237686
30.7023297642373,46.3828826382218
30.7072504883851,46.396955924497
30.7489429141988,46.433630671037
30.703594351393,46.3887875890726
30.7128281746487,46.3815386411817
30.7018493769195,46.4341218506781
30.7444454502283,46.387213295351
30.721752992008,46.4072221187551
30.7190654197162,46.4680636233172
30.639006925679,46.4526967174009
30.6776300660348,46.4896089573937
30.8087056932285,46.5792051616811
30.628778570841,46.5061651297672
30.6432862678403,46.4428929156988
30.7491766161372,46.4405827521118
30.7557670108006,46.4375942928299
30.7462111982075,46.466156478923
30.6951239544695,46.3807505947244
30.7408568271295,46.4322344974049
30.6469060511976,46.3886220633328
30.637433332627,46.4441361579407
30.7084527550239,46.434882909243
30.6371606803655,46.4438950661022
30.6421619018477,46.4429163052055
30.7119453006591,46.405714395168
30.7977113153701,46.5712347374674
30.7516850169429,46.46132024861
30.808191548964,46.5921359605127
30.7111091670572,46.3998850104158
30.7497245173484,46.5463051216876
30.7112441948439,46.4093145800103
30.6615409859189,46.4479756354288
30.63239575751,46.4429432930979
30.7186499496035,46.4835942557805
30.6955394245822,46.4772089204455
30.7132410480732,46.4607750931841
30.6187501609947,46.4393233171345
30.7340119570221,46.4472613558773
30.6448702476451,46.4407410810804
30.7372110768902,46.4376950476281
30.7351804667142,46.4815233848392
30.7311114562975,46.4702388474424
30.6337668088821,46.4438644798242
30.7343443331123,46.4468169552496
30.7005380493761,46.4729502310293
30.7990382230426,46.5734765317271
30.7142303862792,46.3888505608215
30.7216647046091,46.3833306372351
30.6980660022053,46.3872420824362
30.6937009693333,46.4757839597283
30.7121556324037,46.3961013079053
30.7263127764954,46.4176628347172
30.7232928281134,46.3985014311335
30.7116362947628,46.3649968623508
30.6114820307099,46.4852459147937
30.6930829575406,46.5084159199909
30.7065961229575,46.4624591376681
30.7116700517094,46.4795928509383
30.708187892827,46.513097419721
30.7089097721479,46.3934115146323
30.698772301397,46.3641746312299
30.7085514291756,46.445755431483
30.74505047858,46.4387133907669
30.6900630091586,46.5483615990863
30.6436342240597,46.4426572214388
30.6575135225135,46.3496713378695
30.7410178217982,46.4849454495919
30.6463555532982,46.4480835869983
30.7644866897917,46.4445985504967
30.7158714932245,46.556814206977
30.6806863680517,46.4883693135375
30.7439027423936,46.4423729489725
30.706487062053,46.46044764009
30.6362648229349,46.4384507086145
30.6451247230892,46.4445805585684
30.7596023192788,46.4346148295121
30.6794451510899,46.4598233201798
30.7212933781958,46.4702928232271
30.6826364808934,46.4524484287911
30.7145471822401,46.3825911689842
30.704051368517,46.3855490419881
30.6643064588568,46.3489948413674
30.7102860168963,46.4932145398145
30.6336811181713,46.4445211852052
30.7532793835005,46.4711168535408
30.7530976153262,46.4666296666359
30.6114404836986,46.513056038286
30.6388978647744,46.453979541885
30.7262089089672,46.4190212252999
30.6913639499491,46.4796072444809
30.7293379182538,46.4523620675355
30.7668912230692,46.5567998134344
30.6834025039137,46.4478245032315
30.7111169571218,46.442182234533
30.7440611403741,46.3975226702368
30.6294563064624,46.4806831617901
30.7393092009596,46.4670434809856
30.71949387327,46.427911037047
30.7013092657729,46.3647161882702
30.7150041993642,46.3653387089875
30.7459697062045,46.4458705798238
30.7212440411199,46.4602299377582
30.7059521442828,46.5141211604383
30.7245392384516,46.4173029961523
30.760467016451,46.5695722832974
30.6462724592756,46.4962479789171
30.7073231956548,46.4188017237753
30.709418723036,46.3901171925701
30.6613436376153,46.5118091976584
30.7277020046848,46.4298541652978
30.6948564955844,46.4305792400062
30.7079022571245,46.4764820465443
30.673927188655,46.4656131226899
30.6942514672327,46.4291488817105
30.8131979638225,46.5937354429339
30.6523383229217,46.3491441743719
30.7583013784883,46.4403722465513
30.6883414048789,46.5473810389968
30.6382019523356,46.3943434965155
30.8074722663313,46.5728414166599
30.7015949014754,46.3682821884488
30.7064065647186,46.4931749575724
30.6371165366661,46.3958926015376
30.7767820084407,46.5673826656296
30.7262738261723,46.4735673541682
30.643434279068,46.4547765843064
30.70977446932,46.4210579115775
30.8076851947641,46.577553502668
30.7242198458024,46.4227023738194
30.613995624892,46.4864495747934
30.8079578470256,46.5830032577342
30.7079645776414,46.4767591222393
30.6382434993469,46.4505700714821
30.7373694748707,46.4826496795475
30.6962820774087,46.3621181538312
30.6542105351172,46.3492755154481
30.7205065816698,46.3876576959787
30.688912676284,46.3783792585814
30.7991213170652,46.569719817109
30.7124802184293,46.4152393219823
30.694280030803,46.4055758573205
30.7335783100919,46.4326213238623
30.7223891806182,46.5000118903065
30.6126012033261,46.5126566174789
30.6805409535122,46.3822601175044
30.7258401792421,46.4215850750752
30.7255571402278,46.3910923550812
30.6266778500834,46.5077574154171
30.6399858771322,46.4442225191963
30.7419110825406,46.4624591376681
30.643104499666,46.4754798961409
30.723744651861,46.47553027354
30.682200237275,46.5249325101222
30.8022217627815,46.5742285943278
30.7118959635832,46.4106261915796
30.7509034137933,46.4650967543492
30.7091928111622,46.3884745295211
30.7297248247963,46.4268171278096
30.6589728612845,46.441464356596
30.6467398631525,46.3821953465627
30.7495583293033,46.4456366847566
30.7465150107274,46.4379793200944
30.662304412251,46.5415282647378
30.7233577453185,46.4069036616251
30.6393081415108,46.4683442973979
30.741472242234,46.4615901275337
30.7786334471306,46.5704754780954
30.7216335443506,46.4941177346126
30.6765706172473,46.4655231630487
30.8114036522731,46.5952107810502
30.6414607960324,46.4521695539033
30.6467112995822,46.4350898164178
30.8093626553443,46.5765729425785
30.7262244890964,46.369307728359
30.7233084082426,46.4160867418027
30.7113454656838,46.4780779305798
30.7069129189185,46.5570319093088
30.7108469015485,46.3952466913135
30.7448609203411,46.4484416263704
30.6409310716387,46.4531267244861
30.7029789362885,46.4960356741638
30.6613306541743,46.4472829461912
30.6463321831043,46.4434488662817
30.7320202971692,46.4700913136307
30.6455349998255,46.4473135324693
30.8057013249757,46.5726992804268
30.7422798122657,46.4622594272645
30.734632565503,46.481444220355
30.7605345303443,46.4328983995573
30.6399728936912,46.4547154117503
30.7023842946896,46.5587231505641
30.7233889055769,46.4066301843158
30.6325385753613,46.4039385918499
30.7028698753839,46.4247012770477
30.7470525251858,46.4494653670877
30.764528236803,46.4776335299521
30.7101795526799,46.4448666302276
30.680779848827,46.3404090932077
30.7651254750901,46.436586744848
30.6575628595894,46.3500077869278
30.735723174549,46.4798699266333
30.6249198921689,46.4418691749815
30.6541586013531,46.4751434470826
30.6528420804334,46.3504521875555
30.7254273058176,46.4315292138176
30.6442885894873,46.4550644551583
30.7032437984854,46.4005687036892
30.7237082982261,46.4755950444817
30.643701737953,46.4393844896905
30.7989447422673,46.5750760141483
30.7241523319091,46.4967139698587
30.7049212590656,46.3880895022566
30.7253649853007,46.4131072784849
30.6820288558535,46.4566405480728
30.7375460496686,46.4549061261897
30.6227932045293,46.5089844649236
30.7121712125329,46.3960473321205
30.7812457154645,46.5724887748663
30.7180786781985,46.4036039419845
30.7067934712611,46.4715738485183
30.7199067466945,46.4772269123737
30.7035709811991,46.4295015235041
30.6445975953836,46.4433499106763
30.7329473148582,46.4868723851073
30.7064143547832,46.4701848716576
30.7078113730373,46.3972096106853
30.6542105351172,46.349081202623
30.7192549779552,46.3983035199228
30.7067103772386,46.4060382498764
30.7243315033952,46.4979752040289
30.6955757782171,46.4040051619845
30.6559996532902,46.3497505023538
30.7406127384383,46.4606293585653
30.7472083264781,46.451680173455
30.7315295230985,46.4533102421542
30.6454570991794,46.4445805585684
30.7067701010673,46.394276926381
30.7248716145418,46.3987982979496
30.7153054151959,46.41711048252
30.7233915022651,46.4122364691577
30.6364543811739,46.4441937321111
30.6322737131644,46.4040735313118
30.7146017126924,46.5568789779187
30.6338109525816,46.4722071643926
30.7225112249638,46.3861715627054
30.6377189683295,46.4677667565011
30.6861705735399,46.4782488538982
30.7097069554267,46.4448594334563
30.7454711420692,46.4565721787455
30.6901019594817,46.3738057104209
30.6134269501752,46.4941789071686
30.709330435637,46.4000451385772
30.7134617665706,46.4703396022405
30.7763717317044,46.5652038431188
30.7531807093487,46.5592593100258
30.7791060443838,46.5610531052721
30.6927479847622,46.478918153629
30.6573083841453,46.3497990805601
30.7324643308521,46.4744165731814
30.7208026041251,46.3856156121226
30.7143654140658,46.4168082181254
30.6819379717663,46.4525365892395
30.6936360521282,46.5052259511126
30.7990200462252,46.5990916399732
30.6921767133572,46.4671478341694
30.6379942172792,46.4439634354296
30.7495012021628,46.4689812116578
30.7082060696444,46.4341776256557
30.631899790063,46.4523422764145
30.7103613208543,46.3881344820772
30.7124802184293,46.4684936304023
30.6190020397505,46.4661079007167
30.7265386883692,46.421453733999
30.6836621727342,46.4481177716619
30.7041760095508,46.5588688851829
30.7578261845468,46.4433175252055
30.7095148004996,46.4003599973215
30.7061624760274,46.4937183138055
30.6945994234521,46.474472348159
30.724404210665,46.398650764138
30.7073413724723,46.4038126483522
30.6475708033779,46.337704906392
30.7242198458024,46.4262251933702
30.624286300247,46.4699869604469
30.7992615382282,46.5727802441039
30.6527537930344,46.3495759806498
30.7467694861715,46.4458148048462
30.6943709148901,46.4878889290532
30.6330475262494,46.4465452771331
30.6353949323864,46.4380728781213
30.7214933231876,46.4538374056518
30.7004004249013,46.346986942175
30.7236252042036,46.5006344110238
30.8113984588967,46.583148992353
30.706601316334,46.4626228642151
30.7106729234388,46.4053797453026
30.6857135564159,46.3493114993046
30.7282213423258,46.4290607212621
30.7114934769115,46.4977017267195
30.7319268163938,46.4563562756065
30.7065338024406,46.4033484566034
30.7528301564411,46.4680492297746
30.7319320097702,46.3876900814495
30.7009716963063,46.4246922810836
30.7089643026002,46.4020494393839
30.7468577735705,46.4639290782059
30.7983293271628,46.5726039232071
30.7338873159883,46.4829123617
30.8118762495264,46.5840395928013
30.7024258417009,46.4384722989284
30.7009690996181,46.4437115484341
30.7356011302033,46.4510468575806
30.7533209305118,46.4491325164151
30.7211583504092,46.4523278828719
30.6373138849696,46.4393251163273
30.7245470285162,46.4787418327322
30.6361297951483,46.443949041887
30.7340586974098,46.4813758510276
30.6472903610518,46.337685115271
30.7975269505075,46.5760799637445
30.645033839002,46.3864450400148
30.7454425784989,46.4451239148015
30.7070661235226,46.4049605333744
30.6693492273502,46.4705159231374
30.7386444487792,46.4512321744416
30.7036826387919,46.3828952325715
30.622066131832,46.5147418819628
30.7569381171809,46.4385964432333
30.759376407405,46.4351995671801
30.7418747289058,46.456494813454
30.7645593970615,46.4318404741763
30.7082813736024,46.3973229598333
30.7048952921835,46.4327436689743
30.7071829744918,46.4220060861962
30.757117288667,46.4523026941723
30.6459868235731,46.4435154364162
30.6462698625874,46.4393071243991
30.7655747021495,46.4313744832347
30.6815718387295,46.4506888182085
30.6549921382668,46.3502704690802
30.7644191758984,46.4728692673522
30.7230435460457,46.5017445129967
30.8094613294961,46.582450905537
30.7102548566379,46.4448306463711
30.7056561218275,46.4689056455592
30.7631182351079,46.4339059475391
30.6457816852049,46.4368980052067
30.6837634435742,46.4481591530969
30.7642477944769,46.4766547690554
30.7321916785907,46.427777896778
30.8068932048617,46.5787895481386
30.7981735258705,46.5782497902912
30.7977139120583,46.5733757769289
30.7360088102515,46.4828170044802
30.7483976096758,46.4651885131833
30.6417074814119,46.4373442050273
30.7198184592956,46.3989008519406
30.7012858955791,46.4726731553342
30.722843601054,46.387736860463
30.6560256201722,46.3479297192152
30.7370708557272,46.4852585091434
30.6398872029804,46.4440929773129
30.7137110486383,46.4786392787412
30.7463046789829,46.3794083968772
30.7293119513717,46.4718815104914
30.8151091263411,46.5823609458958
30.6579237992498,46.4416010952506
30.6753579638558,46.4684054699539
30.7355907434505,46.4468997181196
30.7486728586255,46.4447298915729
30.7042071698093,46.3875281540953
30.7132644182671,46.4682939199988
30.7050381100348,46.4589363181172
30.6466308022479,46.43742876709
30.7513396574117,46.468763509326
30.703950097677,46.3864738271
30.6918780942137,46.3449358623548
30.6802890747564,46.34726401787
30.749758274295,46.4452786453845
30.7094031429068,46.4171590607263
30.674713985181,46.3350331050473
30.7565693874558,46.4404280215289
30.6381759854536,46.4683730844831
30.6508088735691,46.4496704750697
30.7126490031626,46.4730168011638
30.7063442442017,46.3960077498784
30.6348807881219,46.4204965634162
30.7997601023635,46.5763120596189
30.7551022586202,46.5506717626733
30.637306094905,46.4390984180314
30.7149107185888,46.3922420392962
30.7080554617286,46.381535042796
30.7470707020032,46.4453470147118
30.6500039002257,46.3618968531138
30.7370916292328,46.4227977310391
30.7473874979642,46.4475384315724
30.7099043037303,46.4218315644922
30.6930310237765,46.3576255693478
30.6547636297048,46.3491657646858
30.642102178019,46.4267235697827
30.6553738514329,46.3503046537438
30.7120413781227,46.4608704504038
30.7584571797806,46.4334705428756
30.7724013954395,46.566628803836
30.7064403216653,46.4707228303122
30.6414763761617,46.5333059535287
30.6350755397372,46.4439598370439
30.7071544109215,46.4720254459173
30.7639128216985,46.4777252887862
30.642369636904,46.4373819880766
30.6434784227674,46.4433715009902
30.7299273664762,46.4718203379353
30.661403361444,46.3569292817246
30.6402065956296,46.4393395098699
30.7974100995383,46.5760205903813
30.7452971639595,46.4639038895064
30.6914029002722,46.448035008792
30.724302939825,46.4128643874536
30.7100678950871,46.4428263455643
30.6964404753892,46.4709117455588
30.7162194494439,46.4743625973967
30.6496247837478,46.4702658353347
30.7287276965257,46.3881560723911
30.643688754512,46.4533462260107
30.7672703395471,46.4343035691534
30.724417194106,46.4130515035073
30.7218724396654,46.4985545441184
30.64480533044,46.4423765473581
30.7587661856769,46.454287203858
30.7106157962983,46.4168316076322
30.732817480448,46.4743302119259
30.6407025630767,46.4549457084319
30.6340498478964,46.4442081256537
30.7451127990969,46.4625329045739
30.7101431990451,46.4450069672679
30.7063156806314,46.3967112342729
30.7474628019221,46.4343557457453
30.7429108074994,46.4722197587424
30.7385198077454,46.4539705459209
30.7047836345907,46.4433876937256
30.7053133589845,46.3965115238693
30.6421229515246,46.443250955071
30.8153636017852,46.5829852658059
30.7971556240943,46.5698907404273
30.6488483739746,46.3509577607392
30.7043837446072,46.5124677022323
30.7423784864175,46.4549690979386
30.7098264030841,46.4002502465592
30.6348833848101,46.534031028237
30.6447196397292,46.444708301259
30.7134851367645,46.3897735467406
30.7110104929054,46.4662662296853
30.6182827571178,46.4672719784743
30.6811148216054,46.4687779028686
30.6397703520112,46.4412106704077
30.7210986265804,46.5530017173813
30.7444818038632,46.4456708694202
30.7383172660654,46.4697278766801
30.703506063994,46.5130884237568
30.6424163772917,46.4369573785699
30.8070801664124,46.5759234339688
30.711093586928,46.3937983410896
30.7515915361675,46.4615685372198
30.748285952083,46.4327544641313
30.7209635987938,46.5008683060911
30.6362933865052,46.4430296543535
30.7641932640246,46.4740333451098
30.6404792478911,46.4442692982098
30.7027114774034,46.47719272771
30.7089279489653,46.4762265611632
30.7645126566738,46.4311495841316
30.7610227077267,46.4335137235033
30.7063935812776,46.4669715132726
30.7053159556727,46.4413564050265
30.6443638934452,46.4371480930094
30.7061650727156,46.3921178949913
30.8074359126964,46.5909089110062
30.7329369281054,46.4866636787396
30.6889178696604,46.4635926291477
30.7938993770857,46.5702523781851
30.6874221772545,46.3420625514136
30.7263621135712,46.4364518053862
30.6395807937723,46.3928447688925
30.8091107765884,46.5762814733409
30.8095054731955,46.5952521624852
30.7063286640725,46.4454747574024
30.7652397293711,46.4302715780331
30.7424148400523,46.4691017575771
30.7619211618456,46.4534469808089
30.6550310885899,46.3493240936543
30.6521539580591,46.349255724327
30.7574288912515,46.438630627897
30.6421047747072,46.3906227657539
30.797127060524,46.5711123923554
30.6409778120264,46.4506060553386
30.6130374469445,46.494688078738
30.7954703734495,46.5702865628488
30.7131086169748,46.3890988494313
30.7065312057524,46.4212954050304
30.7284602376406,46.3883305940951
30.6918417405788,46.4804240780233
30.6858148272558,46.3333490605633
30.7972698783753,46.5697018251807
30.6550882157304,46.4745407174863
30.6207106605892,46.4565397932746
30.6867210714393,46.4808145028663
30.8092094507402,46.5779691162105
30.7063364541371,46.3885303044987
30.7284965912755,46.4622090498654
30.7526847419017,46.4702334498639
30.7071777811154,46.404348807814
30.6465217413433,46.4364608013503
30.749872528576,46.3836382992082
30.7035657878227,46.3887030270099
30.6169714295745,46.4658308250217
30.7324098003999,46.4732309051099
30.7083177272372,46.4483840522
30.7127372905615,46.3981379941829
30.7485118639568,46.4323478465529
30.8068438677858,46.5750130423994
30.7297715651839,46.4718491250205
30.7398181518477,46.4586592424222
30.705282198726,46.44742868081
30.6435926770484,46.4533660171317
30.7012053982447,46.4515128485222
30.6223258006525,46.4445679642187
30.725775262037,46.4983476369436
30.7300883611449,46.4291524800961
30.728667972697,46.4249693567786
30.7345676482979,46.4920018838506
30.6232112713302,46.4442656998241
30.7328642208357,46.3859268724813
30.8090562461361,46.5793005189008
30.8020296078544,46.5744301039242
30.7406750589552,46.4682849240347
30.7056431383864,46.390426653736
30.749046781727,46.4578675975793
30.727133329968,46.5534191301167
30.7066584434745,46.4444294263712
30.7207428802964,46.4115707678126
30.7038540202135,46.3820478127511
30.6438938928802,46.4404046320222
30.7335990835976,46.4466046504963
30.7210856431394,46.5565155409681
30.797989161008,46.5672441277821
30.7146692265858,46.4417630226049
30.7024102615717,46.3517548031606
30.7104859618881,46.3888325688933
30.6564618637906,46.3497918837888
30.6523435162981,46.3491171864795
30.6876558791929,46.3496551451341
30.622497182074,46.4444852013487
30.6452467674348,46.4429846745329
30.725775262037,46.4130604994715
30.7238017790015,46.4779196016112
30.8050885065594,46.5784692918158
30.6993981032543,46.3430053284538
30.8084174608378,46.5920208121719
30.6440133405376,46.4406169367755
30.7237134916025,46.4297893943561
30.7391378195381,46.4696415154245
30.6769393469724,46.3895108645882
30.7478523051528,46.4642151498651
30.7482521951363,46.4350430374044
30.7133449156014,46.3628036462975
30.7131190037276,46.4925614328192
30.7030152899234,46.4429666826046
30.6368075307697,46.438475897314
30.6461270447362,46.440858028614
30.720496194917,46.4977862887823
30.6577160641935,46.3499358192148
30.8098144790919,46.5807344755822
30.7226514461268,46.4756400243023
30.7472784370596,46.392459741628
30.6973908632721,46.3639155474632
30.7363567664709,46.4827432375744
30.6720861367179,46.331596646752
30.6442859927991,46.4434236775821
30.636049297814,46.4457122508552
30.7299948803695,46.4292676284369
30.6459634533793,46.4951594672581
30.7086786668977,46.3884115577723
30.8074359126964,46.5777730041926
30.81156724363,46.5798870557617
30.7067701010673,46.4629395221523
30.8067010499345,46.5788615158516
30.7303584167182,46.4359768184804
30.6814783579541,46.4507104085224
30.7061910395976,46.4456007009001
30.6940878758758,46.5075541066279
30.8040783948478,46.5725877304717
30.6442807994227,46.4429774777616
30.7972517015578,46.5710404246424
30.8054104958968,46.57426817657
30.6460725142839,46.4420634878066
30.7024933555942,46.3510171341024
30.6438107988576,46.4414301719323
30.738654835532,46.4471875889715
30.7952652350813,46.57045928536
30.7046382200513,46.3886742399247
30.7044486618123,46.3851874042303
30.7077464558322,46.4478424951597
30.8099131532437,46.5789118932507
30.6662020412462,46.3337178950924
30.7463046789829,46.4443664546223
30.6883076479323,46.4661096999095
30.7146043093807,46.391268675978
30.7405374344804,46.4682579361423
30.7065156256232,46.4033952356169
30.6367971440169,46.4381772313051
30.7420487070155,46.4710610785633
30.6409544418325,46.4444564142635
30.7649930439916,46.436597540005
30.6132607621301,46.4707534165902
30.6872949395325,46.3509937445957
30.6359298501566,46.4436845605417
30.7123218204488,46.4341236498709
30.7064429183535,46.4606563464577
30.727234600808,46.4282258957914
30.6976401453398,46.3783432747249
30.6195083939504,46.4851235696816
30.6909848334713,46.4604494392828
30.6909614632774,46.3469545567041
30.7297949353778,46.4290625204549
30.8112893979921,46.5790144472417
30.6639559059492,46.3612815291677
30.7454841255102,46.4380045087939
30.713999281029,46.4334849364182
30.8086589528408,46.5790144472417
30.6392406276175,46.4517791290603
30.7216049807804,46.4972321373922
30.657342141092,46.526936810929
30.6460075970787,46.4476607766844
30.7126204395923,46.3978303322099
30.7297326148609,46.4522253288808
30.6409128948212,46.446946497133
30.662252478487,46.4849130641211
30.7979268404911,46.5726507022205
30.7951457874239,46.5704844740595
30.6467035095176,46.43544785579
30.6549895415786,46.3502254892596
30.7365826783447,46.4664515465462
30.7320202971692,46.4566333513015
30.6926129569756,46.3514651331158
30.709114910516,46.3901783651262
30.8089471852315,46.5776596550447
30.7212414444317,46.4069036616251
30.7076270081748,46.4065420238674
30.73822378529,46.4649942003582
30.7091460707745,46.4474610662809
30.6548700939212,46.3504323964344
30.7209116650297,46.4102465618936
30.6684040328437,46.5284751207942
30.7036878321684,46.514031200797
30.6452987011989,46.4447856665505
30.7252221674494,46.3698222975068
30.7559513756631,46.4406655149818
30.7309816218873,46.4533408284322
30.7223398435423,46.3853871146338
30.7055496576111,46.3965654996541
30.7175359703637,46.3898473136464
30.6546753423058,46.3811356219889
30.7628585662874,46.4290841107688
30.6292148144594,46.5061489370317
30.6262052528302,46.4338897548037
30.6756202293644,46.4686249714785
30.6559529129025,46.4331754752523
30.8147196231104,46.5814271648197
30.7301974220495,46.3874417928397
30.7084787219059,46.3883791723014
30.6540339603193,46.349441041188
30.729252227543,46.4899490048376
30.6933270462319,46.3658118967004
30.6347795172819,46.4439454435013
30.7227786838488,46.425304006644
30.8119697303017,46.5829240932499
30.7395454995862,46.4684180643037
30.8093652520325,46.579165579439
30.7373435079887,46.482799012552
30.6398015122697,46.444400639286
30.6440860478073,46.4446417311245
30.8090069090602,46.5840863718147
30.698543792835,46.3788578438728
30.6559944599138,46.3497091209188
30.7107975644727,46.4056802105043
30.733845768977,46.4815017945254
30.7499114788991,46.4296652500512
30.7458502585471,46.432633918212
30.767117134943,46.5902396112754
30.7053886629424,46.4457194476265
30.7486494884316,46.3894730815389
30.6449351648502,46.4432689469992
30.7498413683176,46.4667070319273
30.7265049314225,46.3903744771441
30.7454841255102,46.4625365029596
30.7010132433176,46.5567206489501
30.7057547959792,46.4690064003574
30.7097277289323,46.3900794095208
30.652291582534,46.3510153349096
30.6795827755647,46.4678531177567
30.6903019044735,46.340785124508
30.8038992233617,46.5749500706506
30.7142797233551,46.4166318972286
30.7846707472064,46.5789010980937
30.735723174549,46.4496380895988
30.645020855561,46.3502218908739
30.7054613702121,46.3874148049473
30.7647515519886,46.4299567192888
30.7561201603964,46.468414465918
30.7043084406493,46.3891078453954
30.7139837008997,46.3938883007308
30.7055704311167,46.512501886896
30.6732156960869,46.3305351229854
30.7274111756059,46.4708523721956
30.7013663929134,46.4382635925607
30.6557737414164,46.3503460351788
30.727577363651,46.4218783435056
30.7451205891615,46.4802315643911
30.7111299405628,46.4077708725667
30.73697997164,46.4651543285196
30.7946757868588,46.570725565898
30.7040773353991,46.404697851222
30.7237913922487,46.469821434707
30.7171023234335,46.4181396208158
30.7287432766549,46.388814576965
30.7557202704129,46.4398144967757
30.6548467237273,46.472932239101
30.6448027337518,46.438107062785
30.7173204452427,46.3884745295211
30.7511578892373,46.4466640238595
30.7297144380434,46.4529162189256
30.7513786077347,46.4462843941735
30.7262608427313,46.4659657644835
30.7745125029498,46.560767033613
30.6341511187364,46.4449026140841
30.7291431666384,46.4719534782043
30.6867002979336,46.4814046381128
30.6551583263119,46.537460289761
30.759121931961,46.5655708784551
30.8089679587372,46.5829186956714
30.7292184705964,46.4848177069014
30.7140979551807,46.3934079162466
30.6359038832745,46.4437457330978
30.7244821113111,46.5071043084217
30.6184645252922,46.4687311238552
30.6462464923936,46.3508696002908
30.6958198669083,46.552830794063
30.7057106522798,46.4689110431377
30.7237913922487,46.3918174297895
30.7333316247125,46.4730509858274
30.7109507690767,46.4841753950629
30.7249079681767,46.423055015613
30.7719833286385,46.5666503941499
30.7241029948332,46.3940376337353
30.7276370874797,46.3909070382202
30.6337538254411,46.4439112588376
30.7626300577254,46.5537070009686
30.7187356403142,46.3983233110439
30.7648294526347,46.4298541652978
30.7114389464592,46.4821135200858
30.6403312366634,46.4510648495089
30.6440159372258,46.4397713161479
30.7085877828105,46.3934115146323
30.7407295894075,46.4150216196505
30.6854798544774,46.3813281356212
30.7215218867578,46.4236595444021
30.7085618159285,46.4346454157901
30.6191500509782,46.4685709956938
30.7107430340204,46.4466784174021
30.7035034673058,46.3962236530174
30.730381786912,46.4808055069022
30.7112753551023,46.407572961356
30.7037631361263,46.3879599603732
30.6426033388425,46.4371750809017
30.6448598608923,46.4397299347129
30.6770250376831,46.3383634109659
30.758348118876,46.4443826473577
30.6374826697029,46.4439886241291
30.6564151234029,46.3495957717709
30.6738207244386,46.4837166008926
30.7066298799042,46.4660989047526
30.725001448952,46.4184166965108
30.6950486505115,46.4290427293338
30.7067675043791,46.403373645303
30.631570010661,46.4428137512145
30.7607448620888,46.4327706568667
30.7220516111515,46.4117416911309
30.7113402723074,46.4053401630604
30.6425955487779,46.5349917972055
30.7530794385088,46.4664443497749
30.7603164085351,46.4299315305893
30.6438056054812,46.471669205738
30.6390536660667,46.4529917850242
30.6764979099776,46.4889630471696
30.7088214847489,46.393434904139
30.7645853639435,46.435755517763
30.7580235328504,46.4581212837676
30.726232279161,46.4129489495163
30.8113023814331,46.5792159568381
30.7461203141203,46.4377076419779
30.7263932738297,46.4769516358715
30.7112519849085,46.4082566546294
30.6249380689863,46.4422739933671
30.7572601065182,46.4394636541748
30.7561383372138,46.4372056671798
30.7141784525151,46.4161281232377
30.7985448522838,46.5702235910999
30.7384471004756,46.4820577451082
30.6838647144142,46.458733009328
30.7435885431208,46.3758280031559
30.7144043643889,46.4191723574972
30.7130411030815,46.4190877954344
30.7126074561513,46.4768256923738
30.63777609547,46.4440623910349
30.7989655157729,46.5733919696643
30.7255052064637,46.4273191026077
30.6402663194583,46.452613954531
30.7449414176754,46.3845253012708
30.7062455700499,46.3964881343626
30.6767913357447,46.4884646707572
30.7330096353751,46.5314006083272
30.7667380184652,46.5568250021339
30.6961288728047,46.362069575625
30.7985967860478,46.5704322974676
30.7013560061606,46.3682821884488
30.7972542982461,46.5721919080502
30.7075179472702,46.4705986860073
30.7090162363643,46.4353255106779
30.6981023558402,46.3871215365169
30.6123675013877,46.5141877305728
30.7477484376246,46.4456618734561
30.7251598469325,46.4762139668134
30.6477993119399,46.3587698559843
30.7310673125981,46.4533408284322
30.63643101098,46.4423117764164
30.7219321634941,46.4072419098762
30.6462257188879,46.4433373163265
30.6542235185582,46.5345401998065
30.7090292198053,46.4809314503999
30.7213167483896,46.4160435611749
30.7278629993535,46.4779969669027
30.7074971737646,46.4338807588396
30.7055808178695,46.4439652346224
30.7100159613231,46.464225945022
30.8087030965403,46.5773196076008
30.7098731434718,46.4607840891482
30.6404247174388,46.4413654009906
30.7422850056421,46.480879273808
30.743920919211,46.4846845666323
30.7619575154804,46.4508813318408
30.7918428000276,46.5786761989906
30.6701619907583,46.483076088247
30.6859160980958,46.4824715594579
30.7279642701935,46.4742906296837
30.7620432061912,46.4507068101368
30.710192536121,46.4208456068242
30.6451896402943,46.4474466727383
30.7012313651268,46.4343809344449
30.6148992723872,46.4894128453758
30.7235810605041,46.417459525928
30.7126464064744,46.4620165362332
30.683329796644,46.3927494116728
30.7015559511523,46.4726569625988
30.6974246202188,46.4362934764176
30.7324954911106,46.4841430095921
30.6542494854403,46.350723865672
30.7625339802618,46.456392259463
30.8055766839419,46.5727298667048
30.7036826387919,46.5125558626807
30.7092213747324,46.4927971270792
30.6732130993987,46.3332896872001
30.6563631896388,46.3501193368829
30.7345286979748,46.4799328983822
30.6833349900204,46.4577182645748
30.6920546690116,46.4964584844776
30.7588752465815,46.4727145367692
30.742703072443,46.4708361794602
30.7913000921928,46.5789046964794
30.7057184423444,46.5137397315594
30.6461166579833,46.4411387026947
30.6225672926555,46.4440497966851
30.7076893286917,46.494585524747
30.7115220404817,46.4467881681644
30.7141369055038,46.4152285268253
30.7538922019168,46.4492278736348
30.8090458593833,46.5829762698418
30.6401962088768,46.4454117856535
30.6642675085338,46.3353551605629
30.7470966688853,46.4016967975903
30.7603164085351,46.4300898595578
30.7473225807591,46.4528208617058
30.6868093588382,46.4806921577542
30.6920546690116,46.4669337302233
30.7061105422633,46.4457392387476
30.7127191137441,46.3986471657523
30.7440533503094,46.4553631211672
30.6368179175225,46.4394222727399
30.7304103504823,46.4533912058313
30.7129060752948,46.4156801242243
30.7579092785694,46.4582148417945
30.7640192859149,46.558661978008
30.6943890917075,46.4877719815196
30.7200002274699,46.4840440539867
30.7932891553576,46.5661250298451
30.7511111488496,46.427367680814
30.6542183251818,46.3492017485423
30.6975622446936,46.3786059568773
30.6395028931261,46.4528442512126
30.7098575633426,46.4208024261964
30.7628637596638,46.5537321896682
30.713898010189,46.3939008950806
30.6333539354575,46.4432311639499
30.7586649148369,46.4359552281665
30.7338405756006,46.3850992437819
30.6765628271827,46.4551903986561
30.7074504333769,46.4643338965915
30.7302259856198,46.4599330709421
30.7712510625648,46.585345806792
30.6438861028156,46.4470328583886
30.6971389845163,46.4680276394607
30.7564551331748,46.4401563434124
30.806960718755,46.59022341854
30.7463202591121,46.397141241358
30.6974609738536,46.4276231661951
30.7589713240451,46.4764550586519
30.7361256612207,46.4359426338168
30.7259596268995,46.3661087635165
30.6459920169495,46.5269817907496
30.7325993586388,46.4476463831418
30.6384616211561,46.4441271619766
30.6392224508,46.4685098231378
30.7472083264781,46.4515758202711
30.7249650953172,46.502286070037
30.8074099458144,46.5774113664348
30.7921985463116,46.5786474119055
30.7586337545785,46.4337692088845
30.7124023177831,46.4104930513105
30.6234397798922,46.4416028944435
30.7117557424202,46.4122580594716
30.6373917856158,46.4438590822457
30.6946513572162,46.4399764241299
30.6416114039483,46.4428587310352
30.6410453259197,46.4528244600915
30.7216101741568,46.4236847331017
30.643803008793,46.4415579146228
30.7277695185782,46.4286846899617
30.7051601543804,46.3873212469205
30.7317528382841,46.3875695355303
30.638308416552,46.4990511213381
30.7074815936353,46.4643914707619
30.7281044913566,46.5259652468036
30.6832908463209,46.4514966557868
30.7074400466241,46.4763345127326
30.7012936856437,46.4727829060966
30.7132722083317,46.4163674158834
30.690055219094,46.4942202886036
30.6498221320514,46.3648277382253
30.6825144365477,46.3783036924828
30.6837660402624,46.3487411551791
30.6401131148542,46.4400663837711
30.7142044193971,46.4164969577668
30.734417040382,46.4799382959606
30.6430136155788,46.4444977956985
30.7450686553975,46.4453164284338
30.8026943600348,46.5698205719072
30.7349857150988,46.5270123770277
30.6592377234814,46.4479378523794
30.7493324174295,46.4386162343544
30.6867028946218,46.4809548399066
30.7611109951257,46.4340588789292
30.7067726977555,46.4629053374886
30.6973804765193,46.3639605272838
30.7327889168777,46.4850426060045
30.6422216256764,46.455037467266
30.7569355204926,46.4387907560584
30.722298296531,46.4819318016105
30.7092343581735,46.4867554375736
30.7313139979775,46.4278462661054
30.6980166651294,46.3872060985797
30.8107700603512,46.5826380215908
30.7211194000861,46.3911049494309
30.6502479889169,46.5212549599884
30.7544998269567,46.4247318633257
30.7932242381525,46.5788489215018
30.709964027559,46.4059860732845
30.7116025378161,46.4929986366756
30.7214777430583,46.4167380496053
30.6480875443307,46.4486071521103
30.6465866585484,46.4423693505868
30.6466126254304,46.470807392375
30.7082372299029,46.4459029652946
30.7564369563574,46.4394420638609
30.7455516394035,46.4473819017966
30.8140652576829,46.5941114742343
30.7255311733458,46.3945504036903
30.6131620879783,46.4865593255558
30.7665952006139,46.4298397717552
30.7185902257748,46.5009492697682
30.7115791676222,46.4820793354221
30.7602177343833,46.4762985288761
30.7013586028488,46.4249495656575
30.6465009678376,46.4432023768647
30.6816081923643,46.4527848778494
30.6433849419921,46.4433715009902
30.7368709107354,46.4667592085193
30.6431252731716,46.4426986028737
30.811084259624,46.5806121304701
30.7105638625342,46.4447712730079
30.7960182746606,46.5776452615021
30.7449933514395,46.4518906790154
30.7010470002642,46.4785169336291
30.6896683125515,46.4626318601793
30.7029763396003,46.4923725175725
30.7215660304573,46.423763897586
30.7261985222144,46.4904509796357
30.7531547424667,46.4664731368601
30.6371840505594,46.4385910456548
30.7438378251885,46.4737076912085
30.6441353848832,46.4548719415261
30.716271383208,46.5567980142416
30.686780795268,46.4464984981196
30.7048978888717,46.5138782694069
30.6561476645179,46.3501049433403
30.6565579412542,46.4865143457351
30.8097573519514,46.5807848529813
30.6735506688653,46.3338852200251
30.6145487194796,46.519482755056
30.6456778176768,46.4713993268143
30.8067296135048,46.5749284803367
30.7424979340749,46.4551274269072
30.6428422341573,46.4449925737253
30.7719989087677,46.5662977523563
30.6437484783407,46.439769516955
30.644247042476,46.4540659031406
30.7277020046848,46.4899526032232
30.7968440215097,46.5767438658969
30.6414945529791,46.4432887381203
30.6103498746527,46.4847007593678
30.7316437773795,46.5282862055476
30.6840101289536,46.3443223376015
30.7486105381086,46.4446831125595
30.8102533193985,46.5824688974652
30.706715570615,46.5127699666269
30.761965305545,46.4353129163281
30.7566005477142,46.4652442881608
30.7216802847383,46.5531618455427
30.6524240136324,46.3491981501566
30.7061858462212,46.4607481052917
30.7098705467836,46.4210309236852
30.6548181601571,46.3508246204702
30.7451283792262,46.4387475754306
30.6516294270418,46.4505826658318
30.7056145748162,46.4033646493388
30.6453220713927,46.4429864737257
30.6157795496886,46.5189807802579
30.6239123771455,46.5093011228607
30.7467175524074,46.4466514295097
30.7462787121008,46.4554800687008
30.7044200982421,46.3849679027057
30.6462179288233,46.4399170507667
30.8099027664908,46.5807110860754
30.7127165170559,46.4732794833162
30.7114181729536,46.4221644151648
30.8088848647146,46.5732462350455
30.7965921427539,46.5773501938788
30.7042383300677,46.3644643012747
30.7011872214273,46.4606923303142
30.6468125704222,46.4355720000949
30.7324591374757,46.483876729054
30.7474420284165,46.4343917296018
30.7317632250369,46.5574475228513
30.7390001950632,46.4648610600891
30.7150171828052,46.3937335701479
30.6916184253932,46.4479810330072
30.6350365894142,46.4378875612603
30.6578614787329,46.4416082920219
30.7063260673843,46.4211604655685
30.699901860766,46.4532472704053
30.7310984728565,46.4736968960515
30.6835479184532,46.4899436072591
30.7177826557431,46.4592079962337
30.6439769869027,46.4429378955194
30.6192357416889,46.4685745940794
30.640783060411,46.4432077744432
30.7323526732593,46.4564174481625
30.6437848319756,46.4427381851159
30.711638891451,46.4170906913989
30.7108988353126,46.397448903331
30.7263906771415,46.4182799578561
30.7011093207811,46.4322776780327
30.7121945827267,46.3811284252176
30.6455765468368,46.4429540882549
30.7140408280402,46.4146060061079
30.6459530666265,46.4475852105858
30.6640104364015,46.3339895732089
30.7017610895205,46.5583561152278
30.6591754029645,46.4472721510343
30.7091123138278,46.430960668885
30.656339819445,46.3499825982282
30.746154071067,46.4657714516585
30.7188550879716,46.4027529237784
30.6437718485346,46.4445859561469
30.7065857362047,46.4464517191062
30.7050640769168,46.3879383700593
30.6420112939318,46.5336172138874
30.6440419041078,46.4368782140856
30.7422901990185,46.4625311053811
30.6717901142626,46.4983314442082
30.6897617933269,46.3560854602898
30.7504983304334,46.4268729027872
30.7126074561513,46.4294007687059
30.7474056747816,46.4739559798183
30.7211064166451,46.4814352243908
30.6350677496726,46.4436467774924
30.7194627130115,46.5082557918295
30.7117557424202,46.4725076295944
30.7290522825513,46.429985506374
30.6945163294296,46.4298505669121
30.7320800209979,46.4845352336279
30.7064169514714,46.3895000694312
30.764972270486,46.4426482254747
30.7147834808668,46.4699599725545
30.7112286147146,46.4472217736352
30.7103379506604,46.4448072568644
30.6866379774167,46.4806543747049
30.7226462527504,46.5047383698571
30.7278655960417,46.4228571044023
30.6915093644886,46.481679914615
30.6359869772971,46.4866402892329
30.7955482740956,46.5729583641936
30.690930303019,46.4660773144387
30.708517672229,46.3996745048553
30.7606721548191,46.4331700776738
30.644335329875,46.3880103377723
30.705396453007,46.4325493561493
30.6424085872271,46.4525257940826
30.7616277360784,46.4533318324681
30.7274319491116,46.4806921577542
30.7181020483923,46.4194404372281
30.7372500272133,46.4547693875351
30.7108962386244,46.4075171863784
30.7650242042501,46.4323514449386
30.8024918183548,46.5743725297538
30.7310776993509,46.3870261792972
30.7615394486795,46.4335281170459
30.6497182645232,46.3647809592119
30.7345858251153,46.4546506408086
30.7301844386085,46.4736825025089
30.7101483924215,46.4057215919393
30.6621434175824,46.5422299499395
30.7751227246779,46.5760403815024
30.7211064166451,46.4336666548935
30.7022103165799,46.4796324331804
30.6452259939292,46.4413546058337
30.6608840238031,46.4493088373119
30.7348532840004,46.4923833127295
30.6806240475348,46.4761096136295
30.6365920056487,46.4426464262818
30.7207844273077,46.3987101375012
30.7145783424986,46.4176916218024
30.683571288647,46.4480925829624
30.7060300449289,46.4669283326448
30.7069388858006,46.4470094688819
30.7283148231011,46.4510990341726
30.7626326544136,46.4504945053834
30.6349794622737,46.4433481114835
30.6947526280562,46.4301852167775
30.7520121996567,46.4258365677201
30.7041682194862,46.5586781707434
30.7181825457266,46.4033250670967
30.6865860436526,46.4805032425076
30.694534506247,46.4110310099651
30.7198158626074,46.4953735712042
30.6898916277371,46.3560242877338
30.6875052712771,46.4780977217009
30.8003235837039,46.5818373807837
30.806872431356,46.5776434623092
30.7067804878201,46.3959699668291
30.6550129117724,46.3504683802909
30.6589261208968,46.491690623492
30.6482329588701,46.448456019913
30.7545465673444,46.4408310407216
30.7486702619373,46.4787508286963
30.7077126988855,46.3972977711338
30.7519213155695,46.415744895166
30.6443587000688,46.4427309883446
30.7076270081748,46.4026053899668
30.746356612747,46.4653162558738
30.7974100995383,46.5712887132522
30.7134228162475,46.4333230090639
30.7549438606397,46.4628225746187
30.7347182562138,46.4632112002688
30.6549479945673,46.3499034337439
30.713466959947,46.4164357852107
30.7366449988616,46.4219647047612
30.7136539214978,46.3897033782204
30.8111595635819,46.5807128852683
30.6988216384729,46.404697851222
30.6548025800279,46.3505583399321
30.6607541893929,46.4717969484286
30.686565270147,46.3399628933871
30.7529158471519,46.5490057101175
30.6834959846891,46.3786941173257
30.7132722083317,46.4736321251098
30.7724377490743,46.5666324022217
30.7200106142227,46.4116121492475
30.7673534335697,46.5564255813268
30.6816107890525,46.4567862826916
30.7220022740757,46.4113350735525
30.6410063755966,46.4389544826054
30.715040552999,46.3653405081804
30.765073541326,46.5720875548664
30.7067519242498,46.4639884515691
30.634158908801,46.4431771881651
30.7583714890698,46.4521983409885
30.8113672986383,46.5788291303807
30.7221866389382,46.4968435117421
30.7146796133386,46.485693913807
30.6355429436141,46.4442603022456
30.7652345359947,46.4297642056565
30.7369591981344,46.431689341979
30.7380342270511,46.420160114358
30.7017377193267,46.3680069119467
30.7294339957173,46.4245033658369
30.6522863891576,46.4943732199937
30.6917119061686,46.3437753829828
30.7119349139063,46.4106801673643
30.7109767359588,46.3867976818085
30.7236615578384,46.469934783855
30.7111818743269,46.4438464878959
30.6441483683242,46.3883503852162
30.6756825498813,46.4684072691467
30.7612044759011,46.4316713500508
30.6942384837917,46.487984286273
30.7213686821537,46.5531402552288
30.6905044461534,46.4962623724597
30.6612579469046,46.511978321784
30.7159623773117,46.4694759896847
30.6551765031293,46.3490110341028
30.7262218924082,46.3910149897897
30.7617471837358,46.4335191210818
30.6839633885659,46.4566567408082
30.7114051895125,46.3811536139172
30.6664617100667,46.4971061938945
30.8019439171436,46.5743581362112
30.6541586013531,46.3499088313224
30.8058934799029,46.5749050908299
30.656365786327,46.3497127193045
30.7536481132256,46.4296706476297
30.6281397855426,46.4238016806353
30.6338706764103,46.4463941449358
30.7339314596878,46.4814172324626
30.7059131939597,46.3957198790264
30.6929141728073,46.4823438167673
30.7185824357102,46.3982153594744
30.724557415269,46.4747422270827
30.7239705637348,46.5005876320104
30.8112011105932,46.5820622798868
30.7530197146801,46.466823979461
30.6393055448226,46.4444582134564
30.7160844216573,46.4823564111171
30.7254506760114,46.4763974844815
30.7112649683495,46.4473495163258
30.7057807628613,46.4705806940791
30.7224489044469,46.4968057286928
30.7367203028195,46.3885860794763
30.613691812372,46.5153158244739
30.7029270025244,46.4011534413572
30.7356037268916,46.4536844742617
30.7109429790121,46.4842347684262
30.6367062599297,46.4385946440405
30.7325448281865,46.4844092901302
30.7259622235877,46.4964890707556
30.7453620811646,46.4449296019764
30.7046460101159,46.5122841845642
30.7611888957718,46.4315939847593
30.6548285469099,46.3506015205599
30.7492623068479,46.4260254829667
30.6903200812909,46.4603019054712
30.7676338758958,46.5552561059907
30.6407155465177,46.4416928540847
30.7585246936739,46.4539399596428
30.7157806091374,46.4897097121919
30.7234278559,46.4798105532701
30.6945422963116,46.4468529391061
30.698239980315,46.4358220878975
30.75197844271,46.3999551789359
30.7113298855546,46.4790494947052
30.7117245821617,46.4776569194588
30.8099027664908,46.5774869325335
30.6411076464366,46.5340544177438
30.7326175354562,46.4847763254664
30.7211142067097,46.4741628869931
30.8121904487991,46.5830950165683
30.7217841522665,46.4198272636854
30.7478626919056,46.4332600373151
30.6933322396083,46.4404514110356
30.7342170953903,46.4814766058258
30.6879519016483,46.4804348731803
30.7281979721319,46.490643493268
30.6943890917075,46.4301816183919
30.6768770264555,46.4547621907638
30.7119608807883,46.4105740149877
30.703062030311,46.3824148480873
30.6351664238244,46.4397515250268
30.6342653730174,46.473538567083
30.6231411607487,46.4445733617971
30.654867497233,46.3503424367932
30.7497738544243,46.4390012616189
30.7481872779312,46.4383625481661
30.7369020709939,46.4716350210744
30.7343001894128,46.4816259388303
30.7572912667767,46.4396453726501
30.7419708063693,46.4577218629605
30.7082346332147,46.4858270540761
30.7970673366953,46.5690900996203
30.7104833651999,46.4126125004581
30.7234096790826,46.4123354247631
30.614439658575,46.469616326725
30.7013793763544,46.425293211487
30.7292963712425,46.4300016991094
30.753196289478,46.4663741812548
30.7199405036412,46.4278984426973
30.7572860734003,46.4405017884347
30.7279149331176,46.4623745756053
30.641442619215,46.4369141979421
30.6586768388292,46.4920126790076
30.6946851141629,46.4891789503086
30.6445846119426,46.3872078977725
30.6549869448904,46.3491459735647
30.7116129245689,46.4464409239492
30.7036696553509,46.4724176699531
30.7055886079341,46.5136083904832
30.6661578975467,46.3336639193076
30.7986591065648,46.575038231099
30.8110530993655,46.5809305876001
30.7588908267107,46.4358832604536
30.7431367193732,46.4431358067302
30.7048615352369,46.4433894929185
30.7801732832359,46.5753584874218
30.6619071189557,46.447675170227
30.772725981465,46.5681869048223
30.7025530794229,46.4384381142647
30.7275799603392,46.4223641255683
30.622307623835,46.4446183416178
30.6343017266522,46.479297783315
30.6381630020125,46.4439184556089
30.7061001555105,46.4019918652135
30.7074789969471,46.4033772436886
30.7031295442044,46.396196665125
30.7137551923377,46.4195861718469
30.6454285356091,46.4440120136358
30.6408791378746,46.5340382250083
30.6958172702201,46.4770577882482
30.69363345544,46.4294601420692
30.7980514815249,46.5703837192613
30.6333928857806,46.443107019645
30.7218620529126,46.4119989757049
30.7088059046197,46.4056028452128
30.7595270153209,46.4593843171306
30.6151303776374,46.4855157937174
30.6978426870197,46.3783756601958
30.6471631233298,46.4489903801819
30.7194990666464,46.4275152146256
30.8009104352382,46.5801947177347
30.7219918873228,46.4987920375713
30.7164661348234,46.4477651298683
30.7471875529724,46.4462124264605
30.7214128258532,46.4064340722979
30.7506775019195,46.4283266505896
30.6774560879251,46.4886373932683
30.6150732504969,46.4882955466316
30.7263491301302,46.4815575695029
30.760467016451,46.4334165670908
30.7530794385088,46.4359750192876
30.6857473133625,46.4425132860128
30.7485508142799,46.3914593904174
30.6450649992605,46.4432599510351
30.6917222929214,46.4803898933596
30.7113246921782,46.3813173404642
30.7250715595335,46.4742762361411
30.6439951637202,46.4405251779414
30.7368163802831,46.4828188036731
30.7143030935489,46.3827279076388
30.7030126932351,46.4413438106767
30.6359636071032,46.4867086585602
30.6431642234947,46.4508201592847
30.7079645776414,46.4759332927327
30.6436524008771,46.4432653486135
30.7641776838954,46.4775993452884
30.74091395427,46.4393628993766
30.712882705101,46.4682957191916
30.705624961569,46.513169387434
30.6461270447362,46.3980228458421
30.7274942696285,46.4666314658287
30.642572178584,46.4391595905874
30.7171906108325,46.3970368881742
30.7237342651082,46.477840437127
30.6151615378959,46.4885942126405
30.6174648003334,46.5175576187335
30.7578729249345,46.4491001309442
30.6866535575459,46.4780401475305
30.6125700430676,46.515776417837
30.7044538551887,46.5588832787255
30.7111792776387,46.3987623140931
30.6548726906094,46.3503928141923
30.7040851254637,46.4430008672683
30.7140590048577,46.4008853616263
30.7064221448478,46.4628999399102
30.6489444514382,46.4669067423309
30.7146354696391,46.4742438506703
30.6849241632016,46.3326941543751
30.6933763833077,46.4287980391097
30.7331888068612,46.3853511307773
30.6583029157277,46.4349746680771
30.7407477662249,46.455159812378
30.7743800718514,46.560982936752
30.8049950257841,46.5786366167485
30.7287147130846,46.5138602774787
30.7071024771575,46.4795586662746
30.7480808137148,46.4332546397366
30.6542936291397,46.3496137636991
30.6457998620224,46.4370581333681
30.724988465511,46.5534407204306
30.7964986619785,46.5735520978257
30.7499322524047,46.4447514818868
30.6409440550797,46.4444150328286
30.7633519370463,46.5539480928071
30.7024206483245,46.3493384871969
30.6914704141655,46.4752981776656
30.7064325316007,46.4209841446717
30.7186395628507,46.4568690455616
30.7606020442376,46.4327202794676
30.6836232224111,46.4484272328278
30.7444272734109,46.4452102760571
30.7071518142333,46.4745892956926
30.6211339207665,46.5189322020517
30.720496194917,46.4978060799033
30.673483154972,46.4734953864552
30.6637871212159,46.4351707800949
30.806643922794,46.5788795077798
30.7181851424148,46.4032243122985
30.7368890875528,46.451350921168
30.798586399295,46.5731058980052
30.6544260602382,46.3505817294389
30.7192342044495,46.4042552497871
30.6639740827666,46.5424458530784
30.7401245610558,46.4565271989249
30.676490119913,46.4552803582973
30.6468047803576,46.3383688085444
30.7115921510633,46.4462358159672
30.7417578779365,46.4565343956962
30.7306752126792,46.4369231939063
30.6510529622604,46.3641152578667
30.6734649781546,46.330898559936
30.6529537380262,46.3498296668381
30.6296406713249,46.5058952508434
30.7021505927512,46.451494856594
30.7287796302898,46.4535927154277
30.6355065899792,46.4437079500484
30.8106428226292,46.5789370819502
30.6145980565555,46.4934556316531
30.7530716484441,46.4360289950724
30.6468515207453,46.4358076943549
30.7581793341427,46.4374791444891
30.758716848601,46.4543645691495
30.7692386292062,46.4375241243097
30.7055600443639,46.4038450338231
30.6369425585564,46.4399710265514
30.7344248304466,46.4920180765861
30.6184385584101,46.4688516697745
30.709203197915,46.4764550586519
30.6946124068931,46.4298865507686
30.7207454769846,46.452644540809
30.7409736780987,46.4681427878015
30.7147289504145,46.4856849178429
30.6483238429573,46.4482850965946
30.7093330323252,46.4877449936273
30.6117157326483,46.4851991357802
30.7406906390844,46.4795514695033
30.7077802127789,46.5133978849227
30.7245963655921,46.4295590976745
30.7402232352076,46.4694543993708
30.6416269840775,46.4368728165072
30.7019662278887,46.3668590269245
30.7041084956575,46.3850416696115
30.6900785892879,46.4953987599038
30.7459099823758,46.455622204934
30.7526276147612,46.4321409393781
30.6549739614494,46.3500473691699
30.6254028761749,46.5061075555968
30.6461218513598,46.4369303906776
30.6462620725228,46.4479828322001
30.7227994573545,46.4756814057372
30.7942551233697,46.5657471993519
30.7309868152637,46.427921832204
30.75073462906,46.4509658939035
30.6339849306913,46.4479396515723
30.7409866615398,46.4608128762334
30.7420383202626,46.4574177993731
30.6397703520112,46.4412988308561
30.7017221391974,46.4770955712975
30.7064533051063,46.4757011968583
30.7069752394354,46.4032728905048
30.7265828320686,46.4961364289619
30.7138175128546,46.493178555958
30.7091798277212,46.4022563465588
30.7722819477821,46.5664452861679
30.6463763268038,46.4398288903183
30.6524499805145,46.3491567687216
30.6651789460936,46.4615811315696
30.752765239236,46.5472532963062
30.705497723847,46.4713507486081
30.706728554056,46.5541603975605
30.694064505682,46.4059554870065
30.7521212605612,46.5626849731642
30.7108806584952,46.4074506162439
30.7099873977528,46.4608740487895
30.7111533107567,46.4796216380235
30.7066584434745,46.4466982085232
30.685918694784,46.4815989509379
30.6462127354469,46.4421768369546
30.7473511443293,46.4574285945301
30.6548233535335,46.3500419715914
30.6471423498242,46.4422721941743
30.7620146426209,46.4343719384808
30.7448713070939,46.4624573384753
30.6437199147705,46.443414681618
30.7092057946032,46.430858114894
30.7306466491089,46.4793823453778
30.7380212436101,46.4289311793787
30.7956781085058,46.5702361854497
30.697097437505,46.405108067186
30.7481794878666,46.4623080054708
30.6548778839858,46.3506051189456
30.6454726793086,46.4471875889715
30.722399567371,46.4784035844811
30.7460943472383,46.4446741165953
30.6520734607248,46.3651174082701
30.7128229812723,46.4229686543574
30.6429746652557,46.442644627089
30.7054354033301,46.4040933224329
30.7100627017107,46.4450483487029
30.632141282066,46.4047212407287
30.7502879986888,46.562337728949
30.6190981172141,46.4190428156138
30.7318878660707,46.4861545071702
30.7670574111143,46.4343467497812
30.7286835528262,46.3866951278174
30.7300909578331,46.4534235913021
30.676934153596,46.4547154117503
30.7048277782902,46.5584838579184
30.7049134690009,46.5141103652813
30.7314516224523,46.4619319741704
30.7211583504092,46.4524304368629
30.7065467858817,46.4768274915666
30.7329343314172,46.4889198665418
30.6365997957133,46.4426986028737
30.7262089089672,46.4937902815185
30.7212102841732,46.5529009625831
30.7111662941977,46.4097931653017
30.7228981315063,46.5532661987266
30.7346247754384,46.4286684972263
30.7913702027743,46.57871398204
30.7459723028927,46.4482077313032
30.7036229149632,46.5128059504833
30.7143991710125,46.4858342508474
30.7135370705285,46.3897825427047
30.7411113025736,46.4710232955139
30.6461971553177,46.4402534998249
30.7076867320035,46.3969613220755
30.7061079455751,46.4322003127413
30.6511204761537,46.4884610723715
30.7421525745436,46.4623116038565
30.7469382709048,46.465283870403
30.7487351791424,46.4574573816153
30.6818496843674,46.3270051066632
30.6404792478911,46.4430530438602
30.7520901003028,46.4274828291547
30.6268674083224,46.507768210574
30.6125856231969,46.4985743352395
30.7294703493522,46.4703791844827
30.7325110712398,46.4844272820584
30.7115090570407,46.4076737161541
30.719836636113,46.4889630471696
30.7587713790533,46.4852135293228
30.6417464317349,46.4370365430542
30.6998836839486,46.4349188930995
30.7065961229575,46.4634450953361
30.6879077579488,46.4591360285208
30.7468162265592,46.4683460965907
30.642572178584,46.443137605923
30.6434576492618,46.4396507702286
30.7554112645165,46.4656670984746
30.7216179642214,46.416279255435
30.7212440411199,46.4118424459291
30.7481431342317,46.4623170014349
30.7473173873827,46.4481195708548
30.8071165200473,46.5773304027577
30.7264114506471,46.4815791598168
30.7443961131525,46.4155469839553
30.7146406630155,46.4306296174053
30.7080476716639,46.4823078329108
30.721651721168,46.3817617410919
30.7223398435423,46.4248200237741
30.7223294567894,46.4819857773952
30.724188685544,46.4980993483338
30.7214491794881,46.3911355357089
30.7018987139954,46.3676452741889
30.7218932131711,46.4983476369436
30.7109325922593,46.3884817262924
30.729379465265,46.4718635185631
30.7138928168126,46.3935248637802
30.6963729614959,46.4374863412604
30.7188680714127,46.4510396608093
30.6543144026454,46.3490830018158
30.7475718628267,46.4341398426064
30.7079412074476,46.4585027126464
30.6338317260872,46.4441523506762
30.642559195143,46.4449367987477
30.636506314938,46.4420832789277
30.7001147891988,46.4546290504947
30.6734208344551,46.4749257447508
30.7554606015924,46.4289833559706
30.7426874923138,46.4848500923722
30.7015533544641,46.424954963236
30.6580718104775,46.4948392109353
30.7063001005022,46.406678762522
30.6540651205777,46.3489588575109
30.6428993612978,46.4374143735474
30.710231486444,46.3953366509548
30.7021376093102,46.356576639931
30.7066688302273,46.3957054854838
30.680398135661,46.3822457239618
30.7448920805995,46.4454009904965
30.7457957280948,46.4554728719295
30.6838517309731,46.4514930574012
30.7264192407117,46.4173119921164
30.8119411667315,46.5786941909189
30.6462802493402,46.4392117671794
30.7380524038685,46.4424575110352
30.7384626806049,46.453907574172
30.6866223972875,46.4807983101309
30.7268373075127,46.3888847454852
30.7801680898595,46.5743419434758
30.6949214127895,46.4300178918448
30.7091538608391,46.4053383638676
30.6368906247923,46.4532562663694
30.7414800322986,46.4566351504943
30.6346808431301,46.4438734757883
30.7056457350747,46.5125468667166
30.7358478155828,46.4656760944388
30.7185071317522,46.4039601821638
30.7090525899991,46.4866780722822
30.6434057154977,46.4373585985699
30.6562982724337,46.3495651854929
30.6454285356091,46.4375816984801
30.6596220333357,46.450334377222
30.7308232239068,46.4282474861053
30.6530939591892,46.474092718473
30.6251977378068,46.5063288563142
30.6823352650616,46.4450699390168
30.7382341720429,46.482696458561
30.6838595210377,46.456710716593
30.7590648048205,46.4354496549828
30.6759837657131,46.4891843478871
30.7494233015166,46.4595768307628
30.7055548509875,46.5117354307526
30.6933789799959,46.4921943974829
30.8114503926608,46.5824958853576
30.8105000047779,46.5788921021296
30.6479161629092,46.3358949184103
30.7024492118947,46.4929698495904
30.7046252366102,46.3963981747214
30.7086994404033,46.4120889353461
30.7717885770232,46.5745020716372
30.6434109088741,46.4431645938154
30.7327733367485,46.4848572891435
30.7382315753546,46.4533084429614
30.7455152857687,46.4450213608105
30.7008003148848,46.4679376798195
30.6713460805796,46.4696703025097
30.7049186623774,46.5138296912006
30.6443041696165,46.4371139083457
30.7042980538964,46.5139448395414
30.7199586804586,46.4301744216206
30.6550674422247,46.3492935073763
30.7008184917022,46.4731625357826
30.7282862595309,46.3908116810005
30.6763395119971,46.4420023152506
30.63683609434,46.4436683678063
30.7044954022,46.4015582597428
30.6831246582758,46.3927008334665
30.6476383172713,46.4422110216182
30.7052380550265,46.3858279168759
30.7310517324688,46.4738264379349
30.6460517407782,46.4701272974872
30.7634090641868,46.5899481420378
30.6497182645232,46.3647233850415
30.6548259502217,46.3504251996631
30.6432992512813,46.4433661034117
30.7507268389954,46.4546686327369
30.695334286214,46.477336663136
30.723186363897,46.4799976693239
30.7462241816485,46.4503793570426
30.6952122418684,46.4317757032346
30.7150872933867,46.498128135419
30.6605230841427,46.4492116808994
30.7965661758718,46.5696856324453
30.7448713070939,46.4373999800048
30.799817229504,46.5750562230272
30.7145367954873,46.3969343341832
30.7234953697933,46.4797565774853
30.6904005786252,46.4617178702243
30.7439183225228,46.4417972072685
30.7225891256099,46.3895900290725
30.7747539949529,46.5628019206978
30.7077594392732,46.4937938799041
30.7641309435077,46.4318782572256
30.6101784932312,46.5091535890491
30.71266717998,46.4122562602788
30.7129943626938,46.4915610816086
30.6496066069304,46.4492926445765
30.7466863921489,46.4457536322902
30.7067051838621,46.395786449161
30.7397376545133,46.4712302026888
30.6541689881059,46.3499484135645
30.7144952484761,46.4174109477217
30.6410297457905,46.4468817261913
30.6364543811739,46.4436431791067
30.7340119570221,46.4829951245699
30.7209973557405,46.4740729273519
30.7065441891935,46.4328048415304
30.7073543559133,46.4705321158728
30.6962664972795,46.4768688730016
30.7024518085829,46.3500473691699
30.7022129132681,46.3498872410085
30.6327592938587,46.4484938029623
30.7477925813241,46.4661852660082
30.6372619512055,46.4610179842155
30.8035253002603,46.5751551786326
30.7242484093727,46.4759081040332
30.6465373214725,46.388568087548
30.7307583067017,46.428157526464
30.7104184479948,46.4748573754235
30.6642623151573,46.5203121829483
30.6461010778541,46.4447622770438
30.7631208317961,46.5541082209685
30.6374255425624,46.4440767845775
30.7307764835191,46.4698448242137
30.7226722196325,46.4169827398295
30.7313529483006,46.4279488200964
30.7126048594631,46.4110184156154
30.801910160197,46.5770281383632
30.7464552868987,46.4735079808049
30.7225553686633,46.3895378524806
30.6504453372205,46.4972357357779
30.714570552434,46.391371229969
30.6662929253334,46.4917032178417
30.704583689599,46.5123201684207
30.6612943005394,46.4470778382092
30.7671145382548,46.5568465924478
30.6953446729669,46.5053878784669
30.7226955898263,46.4241921054783
30.7102990003374,46.4063387150782
30.6405805187311,46.4522019393741
30.7978411497803,46.5711969544181
30.654677938994,46.3492701178696
30.6454337289855,46.443630584757
30.6414036688919,46.4374179719331
30.630910451857,46.4571191333642
30.8005988326536,46.5711663681401
30.7245496252044,46.4766835561406
30.7309712351345,46.4702136587428
30.6129102092224,46.4865881126409
30.7238563094538,46.4979194290513
30.7033372792607,46.5129966649228
30.6642103813933,46.3489840462105
30.7057911496141,46.5126008425013
30.6944851691711,46.4292334437732
30.6169584461335,46.4751218567688
30.7045239657702,46.4018731184871
30.6489470481264,46.4426410287034
30.7407088159019,46.4552281817054
30.7774597440621,46.5750310343277
30.6445119046729,46.4429900721114
30.7053730828132,46.3874417928397
30.6331747639714,46.4462430127385
30.7127788375728,46.3980588296986
30.6433953287449,46.4368584229646
30.7196730447561,46.4741898748855
30.6564826372963,46.3497415063897
30.814789733692,46.5815099276896
30.6744958633718,46.4457536322902
30.6831168682112,46.3928663592064
30.7939071671503,46.5706733893061
30.6722549214512,46.4907964246581
30.7448739037821,46.5455602558581
30.6382045490238,46.4440479974923
30.7241523319091,46.3943830787576
30.646480194332,46.4428929156988
30.7099692209354,46.3883108029741
30.7565252437563,46.4392405542646
30.6436965445766,46.399235501806
30.8159971937071,46.5825624554921
30.7306284722915,46.4698592177563
30.7055003205352,46.4689956052004
30.8065608287715,46.5740450766597
30.6946046168285,46.33900932119
30.6358363693812,46.4438230983892
30.7542894952121,46.464051423318
30.71101828297,46.4141256216237
30.724100398145,46.4998643564949
30.6445742251898,46.437234454265
30.7423784864175,46.4625275069954
30.6615669528009,46.4470814365949
30.6445196947375,46.4373352090631
30.6375372001552,46.4437421347121
30.6123519212584,46.514072582232
30.6471761067708,46.4312323470016
30.6414633927206,46.4370869204533
30.7194627130115,46.4061174143607
30.7577327037715,46.4582256369514
30.7089227555889,46.4430458470889
30.7452296500661,46.4722107627783
30.722552771975,46.3937083814484
30.6284669682564,46.4679214870841
30.6379604603326,46.3945755923899
30.7573951343049,46.4404604069997
30.7113584491249,46.3956137266498
30.7277643252018,46.5589966278734
30.7946628034178,46.565941512177
30.6902395839565,46.4957118194553
30.6385836655017,46.4950083350608
30.7064636918591,46.4209931406358
30.709405739595,46.4307897455667
30.709888723601,46.3805418883568
30.7095044137467,46.4129273592024
30.6157821463768,46.4801020225077
30.7064455150417,46.395889003152
30.7054873370942,46.4012218106846
30.7204598412821,46.4096456314901
30.7423187625887,46.4552245833197
30.7112545815967,46.4421642426048
30.7185642588927,46.4220006886177
30.7383302495064,46.4727919020607
30.6141384427432,46.4916510412498
30.6366958731769,46.4383985320226
30.6409518451443,46.4417756169546
30.7368579272944,46.4316479605441
30.6378617861808,46.4444060368644
30.7240406743163,46.4865629239414
30.6359168667155,46.443896865295
30.7485949579794,46.5453155656339
30.7046538001805,46.5138656750571
30.7560656299441,46.4401077652061
30.6888036153794,46.3926720463813
30.7091201038925,46.4868274052866
30.6246654167248,46.4819425967674
30.8054624296609,46.5749230827582
30.7151184536452,46.4329487769564
30.7083410974311,46.3965475077258
30.6922312438095,46.4476211944423
30.7051965080152,46.4771405511181
30.7156637581681,46.3929994994754
30.647521466302,46.4423855433222
30.63239575751,46.4430260559679
30.7504489933575,46.4658452185643
30.6354208992684,46.4437079500484
30.7433730179998,46.4194872162415
30.7259570302113,46.42242889651
30.6965183760354,46.4768652746159
30.6997226892799,46.3646640116783
30.7742450440648,46.5615640760344
30.7157079018676,46.4186631859278
30.7428510836707,46.4460343063709
30.7918921371035,46.578672600605
30.6410764861781,46.4449008148913
30.7463358392413,46.4458238008104
30.7091798277212,46.3974435057526
30.7127398872497,46.4736519162309
30.708403417948,46.3991869235997
30.6934516872657,46.4287764487958
30.7432665537834,46.4847979157803
30.6944436221598,46.4879896838514
30.7065987196458,46.4467036061017
30.6427591401347,46.4445247835909
30.7087202139089,46.4311153994679
30.6820314525417,46.3487753398428
30.6552570004637,46.349081202623
30.7053419225547,46.4035319742715
30.6428837811686,46.439123606731
30.6460647242192,46.4434776533669
30.6134061766695,46.4699455790119
30.7060040780469,46.4226250085279
30.7266711194676,46.5041158491398
30.7193017183428,46.3896332097003
30.7066117030868,46.4612212930047
30.7219035999239,46.4799113080683
30.6916599724045,46.3457203104264
30.6616786103937,46.4473297252047
30.6376306809306,46.3641656352658
30.6335460903847,46.4430404495104
30.6444547775324,46.4398774685245
30.6866691376752,46.4804546643013
30.72457039871,46.3990177994742
30.8091523235997,46.5760871605158
30.6410349391669,46.4417810145331
30.7423966632349,46.4809188560501
30.8077527086574,46.583190373788
30.6864484191778,46.4809530407138
30.7162895600255,46.4667484133623
30.63663355266,46.478209271656
30.708504688788,46.4349386842206
30.643473229391,46.4429055100486
30.6359921706735,46.4401635401837
30.7213608920891,46.4110885841355
30.766229067577,46.554842291641
30.7111169571218,46.407941795885
30.701690978939,46.3647305818128
30.8075787305477,46.5762274975561
30.7669145932631,46.5568429940622
30.7081385557511,46.4459497443081
30.7327369831136,46.4847925182018
30.7474342383519,46.4381520426056
30.6465217413433,46.4376464694218
30.7053912596306,46.5144576094965
30.6415516801196,46.4550464632301
30.6184567352275,46.4390462414395
30.7165622122869,46.4953105994554
30.7972075578584,46.5698763468847
30.7151859675385,46.4939809959579
30.7042824737672,46.3833792154414
30.722500838211,46.4132853985746
30.7224696779525,46.4237477048505
30.7089824794176,46.4055164839573
30.769020507397,46.4377526217985
30.6763369153089,46.5227734787325
30.6971156143224,46.4274720339978
30.702160979504,46.402326515079
30.7250871396628,46.3911211421663
30.6549272210617,46.5307205134395
30.7192186243203,46.4890116253759
30.6359636071032,46.444287290138
30.7487897095947,46.4601669660093
30.736281462513,46.4714101219713
30.709431706477,46.4454117856535
30.7460579936034,46.4721639837648
30.6956043417873,46.4326878939968
30.681413440749,46.45251140054
30.7446791521668,46.3870927494317
30.6193032555823,46.4685745940794
30.6112846824063,46.485150557574
30.7111039736808,46.4603720739914
30.7484703169455,46.5454343123604
30.7137110486383,46.4336126791087
30.6111314778023,46.4851055777533
30.71411353531,46.4155919637759
30.7202157525909,46.4122418667362
30.717032212852,46.4784035844811
30.7063052938786,46.3928303753499
30.8021438621354,46.574431903117
30.7020986589871,46.4741089112084
30.7279149331176,46.5588005158555
30.809105583212,46.579514622847
30.7406568821378,46.4607876875339
30.7726273073133,46.5666521933428
30.7224930481463,46.4169107721165
30.7258609527478,46.4181774038651
30.6955446179586,46.4295285113965
30.7480989905323,46.4383337610809
30.7327395798018,46.4815017945254
30.7471953430371,46.4443430651156
30.6267921043644,46.5077646121884
30.7081437491275,46.4841304152423
30.6743997859082,46.4465884577609
30.7448635170293,46.4625490973093
30.8090017156838,46.577963718632
30.7023946814424,46.4243360409042
30.7109248021947,46.4445877553397
30.638207145712,46.4382456006325
30.7051783311978,46.5145727578373
30.7073024221492,46.403927796693
30.7219451469352,46.4157466943588
30.706640266657,46.4058619289796
30.748413189805,46.5453947301182
30.6784584095721,46.4931551664513
30.8118243157623,46.5820424887658
30.7406880423962,46.4609514140809
30.8068256909683,46.5767870465246
30.7510410382681,46.4508057657421
30.7612590063534,46.4337836024271
30.7453179374651,46.4736069364103
30.80732944848,46.5811177036538
30.6451454965948,46.4399188499595
30.7252741012135,46.4172904018025
30.6117936332944,46.5004167086921
30.6462101387587,46.4419303475376
30.7725546000435,46.5575878598916
30.6767134350986,46.4552983502255
30.7076945220681,46.4945045610699
30.7086137496926,46.4173119921164
30.7484339633107,46.4452282679854
30.759604915967,46.4592025986553
30.6549609780083,46.3490218292598
30.7508852369758,46.4510828414371
30.7353544448239,46.4706616577562
30.7245054815049,46.496793134343
30.6404818445793,46.4451580994652
30.6865964304054,46.4808882697721
30.7352220137255,46.5556735187261
30.7150898900749,46.3936939879058
30.7100886685928,46.3816609862938
30.6947734015618,46.4397425290627
30.6437354948997,46.4513725114819
30.7020752887933,46.3498854418157
30.6431252731716,46.4426518238603
30.7308543841653,46.4718527234062
30.6949551697362,46.5125792521874
30.7079749643942,46.4769012584724
30.6370827797194,46.4385874472692
30.68018261054,46.3385703181408
30.7957508157756,46.5758352735203
30.7744397956801,46.5609289609672
30.7220516111515,46.3950919607306
30.7277902920838,46.4699509765904
30.7592907166943,46.4565236005392
30.7106443598686,46.4757335823292
30.7606877349483,46.4407752657441
30.7050484967876,46.5135939969406
30.7980410947721,46.5759090404262
30.6442807994227,46.4530007809883
30.6423540567748,46.4429648834118
30.6159561244865,46.488979239905
30.7057703761085,46.5127879585551
30.7489195440049,46.4385370698701
30.7066350732806,46.3956209234211
30.7212518311845,46.4076143427909
30.7169153618828,46.4207592455686
30.7364866008811,46.4262413861057
30.7101406023569,46.4646433577573
30.7122205496088,46.5570822867079
30.6436601909418,46.4738696185627
30.6366231659072,46.4412358591072
30.6417074814119,46.4374107751618
30.7298442724537,46.4709567253794
30.7399557763225,46.4706130795499
30.7491921962664,46.4312017607235
30.7089720926648,46.4490533519308
30.6182671769886,46.4694202147071
30.7092525349909,46.3900092410006
30.7294625592876,46.452603159374
30.7163778474244,46.4693248574874
30.7148613815129,46.4420364999142
30.7263309533128,46.4160579547175
30.7094524799827,46.4052286131053
30.7323267063773,46.4745785005357
30.6399365400563,46.4442692982098
30.7064559017945,46.3954122170534
30.6433226214751,46.4449835777612
30.7094161263478,46.4682993175773
30.7238563094538,46.3966608568738
30.716016907764,46.4981263362261
30.7474238515991,46.4382222111257
30.7409191476464,46.4395859992869
30.7065052388704,46.4286828907689
30.7668159191113,46.4310164438626
30.7420539003919,46.469328455873
30.7238225525071,46.4132584106822
30.7081099921809,46.5130596366716
30.6549479945673,46.3499466143717
30.6384382509622,46.4702532409849
30.663369054415,46.3601120538316
30.7097043587385,46.3827099157106
30.7141680657623,46.4930076326397
30.7109222055065,46.3951657276364
30.6447430099231,46.4388321374933
30.6970584871819,46.427921832204
30.7950990470362,46.5716125679606
30.7079489975122,46.4939090282449
30.7116181179453,46.4821656966777
30.6411673702653,46.3914252057537
30.7368890875528,46.4544293400912
30.6437380915879,46.4728764641235
30.7012755088262,46.4248164253885
30.7089097721479,46.4311675760599
30.8100897280416,46.5776200728025
30.7349805217224,46.4706670553346
30.71101828297,46.4070493962439
30.6547584363284,46.3499160280937
30.6442080921529,46.4406205351612
30.6540962808362,46.3497918837888
30.7140200545346,46.3938757063811
30.724632719227,46.4295680936387
30.7310101854575,46.4248272205454
30.7318904627589,46.3878628039607
30.7045784962225,46.3864198513153
30.6208197214938,46.4522990957867
30.7639361918923,46.4776731121943
30.6716498930995,46.4678171339002
30.6226971270657,46.5104526062686
30.6994915840297,46.4102249715797
30.7471148457027,46.3915673419869
30.6411647735771,46.4441685434116
30.7056457350747,46.3882352368754
30.7127217104323,46.4908288101289
30.6375891339193,46.4504261360561
30.7159779574409,46.4693968252004
30.6502531822933,46.4972465309348
30.8076877914523,46.5923248757593
30.7330823426448,46.489062002775
30.6616682236409,46.4472505607204
30.7742242705591,46.5580952322682
30.743336664365,46.4430224575822
30.6368724479748,46.4531878970421
30.6408739444982,46.4441289611694
30.694217710286,46.4301798191991
30.7419006957878,46.4848338996368
30.7068635818426,46.4469303043976
30.6948435121434,46.4301942127417
30.6408479776161,46.4428659278065
30.7053938563188,46.4038162467379
30.7195172434638,46.3979058983085
30.7135137003347,46.4334255630549
30.7018805371779,46.3668464325747
30.740659478826,46.4618941911211
30.658788496422,46.4921566144336
30.7260193507282,46.4194152485285
30.7237550386138,46.4986013231319
30.6412452709114,46.4373550001842
30.6430733394075,46.4373711929196
30.7490078314039,46.4576984734538
30.7065753494519,46.4467791722003
30.6739375754078,46.3355818588588
30.695295335891,46.4322884731897
30.7216569145444,46.4157844774082
30.654664955553,46.4749023552441
30.7188005575193,46.4039961660203
30.7533572841467,46.4490839382088
30.7240147074343,46.393219001
30.6989852298298,46.5009528681538
30.7411398661438,46.4692402954246
30.7325733917567,46.4743068224191
30.7271670869147,46.4677613589227
30.7061910395976,46.4016158339132
30.6947396446152,46.365446660557
30.695664065616,46.4040213547199
30.6356156508838,46.4443070812591
30.7231967506498,46.5533075801615
30.7594413246101,46.4561889506738
30.7576677865664,46.4379667257446
30.703607334834,46.4932469252854
30.6950746173936,46.430221200634
30.6543533529684,46.4872610107574
30.6423722335923,46.4450753365953
30.7072764552672,46.4762571474412
30.7626586212957,46.4340894652073
30.705079657046,46.5137433299451
30.6438263789869,46.455057258387
30.7414021316525,46.4388735189283
30.7256090739919,46.4130874873638
30.7553203804294,46.4290517252979
30.7130878434691,46.4231053930121
30.6367815638877,46.4782110708489
30.7012105916211,46.4247732447607
30.7171179035627,46.4209031809946
30.6143020341001,46.4899418080663
30.6576797105586,46.3497505023538
30.7063702110837,46.4658937967706
30.7439131291464,46.473846229056
30.6913249996261,46.4795586662746
30.7653955306634,46.4371175067313
30.7227267500848,46.4645300086094
30.7110494432285,46.5719148323552
30.7452062798723,46.4640316321969
30.7057651827321,46.5125198788242
30.7048926954953,46.4772718921943
30.7119972344232,46.3877170693419
30.7201975757734,46.4828170044802
30.6914963810476,46.488599610219
30.6889905769301,46.42742885337
30.7470109781745,46.465273075246
30.7013456194078,46.4252536292449
30.62567033506,46.5061093547896
30.7245885755275,46.5066437150585
30.6364232209154,46.4427813657437
30.726980125364,46.4156981161526
30.7634194509396,46.5583723079632
30.7387716865012,46.4768382867236
30.7155521005753,46.469153934169
30.7965220321723,46.573168869754
30.7194653096997,46.495591273536
30.6991618046277,46.4592043978481
30.6752385161983,46.4683694860974
30.7057054589034,46.512573854609
30.6635949662888,46.5425879893116
30.7285485250396,46.4844344788297
30.7052328616501,46.4707030391911
30.7012235750622,46.4657894435867
30.6438601359335,46.4522055377598
30.7646347010194,46.435868866911
30.6408168173577,46.4392693413498
30.6594428618495,46.4921206305771
30.6428396374691,46.4391362010807
30.7040877221519,46.3847088189389
30.7306518424853,46.4718581209846
30.7284134972529,46.4864405788293
30.6124428053456,46.4758937104906
30.6542754523223,46.3507886366137
30.7437677146069,46.4519284620648
30.7022129132681,46.355086908272
30.63942499248,46.4442135232322
30.6408661544336,46.4432347623355
30.6123726947641,46.5162262160432
30.6368646579102,46.4436683678063
30.7038072798258,46.558733945721
30.642888974545,46.4450393527388
30.6462464923936,46.4432257663714
30.6544909774433,46.5375250607027
30.710434028124,46.4903430280662
30.7327214029844,46.4846611771256
30.7207273001672,46.4168855834169
30.7246223324741,46.470406172375
30.6440367107314,46.4393575017982
30.6611281124943,46.447079637402
30.7342300788313,46.4467989633214
30.7696489059426,46.5846153345052
30.7234070823944,46.4067345374996
30.7231759771442,46.3986579609093
30.7140901651161,46.3927548092512
30.7113272888664,46.4791286591895
30.7250819462864,46.3912039050363
30.6399417334327,46.4400645845783
30.7080970087398,46.3884709311355
30.642431957421,46.4504405295987
30.7022129132681,46.4415345251161
30.7787035577121,46.5705906264362
30.6951083743402,46.3653728936512
30.7232850380488,46.4170061293362
30.7590154677446,46.5727352642833
30.6541767781705,46.3499987909636
30.6900058820181,46.49553010098
30.7195406136577,46.3983269094295
30.7042383300677,46.5139826225907
30.6717200036811,46.4728026972176
30.693277709156,46.4064250763338
30.7975762875834,46.5783379507396
30.7277513417607,46.48997599273
30.7389171010407,46.469677499281
30.7465903146854,46.3984168690708
30.6972895924321,46.4707498182046
30.8076825980759,46.5910690391676
30.7461514743788,46.4550824470866
30.751217613066,46.4390228519328
30.7049991597117,46.4211640639542
30.7501192139555,46.462522109417
30.722500838211,46.3875749331087
30.6399547168737,46.43981089839
30.6433927320567,46.4368890092426
30.76532801677,46.4760016620601
30.7531625325313,46.4662770248422
30.7846863273356,46.5788021424884
30.6332215043591,46.4431052204521
30.7311919536319,46.4302787748044
30.7126048594631,46.3941725731971
30.7106988903209,46.4062919360647
30.6940878758758,46.3502794650443
30.7226254792448,46.3903510876373
30.6954199769248,46.3672422549961
30.6445846119426,46.4368530253861
30.6363531103339,46.3639263426201
30.7669119965749,46.5570534996227
30.6438289756751,46.4414553606318
30.7209194550943,46.5530035165741
30.7012443485678,46.4656760944388
30.7333368180889,46.3940322361568
30.7098523699662,46.4214087541784
30.6849475333955,46.3788380527517
30.7615550288087,46.4309282834142
30.7417682646894,46.4553379324677
30.7154092827241,46.4801290104001
30.6413751053217,46.4449619874473
30.7379173760819,46.4826406835834
30.693659422322,46.4903844095012
30.6443768768862,46.4414463646677
30.7047680544615,46.3886580471893
30.7478315316472,46.4456798653844
30.6491495898064,46.444051595878
30.8045769589831,46.5742213975565
30.7042201532503,46.3821215796569
30.715014586117,46.3934510968744
30.7049887729589,46.4503937505852
30.6153562895112,46.4684270602678
30.761077238179,46.4316623540867
30.8095859705299,46.5832083657162
30.7473641277704,46.4653576373088
30.7511708726784,46.4273496888857
30.7155546972635,46.4692169059179
30.6529589314026,46.3498872410085
30.7381199177618,46.4424593102281
30.7274059822295,46.4301852167775
30.7632117158833,46.4328768092434
30.8017595522811,46.5745326579152
30.7113506590602,46.4078860209075
30.7655513319556,46.4481861409893
30.7278681927299,46.4299783096027
30.7089383357181,46.4404352183002
30.7124049144713,46.3826775302397
30.7525471174268,46.4681769724652
30.7409555012813,46.484483057036
30.6353507886869,46.3984024755282
30.6871001879171,46.4797961597275
30.7592024292953,46.435550409781
30.6145097691565,46.4883243337168
30.8131044830472,46.5806175280486
30.7725494066671,46.5668105223113
30.697782963191,46.4344349102296
30.70170396238,46.4380117055652
30.7326071487034,46.4561979466379
30.7135085069583,46.4724644489666
30.6658099413273,46.3333958395767
30.6123311477528,46.4983206490512
30.7208311676954,46.5531096689508
30.7598957450459,46.4760520394591
30.764959287045,46.4362089143548
30.6397599652584,46.4411405018875
30.7216439311034,46.552953139175
30.732474717605,46.4620687128251
30.7217763622019,46.4120007748977
30.6333201785109,46.4464823053842
30.6913275963143,46.3422496674674
30.7040903188401,46.4670110955147
30.6946695340337,46.4298559644906
30.7259284666411,46.4181234280803
30.6429331182445,46.4449493930975
30.7237913922487,46.498671491652
30.623195691201,46.4443196756089
30.6442262689704,46.4542620151585
30.7519706526454,46.47021185955
30.7606124309904,46.5689551601585
30.712108892016,46.4149802382155
30.7179566338528,46.4225854262858
30.663496292137,46.5199217581053
30.724341890148,46.3939314813586
30.7527314822893,46.4639398733629
30.6829922271774,46.4868597907575
30.6444547775324,46.4400124079864
30.7240926080804,46.5045314626823
30.6094202602754,46.4843517159598
30.7370345020923,46.5319403661747
30.6916495856517,46.4887651359589
30.7243886305357,46.5262998966691
30.6130660105147,46.4865629239414
30.6117910366062,46.5003465401719
30.740114174303,46.4594472888794
30.7065519792581,46.4615235573992
30.6437069313294,46.4446165424249
30.7264036605825,46.55561234617
30.6272231546064,46.4835330832245
30.7473459509529,46.4345806448484
30.7144277345827,46.3898743015388
30.6557763381046,46.3503154489008
30.7029270025244,46.4726065851997
30.6457089779352,46.4420742829636
30.7132540315142,46.4735043824193
30.6210248598619,46.4607427077133
30.6175271208503,46.4364248174938
30.7065441891935,46.4640460257395
30.7452841805184,46.4563562756065
30.8130473559067,46.5942554096602
30.7208337643836,46.4094693105933
30.7498829153289,46.3837030701499
30.7091824244094,46.4221536200078
30.7399272127523,46.4278408685269
30.7466526352023,46.4559496580281
30.6334344327919,46.4008763656622
30.6455999170306,46.4425906513043
30.7006652870982,46.4262036030563
30.7253753720535,46.4867860238517
30.7249105648649,46.4956488477064
30.7458814188055,46.4455935041288
30.7256324441857,46.392634263332
30.6926545039869,46.3677118443234
30.6448209105692,46.4369861656551
30.710421044683,46.4447730722007
30.7114025928243,46.4623763747981
30.7222619428961,46.4750768769481
30.6442054954647,46.4370293462829
30.8055325402424,46.583816492891
30.6372463710763,46.4397731153407
30.7264374175292,46.4208510044027
30.7227708937842,46.475632827531
30.6357169217238,46.444317876416
30.7041630261098,46.3855112589387
30.7257129415201,46.4376392726505
30.6447741701815,46.3734152855779
30.7068194381431,46.403373645303
30.7254532726996,46.4137585862875
30.7514253481224,46.4686753488776
30.7366086452267,46.4513059413474
30.6295290137321,46.4806597722834
30.7045369492113,46.3859070813602
30.712552925699,46.4154498275428
30.7117583391084,46.3928969454844
30.6765134901068,46.388814576965
30.6943527380727,46.4289491713069
30.7100756851518,46.4506312440381
30.6365167016908,46.4419987168649
30.6408064306049,46.4428137512145
30.7380368237393,46.4522613127373
30.7140330379756,46.4196095613536
30.7408801973234,46.4598539064578
30.7170218260992,46.4789235512075
30.61894491261,46.4687041359628
30.8055688938773,46.5748960948658
30.6866535575459,46.446392345743
30.7540168429506,46.4646631488784
30.636062281255,46.43838413848
30.7501270040201,46.4291488817105
30.7092966786904,46.4052771913116
30.7148068510606,46.4173119921164
30.7059261774008,46.4695677485187
30.6988787656134,46.3502218908739
30.7150976801395,46.3937443653048
30.7122984502549,46.446987878568
30.6437978154166,46.3992067147208
30.6641013204887,46.5218918742484
30.7045603194051,46.3886742399247
30.7134565731942,46.4933818647472
30.7598178443998,46.4341578345346
30.7128463514661,46.4155415863768
30.7472784370596,46.4347227810816
30.7116570682684,46.4924031038506
30.7744605691857,46.5608893787251
30.7780699657902,46.5785250667934
30.77370233623,46.5662437765716
30.7082995504198,46.409595254091
30.7247365867551,46.3912057042291
30.6994889873415,46.4103383207276
30.7464033531346,46.3977277782189
30.7120180079288,46.4796090436737
30.7277850987074,46.4700085507608
30.7096913752975,46.4124865569604
30.7018883272425,46.5584172877838
30.71276845082,46.4740225499528
30.7302130021787,46.4351311978528
30.7564317629809,46.4404981900491
30.7341807417554,46.3941311917622
30.7089175622125,46.4853880510268
30.746167054508,46.4658668088782
30.7208363610718,46.5528235972917
30.7245963655921,46.500981655239
30.7937228022877,46.5657220106524
30.7499634126632,46.4088503882615
30.6920676524526,46.4283878231456
30.6298665831987,46.5056703517403
30.7644763030389,46.4727487214329
30.7267983571896,46.4248883931014
30.7040851254637,46.4725040312087
30.7441182675146,46.4715522582044
30.738857377212,46.4668365738107
30.7480132998215,46.4619247773991
30.7028880522013,46.3751820929318
30.7235524969338,46.4967589496793
30.6434394724444,46.4403362626948
30.7653981273516,46.437049137404
30.7210051458051,46.3911697203726
30.6832700728153,46.3427732325794
30.6359532203504,46.4383661465517
30.6817743804094,46.5441982668898
30.7559357955339,46.5638328581864
30.6626471750941,46.349851257152
30.7076737485625,46.388670641539
30.6949863299946,46.42917407041
30.6968143984907,46.4281341369573
30.746154071067,46.4368368326507
30.7066818136683,46.432921789064
30.7106781168152,46.4124217860187
30.6716161361529,46.5214294816924
30.7204390677765,46.3986291738241
30.6347405669588,46.438035095072
30.7181799490384,46.3997536693395
30.6441172080658,46.4427723697796
30.683646592605,46.490150514434
30.8087680137454,46.5789784633852
30.7274059822295,46.4958593532669
30.7302026154259,46.3874759775034
30.6923610782197,46.4791862333599
30.7573380071644,46.4404280215289
30.6836336091639,46.4483336748009
30.6463217963515,46.4389418882556
30.6807045448691,46.4843481175741
30.7490909254264,46.4405899488831
30.759934695369,46.434112854714
30.7471122490145,46.4463023861017
30.6346185226132,46.443824897582
30.7111403273157,46.3957072846767
30.7669795104682,46.5555709647351
30.6231333706841,46.4416046936363
30.6414478125914,46.476125806365
30.7848291451869,46.5787715562104
30.7066506534098,46.3953312533763
30.7451205891615,46.47076601094
30.7053211490491,46.5133798929945
30.7100211546995,46.3893813227048
30.7049368391948,46.4458130056534
30.7030178866116,46.4024020811776
30.7660239292089,46.4300484781229
30.705040706723,46.3878232217186
30.711766129173,46.4130730938212
30.7041266724749,46.3820550095224
30.6453454415866,46.4436323839498
30.7257051514555,46.4972483301276
30.7036774454155,46.5133349131738
30.6914704141655,46.4796864089652
30.7152872383785,46.3829096261141
30.702046725223,46.3729996720354
30.706640266657,46.465406215515
30.6935295879118,46.3768301535593
30.7054457900829,46.441392388883
30.6444210205857,46.439647171843
30.6404039439331,46.4542854046652
30.7012988790201,46.3498872410085
30.8050261860425,46.5788939013224
30.7135630374106,46.3938379233317
30.7260531076749,46.42242889651
30.8110712761829,46.5809845633848
30.7097407123734,46.4933098970343
30.6120688822441,46.4982738700378
30.7137733691552,46.4485513771327
30.7227371368376,46.4156657306817
30.6410790828663,46.4450627422455
30.6315310603379,46.4075675637775
30.7143498339366,46.4165347408161
30.638295433111,46.4544869142616
30.6950434571351,46.4299639160601
30.7570471780854,46.4522361240378
30.6437380915879,46.469441805021
30.71929133159,46.495571482415
30.7422850056421,46.4683478957835
30.7640997832492,46.4374521565967
30.6232190613948,46.4442189208107
30.705167944445,46.3891834114941
30.7485170573332,46.4388483302288
30.7968803751446,46.5700418726246
30.7157935925784,46.417736601623
30.6614449084553,46.4470814365949
30.7260531076749,46.4767807125532
30.6927220178802,46.3408588914139
30.6444184238975,46.389379523512
30.7103743042953,46.4126394883505
30.7380030667926,46.4212162405461
30.7283096297247,46.3877080733778
30.7089850761058,46.4867032609817
30.7224281309412,46.4134995025207
30.7014131333011,46.425016135792
30.7471615860904,46.4653648340801
30.7055912046224,46.513568808241
30.7327343864254,46.4845910086055
30.7090084462997,46.3910761623457
30.6916106353286,46.4771585430464
30.8059506070434,46.5730249343281
30.6450182588728,46.4435424243086
30.7109248021947,46.4075495718492
30.7412099767254,46.4681985627791
30.7321085845681,46.4353776872698
30.6943735115783,46.4116931129247
30.7354816825459,46.4468529391061
30.8083603336973,46.578221003206
30.6465321280961,46.437470148525
30.7115272338582,46.419041016421
30.7233525519421,46.4863902014302
30.6910549440528,46.4944199990071
30.7067207639914,46.3944442513137
30.7116674550212,46.4807407359605
30.7015221942057,46.4253669783928
30.6722341479456,46.490837806093
30.7425732380328,46.4436755645776
30.7287173097729,46.3865925738264
30.7149185086534,46.4177132121163
30.7135137003347,46.4526157537238
30.6450104688082,46.4381466450271
30.7125633124518,46.3754771605551
30.6518215819689,46.4284310037734
30.7412125734136,46.4613940155158
30.6207444175358,46.4549924874453
30.7304856544402,46.4369123987493
30.7049861762707,46.3876630935572
30.8088848647146,46.5789784633852
30.711537620611,46.4298757556117
30.7209739855466,46.4700499321957
30.7134176228711,46.3832100913159
30.7236407843328,46.3908530624355
30.6542105351172,46.3491441743719
30.7125944727103,46.4110867849427
30.6779650388132,46.389482077503
30.6437848319756,46.4739469838542
30.7269204015352,46.5018038863599
30.6921325696577,46.4591252333638
30.7497011471545,46.4622126482511
30.7552762367299,46.4398234927398
30.6953187060848,46.4772988800867
30.6929764933242,46.343239223521
30.7184344244825,46.486258860354
30.6601647411704,46.4858234556904
30.7043525843487,46.5144881957745
30.8009883358843,46.5715729857185
30.6784324426901,46.4901559120124
30.6125726397558,46.4866258956903
30.6368724479748,46.440016006372
30.6462490890818,46.4395086339954
30.800692313429,46.5802271032056
30.6190565702028,46.4686051803575
30.6140813156027,46.5227356956832
30.8050521529246,46.5789298851789
30.7047914246553,46.4327760544452
30.754655628249,46.4250593164198
30.7990953501831,46.5772980172869
30.7234642095349,46.4150594026998
30.7140849717397,46.4008457793842
30.7056535251393,46.5117894065374
30.7061053488869,46.3921376861123
30.6823430551262,46.4507409948004
30.7095511541344,46.4453002356983
30.744479207175,46.420232082071
30.6785830506059,46.4971403785582
30.7190160826403,46.4027583213569
30.7119478973473,46.4104732601895
30.6586560653235,46.4923365337161
30.7310465390924,46.4724482562312
30.7101873427446,46.4707192319266
30.707097283781,46.4046690641368
30.720166415515,46.3990501849451
30.6412634477289,46.4446111448465
30.7037994897612,46.400467948891
30.7099718176236,46.3973445501472
30.7049082756245,46.3862291368758
30.7496933570899,46.4686105779359
30.7071518142333,46.4018839136441
30.6425098580671,46.4447514818868
30.7334043319822,46.4820559459154
30.7072842453318,46.4473657090612
30.7680103956854,46.5669868432082
30.7303142730187,46.4352355510366
30.7390157751924,46.55807724034
30.7311270364268,46.4824985473503
30.7240250941871,46.4793139760504
30.7180085676169,46.3918048354398
30.7025972231224,46.4249567624288
30.6167507110771,46.4648358713896
30.7259544335231,46.370097574009
30.6948824624664,46.4662068563221
30.6460673209075,46.4414391678964
30.7289665918405,46.3915259605519
30.7222645395843,46.4159697942691
30.7079334173829,46.4812966865433
30.6755864724178,46.44489361812
30.7080580584168,46.4344924844
30.7103587241661,46.4875578775735
30.7257233282729,46.3699860240539
30.6144136916929,46.4864063941656
30.7051108173045,46.5133349131738
30.6868898561726,46.4806885593686
30.7195821606689,46.4971439769438
30.7118362397545,46.4054067331949
30.6410011822202,46.436628126283
30.723173380456,46.4068370914906
30.7136149711747,46.4162090869148
30.7043344075313,46.5140653854607
30.7083488874957,46.3966932423446
30.7246872496793,46.3949282341835
30.713137180545,46.4919191209807
30.7228124407955,46.553251805184
30.7050900437989,46.4414607582103
30.7487507592716,46.4320131966875
30.7112156312736,46.389482077503
30.7093226455724,46.4750444914773
30.6393860421569,46.4548557487906
30.7072323115677,46.4473944961464
30.8137198981517,46.5940754903778
30.7119453006591,46.4796144412522
30.7430094816512,46.409143656692
30.6383369801222,46.4283518392891
30.6933114661026,46.4293018131006
30.7321942752789,46.4299927031453
30.7401063842384,46.4683011167701
30.7476367800318,46.4338519717544
30.7449154507934,46.4758847145265
30.7648424360758,46.432993756777
30.8154440991195,46.5826524151334
30.7345676482979,46.4631608228697
30.7225579653515,46.4970828043878
30.7279590768171,46.4297588080781
30.7773532798457,46.5750454278703
30.6429486983737,46.4445211852052
30.8083421568799,46.5828647198867
30.7332693041956,46.4883063417886
30.7104392215004,46.5572316197123
30.7414229051581,46.4666584537211
30.7129476223061,46.4126089020725
30.7070038030057,46.4773996348849
30.749745290854,46.4714317122852
30.7036488818453,46.5132467527254
30.7284680277052,46.4822772466328
30.6377267583942,46.4444528158779
30.7110104929054,46.4078014588447
30.6955472146468,46.4326375165977
30.725876532877,46.4216912274518
30.702147996063,46.4912732107566
30.6464879843966,46.4365543593772
30.6421696919123,46.4372326550721
30.7752239955179,46.5765099708296
30.6437043346412,46.4368728165072
30.6430369857726,46.4447982609002
30.8049223185143,46.5784297095736
30.6461971553177,46.4401995240402
30.7410230151746,46.4321571321135
30.6296328812603,46.480560816678
30.7408646171941,46.4336954419786
30.7445648978858,46.44544776951
30.8019802707785,46.5746388102919
30.7132670149553,46.4735853460964
30.6937087593979,46.4904347869003
30.6564566704142,46.3500239796632
30.7066220898396,46.4607624988343
30.7985838026068,46.5706068191716
30.8157245414456,46.5827333788105
30.6961470496221,46.432891202786
30.6719744791251,46.5422533394462
30.7207740405549,46.4947996286932
30.7298624492711,46.4289455729213
30.7226566395032,46.4233338905009
30.6642986687922,46.5413357511056
30.7167128202028,46.4204389892458
30.7215530470163,46.3856659895217
30.686793778709,46.4865071489638
30.6125336894328,46.5158195984648
30.7441286542674,46.4451940833217
30.7045005955764,46.5141301564024
30.6694167412436,46.4657606565015
30.7319501865876,46.3877548523912
30.6870119005182,46.4800822313866
30.7586986717836,46.4307465649389
30.7652163591772,46.4367468730094
30.6152861789297,46.4842167764979
30.7671431018251,46.578179621771
30.7224618878879,46.3859988401943
30.661491648843,46.4473243276262
30.7247002331203,46.4808648802654
30.709660215039,46.4404136279863
30.7051601543804,46.4492638574913
30.7054743536531,46.3877890370549
30.7593426504583,46.4816727178437
30.754009052886,46.4645965787439
30.7229240983883,46.4866978634033
30.630694926736,46.4832344172156
30.7327785301249,46.4478982701373
30.726131008321,46.4375223251169
30.7666185708077,46.4310146446698
30.7288757077533,46.4545264965037
30.727590347092,46.4301096506789
30.6959471046303,46.4391577913946
30.7264140473353,46.3903834731082
30.6425124547553,46.4433822961472
30.7682363075592,46.5601031314606
30.7448011965124,46.3870945486245
30.6531796499,46.3507562511429
30.7249858688228,46.4379055531886
30.7031217541397,46.4608218721976
30.70873319735,46.4474268816172
30.7301143280269,46.3951261453943
30.6944046718368,46.4881965910263
30.7499634126632,46.4430980236808
30.6662461849457,46.4666656504924
30.7187382370024,46.4037928572311
30.717349008813,46.3982891263802
30.6373710121101,46.4439922225148
30.6159872847449,46.4936031654647
30.6374437193799,46.4384884916638
30.7405348377922,46.4367054915745
30.7433418577414,46.4816241396374
30.713098230222,46.4291039018899
30.7004679387946,46.4776533210732
30.7261673619559,46.3691440018119
30.6284020510513,46.4425996472684
30.7176995617206,46.3988216874563
30.7416721872258,46.4709639221507
30.7549542473925,46.4657102791024
30.6441379815714,46.4397731153407
30.7026699303921,46.4041940772311
30.7278629993535,46.4760574370376
30.6199160739985,46.4402031224258
30.7505009271216,46.4813434655568
30.6623018155628,46.4471030269088
30.6402429492645,46.4440875797345
30.6615072289722,46.4472379663706
30.6453584250276,46.4370329446686
30.613780099771,46.4926028142541
30.6154601570394,46.4881750007124
30.7483067255886,46.4477183508548
30.7177333186672,46.3987281294294
30.7467435192894,46.3993290598329
30.6807123349337,46.3822709126614
30.8076540345056,46.5785106732508
30.7297923386896,46.4243054546262
30.7006600937217,46.4730239979351
30.7573769574874,46.4381808296908
30.7136669049388,46.4159428063767
30.6410635027371,46.4390804261032
30.7072037479974,46.4848752810718
30.7182059159205,46.4034078299666
30.716930942012,46.3981361949901
30.7482366150071,46.4643302982058
30.7231474135739,46.4154750162423
30.7093901594657,46.4879465032236
30.7214699529937,46.4973742736254
30.7976671716706,46.5767132796188
30.7219607270644,46.4714856880699
30.7416721872258,46.4858162589191
30.6887205213568,46.3400096724006
30.6541871649234,46.3496119645063
30.7199327135766,46.4117560846735
30.7043006505846,46.3835591347239
30.7265127214871,46.3878592055751
30.7509813144394,46.4511260220649
30.7487689360891,46.4486539311237
30.7485637977209,46.4651417341698
30.6294614998388,46.4806273868125
30.645566160084,46.4447442851155
30.6668018762215,46.4710376890565
30.6440341140432,46.4368152423368
30.7052302649619,46.4660683184746
30.6369269784271,46.4996304614276
30.7214673563055,46.4166750778564
30.7260583010513,46.4377490234128
30.7017662828969,46.4797565774853
30.721955533688,46.4986427045668
30.8071944206934,46.5930247617681
30.7415371594391,46.4673997211649
30.7252247641376,46.3691601945473
30.6552414203344,46.3490272268383
30.6951914683628,46.4039188007289
30.6867781985798,46.4448684294204
30.7094602700473,46.3974435057526
30.688697151163,46.5475807494003
30.8108921046968,46.5808118408736
30.699470810524,46.3644607028891
30.7063831945248,46.459461682422
30.7064533051063,46.4114556194718
30.7427705863364,46.4458130056534
30.726206312279,46.4736177315673
30.695664065616,46.4461782417968
30.6409128948212,46.5349720060844
30.706754520938,46.4213313888869
30.7400518537861,46.4346418174045
30.6352079708357,46.4399116531882
30.6419697469205,46.4538823854725
30.7051497676276,46.3964935319411
30.7397038975667,46.482480555422
30.6989021358072,46.4592133938122
30.6885647200645,46.4661906635866
30.714038231352,46.4337512169562
30.7066896037329,46.3958548184883
30.7142979001725,46.4168621939102
30.717502213417,46.4728638697737
30.7302960962013,46.4282312933698
30.6923273212731,46.4757533734502
30.7068843553483,46.4754115268135
30.7594595014276,46.4561475692388
30.7120024277996,46.4811095704896
30.7004809222356,46.4071375566924
30.8079111066379,46.5765819385426
30.7040617552698,46.3857865354409
30.6311934908713,46.4822574555117
30.746940867593,46.468353293362
30.7282576959606,46.4289851551634
30.6456362706655,46.4368728165072
30.7669587369625,46.4305216658358
30.7438482119413,46.4779519870821
30.6971649513983,46.4278786515762
30.8074852497723,46.5927296941448
30.7260323341693,46.4181342232373
30.7057002655269,46.3883665779516
30.6607593827693,46.3416955160774
30.7987551840283,46.5700490693959
30.6439821802791,46.4396543686143
30.6436342240597,46.4433876937256
30.7096809885447,46.3897231693415
30.721270008002,46.4075495718492
30.7530898252616,46.4101134216245
30.7180189543698,46.3835501387598
30.7043473909723,46.5144486135324
30.7228617778714,46.5032648309336
30.7246898463675,46.4765162312079
30.6999252309598,46.4725400150652
30.7067519242498,46.4641018007171
30.7767508481822,46.5850399440118
30.7231837672088,46.3935302613587
30.6449948886789,46.4444492174922
30.7559669557923,46.4376554653859
30.6797022232221,46.389194206651
30.7200235976637,46.4772143180239
30.6461400281772,46.43719307283
30.8113880721439,46.5787625602462
30.6790504544828,46.4906111077971
30.7136123744865,46.3796296975946
30.7326798559731,46.4744273683384
30.7460476068506,46.4736861008946
30.7093875627775,46.444882822963
30.6394821196205,46.4447316907657
30.7323630600122,46.4352517437721
30.7402699755953,46.4690945608058
30.6832986363855,46.4570381696871
30.6836543826696,46.4482275224242
30.7082865669788,46.3968587680845
30.6115365611622,46.5030741164942
30.7206390127682,46.4116661250323
30.70190650406,46.4607427077133
30.7623184551409,46.4331898687949
30.8046029258652,46.5724941724448
30.7227708937842,46.4252266413525
30.7114727034059,46.3813677178633
30.6949188161013,46.3653710944584
30.6379968139674,46.4462538078955
30.8091263567177,46.5793760849995
30.7094602700473,46.3720874812732
30.6367036632415,46.4405017884347
30.6859732252363,46.4820127652876
30.7058612601956,46.4698664145276
30.7502879986888,46.4268818987513
30.6920364921941,46.481649328337
30.7645775738789,46.4320113974947
30.7407477662249,46.4606167642155
30.706640266657,46.4751272543472
30.6271504473367,46.4824319772157
30.7264244340882,46.4160453603678
30.7642477944769,46.474134099908
30.6392562077467,46.4548305600911
30.767789677188,46.5553100817755
30.6836647694224,46.3928465680853
30.7168945883771,46.4259805031461
30.7958287164217,46.5753494914577
30.6461140612951,46.4370005591977
30.702503742347,46.4772053220598
30.6401079214778,46.4398378862824
30.6860355457532,46.4816925089648
30.8028164043804,46.5760943572871
30.6560048466666,46.3495238040579
30.71122082465,46.3999317894292
30.7390053884396,46.4689020471736
30.7132072911266,46.4886463892325
30.7410723522505,46.4606437521079
30.7055574476757,46.5140509919181
30.6348729980573,46.4435316291516
30.7079178372537,46.3978681152592
30.6970792606876,46.4051422518497
30.6154783338568,46.4664587433175
30.7062221998561,46.5128797173892
30.7622535379357,46.4505430835897
30.7057002655269,46.4661258926449
30.7023920847542,46.4415471194659
30.705624961569,46.5139862209764
30.6452104137999,46.4477525355185
30.8039953008253,46.5726273127138
30.7284186906293,46.4230640115771
30.7530352948093,46.4661708724656
30.627204977789,46.50767645174
30.742588818162,46.4549996842166
30.6451714634769,46.4397641193766
30.6934361071364,46.4784773513869
30.8019776740903,46.5770137448206
30.6432914612167,46.45370246619
30.6340498478964,46.4419069580309
30.7486209248614,46.4374377630541
30.6604425868083,46.4856615283362
30.721994484011,46.4098813257501
30.749947832534,46.4408040528293
30.7149912159231,46.4816223404446
30.7279824470109,46.4721190039442
30.6364284142918,46.4427237915733
30.7483482725999,46.4411800841296
30.6844931129597,46.4449296019764
30.6508478238922,46.3459524063007
30.7280447675279,46.4286343125626
30.7112935319197,46.4408094504077
30.7080580584168,46.4762715409838
30.7056353483218,46.4771099648401
30.7488728036172,46.4315849887952
30.7241263650271,46.4251348825184
30.7389482612991,46.4696721017025
30.752409492952,46.4324198142659
30.6461452215536,46.4365453634131
30.8087991740039,46.5920855831136
30.6602374484402,46.4481141732763
30.6354728330325,46.4838191548836
30.7476731336667,46.4382078175831
30.7206260293272,46.4095772621627
30.7492986604828,46.4586880295074
30.6501856684,46.3618752627999
30.6900656058468,46.4943228425946
30.701919487501,46.4458957685233
30.6477084278528,46.4423891417079
30.6933659965549,46.3690108615429
30.7670340409205,46.5566522796228
30.6382694662289,46.4382456006325
30.7981735258705,46.5708677021312
30.694648760528,46.4469500955187
30.7413424078238,46.466474936053
30.7328512373946,46.4865089481567
30.727678634491,46.4300016991094
30.6462932327813,46.4402948812599
30.7117817093022,46.4839612911168
30.7094083362832,46.4656473073536
30.698569759717,46.3455655798434
30.6945241194942,46.4884646707572
30.7231422201975,46.3890214841399
30.8068802214206,46.5739245307404
30.7117713225494,46.4170888922061
30.7438144549946,46.3824382375941
30.7116596649566,46.4760484410735
30.7966129162595,46.5763192563902
30.6842542176448,46.3925371069194
30.7420694805211,46.4576121121982
30.7112156312736,46.3921178949913
30.7421214142852,46.4557859314811
30.7258297924893,46.4874553235825
30.7172243677791,46.4264410965092
30.7466058948146,46.4685314134517
30.7220879647864,46.4991554745219
30.6935529581057,46.4900389644788
30.6423644435276,46.5353498365776
30.7195016633346,46.3895306557093
30.6409700219617,46.4527758818852
30.7590907717025,46.4361693321127
30.6443015729283,46.4541864490598
30.714786077555,46.4856849178429
30.7122465164908,46.4109554438665
30.748945510887,46.457295454261
30.6547844032104,46.3491171864795
30.7413346177592,46.4810447995479
30.7136617115624,46.4610827551571
30.7125633124518,46.3990789720303
30.8114140390259,46.5787121828471
30.6867548283859,46.3744786085373
30.7079022571245,46.4343107659247
30.6951447279751,46.430118646643
30.642914941427,46.4391757833229
30.8080253609189,46.591752732441
30.68670549131,46.4805032425076
30.698925506001,46.3496389523987
30.6962197568918,46.3626525141002
30.7040695453344,46.3847555979523
30.7249728853818,46.5022284958666
30.6712214395458,46.4677397686088
30.7219191800531,46.5070431358656
30.6981179359694,46.3870549663824
30.7602852482766,46.457685879104
30.7316541641323,46.456843856862
30.6254755834447,46.5063846312918
30.7243678570301,46.5009438721897
30.7226332693094,46.5146429263574
30.6811667553695,46.4566315521087
30.6905018494652,46.4801074200862
30.6948279320141,46.4775669598176
30.6146084433083,46.4896737283354
30.6439795835909,46.4404010336365
30.6874948845242,46.3509775518603
30.807963040402,46.5912579544142
30.7262686327959,46.4378263887043
30.797012806243,46.5776362655379
30.7237965856251,46.498056167706
30.7045239657702,46.3893399412698
30.6939398646481,46.5055318138928
30.7543154620942,46.5746190191708
30.632941062033,46.4017291830611
30.6345406219671,46.4373010243995
30.7091824244094,46.4877413952416
30.7461047339911,46.4456672710346
30.7133604957306,46.3818157168767
30.7223528269833,46.406925251939
30.7018987139954,46.3650580349069
30.748945510887,46.4651219430487
30.7055159006644,46.4738174419708
30.6311467504836,46.4094567162435
30.7157935925784,46.4177707862867
30.7127528706907,46.4293719816207
30.636721840059,46.4383589497804
30.7123218204488,46.3813047461145
30.7506541317256,46.4221338288867
30.6750022175717,46.3859646555306
30.7518953486874,46.4614497904934
30.6447845569344,46.4778386379341
30.7338275921596,46.4814154332698
30.7479509793046,46.4623313949775
30.73408726098,46.4735241735404
30.6785259234654,46.4902566668106
30.694420251966,46.4881264225061
30.654766226393,46.3500293772417
30.6363738838395,46.4382959780316
30.7494440750223,46.4457050540839
30.7040150148821,46.4789685310281
30.6542365019992,46.3489714518607
30.644678092718,46.4396525694214
30.7461644578198,46.4658254274432
30.7525575041796,46.4244691811733
30.7148691715775,46.4740639313878
30.7042409267559,46.514319071649
30.6308247611462,46.4831660478883
30.7982825867751,46.5697072227592
30.7388677639648,46.4575023614359
30.7575015985213,46.5518016557672
30.7289847686579,46.389061066382
30.7141680657623,46.4430224575822
30.7615991725082,46.4533714147102
30.7461021373029,46.4678243306715
30.7087799377376,46.3723087819907
30.7072219248149,46.4220960458374
30.7066298799042,46.4637095766813
30.7277565351371,46.4286379109482
30.6414971496673,46.4401491466411
30.7070531400816,46.3805814705989
30.7029971131059,46.4414085816184
30.6923662715961,46.3684765012739
30.7226073024273,46.5006973827727
30.6195187807032,46.5188926198095
30.704965402765,46.5144594086893
30.6787959790387,46.326729830161
30.7155676807046,46.3936831927488
30.6346912298829,46.4435838057435
30.8080928748122,46.5733146043729
30.7525704876207,46.4702352490567
30.7325110712398,46.456217737759
30.7278707894181,46.5547289424931
30.713555247346,46.3897141733774
30.7112623716613,46.409667221804
30.7179566338528,46.4757299839435
30.646682736012,46.33837240693
30.7606981217012,46.4325943359699
30.7368812974882,46.3901945578616
30.6401806287475,46.44417394099
30.8081681787701,46.5764721877803
30.7406049483737,46.4605753827806
30.6447741701815,46.3733361210936
30.7261128315036,46.3910329817179
30.7285251548457,46.3876019210011
30.7247755370782,46.5098804629503
30.6663474557857,46.4916600372139
30.6681054137002,46.4915538848373
30.7225553686633,46.5004616885127
30.7038592135899,46.3878897918531
30.746268325348,46.4365363674489
30.7324072037116,46.4707804044826
30.7572055760659,46.5516505235699
30.7055392708583,46.5124335175686
30.7637232634596,46.4419429418873
30.6406454359362,46.4453200268194
30.7420798672739,46.4391757833229
30.6419074264036,46.4371876752515
30.7573925376167,46.4583209941711
30.7055444642347,46.4661420853804
30.7239653703584,46.4814298268124
30.732931734729,46.4480260128279
30.7532767868123,46.4562933038576
30.668520883813,46.4836086493231
30.7131579540507,46.4682975183844
30.6477889251871,46.3588094382265
30.6441431749478,46.4374071767761
30.7494336882695,46.3793832081776
30.7085929761869,46.4763507054681
30.7633597271109,46.4330819172254
30.6737298403515,46.5016401598129
30.6845891904232,46.3437861781397
30.7210414994399,46.5074353599014
30.680639627664,46.3409146663914
30.773055760867,46.5680735556743
30.7140616015459,46.3824364384012
30.7218854231065,46.4985941263606
30.7448583236529,46.4517791290603
30.8048885615677,46.5785322635647
30.6426474825419,46.4370923180318
30.7278370324715,46.4286882883473
30.7056768953331,46.3724023400175
30.7173360253719,46.4261208401864
30.8058649163326,46.5790378367484
30.795870263433,46.5760061968387
30.7008808122191,46.425744808886
30.7521212605612,46.5483580007006
30.7342872059718,46.4728512754239
30.6954303636776,46.3717474338293
30.6378488027398,46.4382689901392
30.699901860766,46.5034411518305
30.7066039130222,46.4616962799104
30.7333420114653,46.4890350148826
30.6423956037861,46.4430134616181
30.6460803043485,46.441351007448
30.7400025167102,46.4705591037652
30.6492924076576,46.449359214711
30.6460309672726,46.4368872100498
30.7128385614015,46.4157323008162
30.724632719227,46.3989494301469
30.6996707555158,46.4359336378526
30.6624446334141,46.44719298655
30.7309167046822,46.4281251409932
30.7592595564358,46.4816097460948
30.7125866826456,46.3896350088931
30.7148639782011,46.4175260960625
30.6372152108178,46.4383193675383
30.6844801295187,46.4898302581112
30.7089824794176,46.3915205629734
30.7274475292408,46.4298577636834
30.6767342086042,46.3895018686241
30.7095511541344,46.4682957191916
30.8099027664908,46.5791170012327
30.8083213833742,46.5732444358527
30.7392546705073,46.4696379170389
30.7499166722755,46.3820748006435
30.7589401637866,46.4357429234132
30.7124334780416,46.3811374211818
30.712680163421,46.4907028666312
30.6459920169495,46.4692600865457
30.7530742451324,46.4103455174989
30.8143742635792,46.5903781491229
30.7172659147904,46.418085645031
30.6732312762162,46.4826029005341
30.7060196581761,46.5140743814248
30.6929842833888,46.4762067700421
30.6497520214698,46.4892095365866
30.6448468774513,46.4402534998249
30.6340108975733,46.5304344417804
30.6736389562643,46.3338384410116
30.765086524767,46.4429181043984
30.704838165043,46.5127519746986
30.621037843303,46.4407626713943
30.8077760788512,46.5909448948627
30.7229318884529,46.3869955930192
30.7379407462757,46.4518798838585
30.7237031048497,46.4779393927323
30.6994370535774,46.4103419191133
30.7590674015087,46.4353902816196
30.709330435637,46.4308563157012
30.6919144478485,46.4751452462755
30.7981968960643,46.5761015540584
30.6964716356477,46.4996700436698
30.7411398661438,46.4846233940763
30.7132202745676,46.4203148449409
30.7327733367485,46.3859538603736
30.6193499959699,46.5196464816031
30.705079657046,46.5146429263574
30.7065208189996,46.4767699173962
30.7580391129796,46.4105956053016
30.7604644197628,46.4767951060958
30.7050510934758,46.4708883560521
30.7383510230121,46.5578703331651
30.6931738416278,46.478732836768
30.6445093079847,46.4411476986588
30.7125243621287,46.3767186036041
30.6386148257601,46.4444186312142
30.758259831477,46.4719804660967
30.6422891395697,46.4419087572237
30.7364606339991,46.557030110116
30.7516798235665,46.4154912089777
30.7669561402743,46.4343377538171
30.746242358466,46.3866807342748
30.6931998085098,46.3658658724852
30.6823092981796,46.4553397316605
30.6666123179825,46.4995908791855
30.6157172291717,46.4824643626866
30.7149496689119,46.4173119921164
30.7471797629078,46.4493933993747
30.6453376515219,46.444082182156
30.6442963795519,46.3881254861131
30.8068750280442,46.5791709770175
30.6584768938374,46.5381709709268
30.7201352552565,46.4797673726423
30.6427773169522,46.4391883776726
30.6989099258718,46.4744921392801
30.7212492344963,46.469225901882
30.7576729799428,46.4584703271756
30.7115454106756,46.3954464017171
30.637051619461,46.4381772313051
30.743489868969,46.4847781246592
30.7599814357567,46.5705906264362
30.7384782607341,46.4525707739032
30.715928620365,46.498128135419
30.8106947563933,46.5822403999765
30.7014391001831,46.3501841078246
30.6947162744213,46.4776767105799
30.7185798390219,46.5008683060911
30.7431185425558,46.4848141085157
30.6394821196205,46.4443772497793
30.6404299108152,46.4403362626948
30.7193900057418,46.4923977062721
30.7113999961361,46.4795712606244
30.6369139949861,46.4401221587487
30.6950278770059,46.3654070783149
30.6400819545958,46.4691017575771
30.7238744862712,46.3985536077254
30.7949406490557,46.5659487089483
30.723986143864,46.4690117979359
30.6919144478485,46.4797223928217
30.7249936588874,46.4807245432251
30.6243823777105,46.4415417218874
30.7126593899154,46.4152717074531
30.6548181601571,46.3505205568828
30.7149964092996,46.4698736112989
30.725128686674,46.3911175437807
30.6901772634396,46.4540353168626
30.6610112615251,46.3769686914068
30.7347260462784,46.5271149310187
30.7121166820806,46.3979508781291
30.7150976801395,46.3828466543653
30.7520719234854,46.4328066407232
30.7212985715722,46.4074578130152
30.7299221730998,46.4453794001826
30.7097225355559,46.3735322331115
30.7278422258479,46.4286451077195
30.7441468310848,46.4847655303095
30.72477294039,46.5313340381927
30.6509023543445,46.3459685990362
30.7080450749757,46.496751752908
30.6128219218235,46.4970306277959
30.7472862271242,46.4528622431408
30.6829948238656,46.4501886426032
30.7584156327693,46.4339473289741
30.7227163633319,46.5532302148701
30.7070791069636,46.4648376705824
30.6974791506711,46.3675679088974
30.642457924303,46.4757677669928
30.655007718396,46.350385617421
30.7261959255262,46.454195445024
30.7302026154259,46.4350952139963
30.7646996182245,46.4764046812528
30.7056431383864,46.5124515094969
30.7484053997404,46.4387511738162
30.7081411524393,46.4940277749713
30.6829584702307,46.4517017637688
30.6161067324023,46.4803125280682
30.7424589837518,46.4550140777592
30.7056483317629,46.4661312902234
30.6368334976518,46.4398792677173
30.6391133898954,46.4526193521095
30.8069996690781,46.5771918649102
30.8080695046184,46.5833145180929
30.6950330703823,46.4559118749788
30.7592076226717,46.4566477448441
30.7605267402797,46.5695255042839
30.7141732591387,46.3886526496108
30.6349846556501,46.441566910587
30.6409310716387,46.436628126283
30.7735205680557,46.5638490509218
30.729670294344,46.4238214717564
30.7081022021162,46.4345428617991
30.6985360027704,46.3789675946351
30.7038540202135,46.5127573722771
30.687250795833,46.4790369003554
30.6483316330219,46.3828952325715
30.7057599893557,46.5139016589136
30.6354131092038,46.4438410903175
30.6363842705924,46.4438788733668
30.641468586097,46.4429001124701
30.6459556633147,46.4446327351604
30.6244187313454,46.4688966495951
30.7192861382136,46.4889648463625
30.6400196340789,46.4394150759686
30.7321033911917,46.4747062432262
30.7927412541464,46.5669814456297
30.6441016279365,46.436813443144
30.7349182012055,46.5269548028573
30.7571458522372,46.4521173773114
30.6399936671968,46.4407194907665
30.7085644126167,46.3958566176811
30.7233837122005,46.4793121768576
30.7103769009835,46.4048040035986
30.7397999750302,46.3911337365161
30.6665681742831,46.481885022597
30.719177077309,46.4944757739847
30.6547402595109,46.3505997213671
30.7399324061287,46.5583201313713
30.7461488776906,46.4692402954246
30.6449169880328,46.4365597569557
30.6404766512029,46.4416766613493
30.633727858559,46.4433211235911
30.7241497352209,46.4249459672718
30.636721840059,46.4404406158787
30.6460465474018,46.4447226948016
30.7632402794535,46.579165579439
30.642128144901,46.4418817693313
30.6408427842397,46.4547891786561
30.6470982061247,46.3383490174233
30.7274916729403,46.4299585184816
30.751965459269,46.4000037571422
30.6868509058495,46.4783999860955
30.7404906940927,46.4316371653871
30.7567952993296,46.434595038391
30.757041984709,46.4385946440405
30.6955446179586,46.4060238563338
30.6982815273263,46.4051242599215
30.718276026502,46.46282977139
30.7403322961122,46.4691791228686
30.6362959831934,46.4430566422459
30.6333435487047,46.443024256775
30.7409477112167,46.460417053812
30.7150041993642,46.4491774962357
30.6419827303616,46.4955229042087
30.6942904175558,46.4873581671699
30.7072712618908,46.4219341184832
30.7144147511417,46.4428893173132
30.8123124931447,46.5816304736089
30.7141602756977,46.4155937629687
30.7462034081429,46.4366317246687
30.7018104265964,46.4473567130971
30.7456399268025,46.4472631550702
30.7103561274779,46.4304946779434
30.7578781183109,46.43306572449
30.6466100287422,46.4370437398255
30.705180927886,46.4414859469099
30.6950720207054,46.3505853278245
30.7421473811672,46.4588931374894
30.7329836684931,46.4808666794582
30.7459826896455,46.4555970162344
30.7644243692748,46.4763327135398
30.6659319856729,46.4841879894127
30.7137915459726,46.3821665594775
30.698658047116,46.3503946133851
30.7089227555889,46.3914108122111
30.7302000187377,46.5291929987313
30.7223476336069,46.4709747173077
30.7556735300252,46.5513662511036
30.6452545574994,46.4381898256549
30.724315923266,46.39377315239
30.6673861310675,46.4629053374886
30.8079188967025,46.5735305075118
30.7048849054307,46.4450447503172
30.76149530498,46.4335137235033
30.7262712294841,46.4768940617011
30.7101899394328,46.4797008025078
30.7142927067961,46.4863830046589
30.723339568501,46.4103329231491
30.7302155988669,46.4352031655658
30.8057688388691,46.5838380832049
30.7216647046091,46.3817023677287
30.702160979504,46.347654442713
30.7610590613616,46.4324270110372
30.7980904318479,46.5759864057176
30.7066610401627,46.4622000539013
30.7596906066778,46.4347263794672
30.7217088483085,46.5529603359463
30.6634339716201,46.4846827674395
30.7095641375754,46.4750876721051
30.7312854344072,46.4752172139885
30.636493331497,46.4381502434128
30.8024035309558,46.5702397838353
30.7019895980825,46.4770937721047
30.6919689783008,46.4660395313894
30.7126567932272,46.3754141888062
30.7854575437324,46.5729511674223
30.658383413062,46.4347713592879
30.7179955841759,46.3849283204635
30.7041084956575,46.4027997027919
30.6912445022917,46.4765522150644
30.6922052769274,46.4668923487883
30.7180916616395,46.3838380096117
30.7026335767573,46.4334741412612
30.7120725383811,46.483815556498
30.710979332647,46.4445193860124
30.7156949184266,46.4211856542681
30.6411206298776,46.4370473382112
30.7061858462212,46.4454459703172
30.6916703591573,46.4569212221535
30.7206416094564,46.4169503543586
30.7181825457266,46.4216606411738
30.6835219515711,46.3459919885429
30.6451818502297,46.4447532810796
30.7040747387108,46.4241633183931
30.7081930862034,46.3967238286227
30.6453272647691,46.5257205565795
30.7482781620184,46.4622990095067
30.6578926389914,46.4419249499591
30.6835946588409,46.4485675698681
30.7264633844112,46.4900497596358
30.7067701010673,46.4620147370404
30.6866847178044,46.4808936673506
30.7339366530642,46.4890566051965
30.7481405375435,46.5451428431228
30.7107222605147,46.4210831002771
30.812925311561,46.5939063662522
30.7071336374159,46.4472109784782
30.7126853567974,46.4728116931818
30.7065805428283,46.4636358097755
30.6845710136058,46.3459632014577
30.6549973316432,46.3501805094389
30.7945018087491,46.5740810605162
30.7119167370888,46.3877998322118
30.7237784088076,46.4248398148952
30.7315347164749,46.4825381295924
30.6369607353738,46.3962308497887
30.6392016772944,46.4623439893273
30.7387093659843,46.4510792430515
30.7118751900776,46.4440587926493
30.7442948423125,46.4716278243031
30.7090915403222,46.4473944961464
30.6343147100933,46.4047248391144
30.6587261759051,46.4927251593662
30.7114025928243,46.3813569227064
30.6173271758585,46.48782955569
30.7297040512906,46.4528532471767
30.7454503685635,46.4747548214325
30.7111896643916,46.4093685557951
30.6464853877084,46.4391200083453
30.6858356007615,46.4810915785613
30.7119323172181,46.4707840028682
30.7315710701098,46.4864135909369
30.7943927478445,46.5659451105626
30.7170711631751,46.4206656875417
30.6418347191339,46.4411692889727
30.6410583093607,46.453342627625
30.7127788375728,46.4132188284401
30.7268243240717,46.4773528558715
30.6602556252576,46.4856273436725
30.7253649853007,46.4138035661081
30.7400518537861,46.4683802812544
30.7018260067256,46.4333499969563
30.6490249487725,46.4491415123792
30.6444002470801,46.4404334191074
30.7235031598579,46.4687886980256
30.68939566029,46.4275511984821
30.6968974925132,46.4706850472629
30.625530113897,46.5063792337133
30.7155313270697,46.4693086647519
30.6447715734933,46.4432437582997
30.7391144493442,46.459092847893
30.746242358466,46.4471480067294
30.75994767881,46.4555376428712
30.746052800227,46.4376500678075
30.732056650804,46.429944124939
30.7039604844298,46.3847268108671
30.8039693339432,46.5993453261615
30.7281538284324,46.4890440108467
30.6409674252735,46.4535333420645
30.7305583617099,46.4576642887901
30.6464360506325,46.4375942928299
30.7169802790879,46.495416751832
30.7040461751406,46.5022662789159
30.7054535801475,46.5124335175686
30.709418723036,46.4645713900444
30.7184292311061,46.4062883376791
30.710966349206,46.4795568670818
30.6800761463236,46.3330198082764
30.6826053206349,46.4569554068171
30.6402585293937,46.4454261791961
30.7516304864906,46.440190528076
30.6143046307883,46.4901037354205
30.7219061966121,46.4756904017014
30.7230539327985,46.4149244632379
30.806604972471,46.5787283755826
30.7066298799042,46.4659909531831
30.6445456616195,46.4968794955986
30.7256168640565,46.423506613012
30.7116674550212,46.418999634986
30.6885309631179,46.3927404157086
30.6417879787462,46.4448648310348
30.6947526280562,46.4905013570348
30.7151132602688,46.419420646107
30.7205325485518,46.3990627792948
30.7237057015379,46.3981865723892
30.7393974883585,46.469513772734
30.644779363558,46.3733757033357
30.7105197188348,46.3781111788505
30.667188782764,46.3295689564385
30.7009015857248,46.4767699173962
30.741090529068,46.4844164869015
30.7220490144633,46.4992454341631
30.7140745849869,46.4154012493365
30.7238770829594,46.4150198204576
30.7180890649513,46.4225152577656
30.7446739587904,46.4746792553339
30.7125373455698,46.3980192474565
30.7225423852222,46.5051845696777
30.7280577509689,46.4720794217021
30.7464812537808,46.4469662882541
30.6952330153741,46.3654214718575
30.721282991443,46.4075135879927
30.6463607466746,46.4450825333666
30.6950720207054,46.4299189362395
30.6105498196444,46.5134374671648
30.7605708839791,46.5691890552257
30.6399235566153,46.4413654009906
30.7137811592198,46.4198038741787
30.7207454769846,46.5393422454557
30.6364907348087,46.4420436966855
30.8099417168139,46.5774293583631
30.7477094873016,46.4677667565011
30.7098913202892,46.3816681830651
30.6274646466094,46.483291991386
30.6124090483989,46.4659261822414
30.7544998269567,46.4047284375
30.6400715678429,46.4544563279836
30.8068153042155,46.5742753733413
30.648954838191,46.4430584414387
30.7113922060715,46.4750085076208
30.8089575719844,46.579545209125
30.6400456009609,46.4440677886134
30.6424735044322,46.4544653239477
30.7148042543724,46.4796126420594
30.6433148314105,46.4449314011693
30.7722585775882,46.5668896867956
30.758576627438,46.4521569595535
30.7499426391576,46.4621046966816
30.7074712068825,46.433475940454
30.6450805793897,46.4371139083457
30.6822651544801,46.3351104703387
30.762827406029,46.4536340968626
30.7352246104137,46.4538338072662
30.7298572558947,46.4718293338994
30.6351664238244,46.4791844341671
30.7071154605985,46.4046186867377
30.7463176624239,46.4379091515742
30.6939138977661,46.4059824748989
30.7290782494333,46.5255190469831
30.7153755257774,46.3965241182191
30.6426578692948,46.4371894744443
30.7177255286026,46.4651183446631
30.7678468043285,46.5566432836586
30.7224592911997,46.4868453972149
30.7261076381272,46.4976009719213
30.7079256273183,46.3977313766045
30.7063624210191,46.4066463770512
30.6265168554147,46.4683694860974
30.7319969269753,46.4617898379373
30.7632039258186,46.5540776346905
30.6358363693812,46.4382545965966
30.7496024730028,46.4682111571288
30.71101828297,46.4446831125595
30.7220178542049,46.4707156335409
30.7301974220495,46.4293234034145
30.7963324739334,46.57005806536
30.7285017846519,46.5106954972999
30.6912003585923,46.4608128762334
30.7051393808747,46.3860402216292
30.6238734268224,46.5093479018742
30.8148676343381,46.5940251129787
30.7479847362513,46.4774662050194
30.6905667666703,46.4965430465403
30.7053912596306,46.401659014541
30.7493765611289,46.4372146631439
30.6922182603685,46.4798555330907
30.7058378900018,46.4779088064543
30.7518304314823,46.4612644736324
30.6531381028887,46.4506690270874
30.7085696059931,46.4795496703105
30.6945656665055,46.4061480006387
30.8075138133426,46.58339548177
30.6747996758918,46.4458094072678
30.6438861028156,46.4413887904973
30.7292028904671,46.47172138233
30.6463140062869,46.4450429511244
30.7279486900643,46.4231809591108
30.7148535914483,46.489123175331
30.6232787852236,46.4736537154237
30.7107715975906,46.4454657614382
30.7208155875661,46.4573188437677
30.7046589935569,46.3875263549025
30.7491402625023,46.4461854385681
30.6482017986117,46.4483336748009
30.7409373244639,46.4605717843949
30.6440782577427,46.4372776348927
30.6523876599975,46.3490686082732
30.704812198161,46.4032584969622
30.740202461702,46.4530223713022
30.6956666623042,46.4327400705887
30.7241549285973,46.389903088624
30.7378836191352,46.5504576587271
30.6157172291717,46.5195115421412
30.7221139316685,46.3853367372347
30.6972895924321,46.3794641718547
30.6962587072149,46.4330405357904
30.71132209549,46.4630186866366
30.7484807036983,46.4385658569553
30.7424070499877,46.4693032671735
30.7114415431474,46.3813335331997
30.7329966519341,46.4929320665411
30.6920780392054,46.4784413675304
30.6345094617086,46.4438860701381
30.7124957985585,46.4900569564071
30.701145674416,46.4950659092312
30.6461478182418,46.4372830324712
30.7301870352967,46.4350340414403
30.7048563418604,46.5140959717387
30.7203403936247,46.4953034026841
30.7477198740544,46.4720452370384
30.8112296741634,46.5780104976455
30.7090603800638,46.3914144105968
30.6447040596,46.4399350426949
30.6555919732421,46.3502182924883
30.7021142391163,46.4251420792897
30.7499997662981,46.3757020596582
30.7073933062364,46.557902718636
30.7408983741408,46.4600878015251
30.7482158415015,46.4477291460118
30.6554024150031,46.3505637375106
30.6797723338036,46.3262656384122
30.7304752676874,46.4824589651081
30.8031617639116,46.5737158243728
30.7133137553429,46.5570391060801
30.6540365570075,46.448425433635
30.7324513474111,46.4743302119259
30.6661604942349,46.5177915138008
30.7322695792368,46.4480314104063
30.6436056604895,46.4373046227851
30.7063208740079,46.3888001834224
30.7945823060835,46.5748781029376
30.7078996604363,46.480355708696
30.694508539365,46.4884124941653
30.7584078427047,46.4719552773972
30.7973685525271,46.5699465154049
30.6850669810529,46.4526625327373
30.6464204705033,46.4376644613501
30.6904239488191,46.4965664360471
30.7114311563946,46.4821531023279
30.7248845979828,46.3912057042291
30.7226981865145,46.391113945395
30.7055730278049,46.3876900814495
30.7079775610824,46.434400725566
30.7419863864985,46.4573530284314
30.7115557974284,46.4808163020591
30.8094976831309,46.5761483330719
30.7397324611369,46.4586898287002
30.7273073080777,46.4299567192888
30.7605111601504,46.4744561554236
30.7815858816193,46.5580646459902
30.8075034265898,46.5929995730686
30.7409710814105,46.3922528344531
30.753653306602,46.4653792276227
30.7056145748162,46.5143424611557
30.7172711081668,46.4890727979319
30.7416254468381,46.4366569133682
30.6464178738151,46.4383211667311
30.6113210360412,46.5033871760457
30.7303298531479,46.435858071754
30.6398326725281,46.4419573354299
30.6959289278129,46.4289779583921
30.6859264848486,46.4816475291442
30.6439743902145,46.4027817108636
30.7122257429852,46.3981541869183
30.7288575309359,46.4914171461826
30.6447715734933,46.4389742737265
30.7246508960444,46.47465766502
30.7213790689066,46.4506654287018
30.7065597693227,46.464112595874
30.7099043037303,46.380446531137
30.7498569484468,46.3820226240515
30.6846644943812,46.3865278028847
30.697198708345,46.4607211173994
30.7092265681088,46.4681877676221
30.6442704126698,46.4429235019768
30.7648995632163,46.4330441341761
30.7023167807963,46.4242478804558
30.7481171673497,46.4477111540835
30.7055029172234,46.4040591377692
30.7066662335391,46.4763758941676
30.729670294344,46.4181558135512
30.7105249122112,46.4215095089765
30.7262218924082,46.488014872551
30.6527589864108,46.3504449907842
30.6145461227914,46.5193226268946
30.7379589230932,46.3851568179523
30.7050562868522,46.5146933037565
30.7492155664603,46.4460576958776
30.7977165087465,46.5763156580046
30.6402221757588,46.4444420207209
30.6625900479536,46.5416470114643
30.6086049001792,46.4864981529997
30.7114830901587,46.4168100173183
30.7244976914403,46.3988846592052
30.6369373651799,46.4399926168653
30.6917378730506,46.4804420699516
30.700447165289,46.3794623726619
30.7280188006458,46.4231935534605
30.6449117946564,46.4380027096011
30.6737064701576,46.325621527381
30.6404299108152,46.441700050856
30.6137073925013,46.4859386040312
30.7390936758386,46.4690909624202
30.7129580090589,46.4052016252129
30.796200042835,46.5775660970178
30.7338094153421,46.4829609399062
30.7481924713076,46.4342747820682
30.7580339196032,46.4627973859191
30.6194538634981,46.4686645537207
30.6383733337571,46.4533336316609
30.7046070597928,46.3645722528442
30.63663355266,46.4415992960578
30.8084512177844,46.5731976568392
30.7112052445208,46.4748807649302
30.7116025378161,46.4171068841344
30.6309286286744,46.4705465094154
30.6326943766536,46.4024164747202
30.7057236357208,46.4662500369499
30.7277279715669,46.4707084367696
30.7237108949143,46.4779052080687
30.7080009312763,46.4480691934557
30.7226254792448,46.423404059021
30.6981568862925,46.4654493961428
30.7049679994532,46.5143352643844
30.7577171236422,46.4404496118428
30.6431564334301,46.4373010243995
30.7203533770657,46.411484406557
30.7110909902398,46.3999353878148
30.6415490834314,46.4645767876228
30.711348062372,46.4073102792035
30.6363868672806,46.4429486906764
30.7032593786146,46.3814378863835
30.6830831112646,46.4513851058317
30.6160703787675,46.5204435240245
30.6881804102103,46.4648700560533
30.8077527086574,46.577614675224
30.6550934091068,46.349050616345
30.7582208811539,46.4342549909471
30.7946472232886,46.5660116806972
30.7051523643158,46.5132899333532
30.6920624590762,46.3494374428023
30.7235576903102,46.4984951707552
30.6340394611436,46.447932454801
30.6300171911146,46.4439058612592
30.7246768629264,46.4967967327286
30.7211297868389,46.4812445099514
30.7649385135393,46.4297552096924
30.7054146298244,46.3898599079962
30.7693165298524,46.4389814704978
30.7208597312656,46.3987821052142
30.7127398872497,46.4908539988284
30.7560085028036,46.4632219954258
30.7115843609987,46.3862291368758
30.647266990858,46.3886562479964
30.7273904021003,46.4301042531004
30.6636079497298,46.5418107380113
30.808521328366,46.5786672030265
30.7108079512255,46.4095718645843
30.6372437743881,46.4398162959685
30.7326123420798,46.473220109953
30.6411803537063,46.4537996226025
30.7057210390326,46.4691629301331
30.7601554138664,46.5666054143293
30.7237472485492,46.417849950771
30.6804760363071,46.3842716150825
30.683672559487,46.4479162620656
30.693316659479,46.4901145305775
30.6904654958303,46.4976855339841
30.6474435656559,46.3377840708763
30.7618536479522,46.4297048322933
30.6554777189611,46.4332798284361
30.8065011049428,46.5745272603367
30.7100575083343,46.421124481712
30.7277149881259,46.4222417804562
30.7346299688148,46.4799257016109
30.6913275963143,46.4604026602694
30.6320997350547,46.3797394483569
30.8097859155216,46.5789766641924
30.7492363399659,46.4809854261846
30.6395106831907,46.4530385640376
30.6416191940129,46.4369231939063
30.7206883498441,46.457378217131
30.6949447829833,46.446453518299
30.6665681742831,46.4971277842084
30.6862121205511,46.4824139852875
30.6815952089233,46.4525167981185
30.7115947477515,46.4463797513932
30.7140174578464,46.3924219585787
30.6443223464339,46.4540946902258
30.6416789178416,46.4510072753385
30.6420865978897,46.5354451937973
30.6740829899473,46.4690315890569
30.7177488987965,46.492521850577
30.6629016505381,46.3502488787663
30.7507008721133,46.4269322761504
30.6951914683628,46.3758999708689
30.6862640543152,46.4781966773063
30.6591831930291,46.4472451631419
30.7037994897612,46.5125396699453
30.6465347247843,46.4371984704085
30.7222956998428,46.4244224021598
30.7490104280921,46.4577380556959
30.6425020680025,46.4524592239481
30.7173983458888,46.4263187513971
30.7064169514714,46.4467557826936
30.7662498410827,46.4299909039525
30.6463010228459,46.4409192011701
30.7185486787635,46.4889936334476
30.6743530455206,46.3425789197543
30.6682248613576,46.4647854939905
30.7182734298138,46.391761654812
30.6936438421928,46.489133970488
30.7263049864307,46.4770847761406
30.6888010186912,46.3939368789371
30.767091168061,46.5839262436533
30.7060378349936,46.5137613218733
30.6687545857514,46.4613868187445
30.731841125683,46.4533552219748
30.7206727697149,46.4978060799033
30.7676676328424,46.5566180949591
30.7585117102329,46.4522559151589
30.7453542911,46.4561583643958
30.7472940171888,46.4381538417984
30.625745639018,46.5061075555968
30.7927594309638,46.5790774189906
30.8091107765884,46.579154784282
30.6942255003507,46.4878853306676
30.7302130021787,46.4737724621502
30.7311348264914,46.3869092317636
30.7122802734375,46.4146689778568
30.6918651107726,46.3943992714931
30.7074036929892,46.4704601481598
30.7133007719019,46.46846664251
30.7507060654897,46.420960755165
30.6418606860159,46.4545876690598
30.7156066310276,46.46925648816
30.7075257373348,46.4189348640443
30.6892190854921,46.4338375782118
30.7404257768876,46.4780275531807
30.7448946772877,46.4373442050273
30.7212362510553,46.4118658354358
30.7341729516908,46.4351455913954
30.6915846684465,46.4885546303984
30.7376784807671,46.4651039511205
30.6234865202799,46.4448702286132
30.694191743404,46.4874769138964
30.7231655903913,46.4717357758726
30.7946030795891,46.5744049152247
30.744149427773,46.4540119273558
30.7403400861768,46.4687599109404
30.7218906164829,46.4125099464671
30.7212024941086,46.4113152824315
30.7308362073478,46.4280333821591
30.7230357559811,46.3956065298785
30.6371866472476,46.4394582565964
30.7081125888691,46.3885842802834
30.6822833312975,46.3348423906079
30.6365244917554,46.4439526402726
30.6863289715204,46.4901900966761
30.6881752168339,46.4463149804515
30.7159545872471,46.4797637742566
30.685118914817,46.3777711314066
30.6434680360146,46.4406601174033
30.7277227781905,46.4627685988339
30.6428344440927,46.4444762053846
30.7019116974364,46.4459569410794
30.7582780082944,46.4520652007194
30.6840776428469,46.4665720924655
30.7131397772332,46.4159266136413
30.7404829040281,46.4605555916595
30.6465269347197,46.4373442050273
30.7091252972689,46.3900632167854
30.8109933755368,46.5827549691244
30.7019350676302,46.4383031748029
30.7215997874039,46.4974732292307
30.7106703267506,46.4063549078136
30.7248897913592,46.4231287825188
30.7331316797207,46.3852233880868
30.7062533601145,46.4671262438555
30.7426043982913,46.4848536907579
30.7339288629996,46.4889126697705
30.7017532994559,46.3692861380451
30.7461722478844,46.4659369773983
30.7319346064584,46.4481699482538
30.6231177905549,46.4446903093308
30.7014442935595,46.4253885687067
30.6462620725228,46.4429882729185
30.7113973994479,46.3954751888023
30.6399365400563,46.4413150235915
30.7530145213036,46.4702082611643
30.7291197964446,46.4716907960519
30.7510358448917,46.4274432469126
30.6467450565289,46.3383760053157
30.7126853567974,46.3980462353489
30.6541170543418,46.349142375179
30.7473693211468,46.4750211019706
30.6861653801635,46.481710500893
30.7375901933681,46.4550158769521
30.7612564096652,46.4332366478083
30.6600946305889,46.4856795202644
30.692174116669,46.4822214716553
30.7528145763119,46.4679916556042
30.7189745356291,46.4223497320257
30.7413294243828,46.433209659916
30.645706381247,46.4368998043995
30.7534222013518,46.4578963846645
30.7315451032277,46.4619337733633
30.6461218513598,46.4448018592859
30.7146640332094,46.4864801610715
30.6200874554201,46.4558093209878
30.6788816697495,46.3267874043314
30.7599840324449,46.4760628346161
30.7149366854708,46.3923032118522
30.766088846414,46.4312143550733
30.7616614930251,46.4306476093335
30.7121062953278,46.4824985473503
30.6692349730692,46.5422227531682
30.7130566832107,46.4608668520182
30.7310231688986,46.3869236253062
30.7324123970881,46.4745371191007
30.6958276569729,46.3767995672813
30.7545335839034,46.4515416356074
30.6263506673696,46.5063612417851
30.7279331099351,46.4805050417004
30.7100575083343,46.45068342063
30.6600375034484,46.4435964000933
30.6367010665533,46.4407770649369
30.6942436771681,46.5144791998104
30.7499919762334,46.4308095366877
30.6287240403887,46.4661420853804
30.7113376756192,46.4589633060096
30.7509138005461,46.4413420114839
30.7485430242153,46.3889639099695
30.7000784355639,46.3647125898845
30.6840646594059,46.4867230521028
30.7130956335338,46.4125405327451
30.7592595564358,46.481566565467
30.7462111982075,46.4458291983888
30.6399235566153,46.4547459980283
30.8085291184306,46.5829726714562
30.7588155227528,46.4358976539962
30.7434015815701,46.4775273775755
30.6812212858218,46.4767501262752
30.7315944403036,46.4708523721956
30.7042435234441,46.3828502527509
30.6111756215017,46.5052475414265
30.73284344733,46.4715234711192
30.7382757190541,46.4689362318372
30.7132929818373,46.4925254489627
30.8047327602754,46.5718950412341
30.7410385953039,46.4681535829585
30.7196496745623,46.4732902784731
30.613577558091,46.4859637927308
30.7100133646349,46.4305558504994
30.7080320915347,46.4941321281552
30.7263906771415,46.4928529020568
30.7092629217437,46.471372338922
30.6453246680809,46.441586701708
30.7408490370649,46.4695227686981
30.6347769205937,46.4438986644879
30.735318091189,46.4538787870868
30.7103872877363,46.4021627885319
30.7394727923165,46.4347227810816
30.7102522599497,46.4305828383918
30.610329101147,46.5091553882419
30.6340057041969,46.4432383607212
30.6318478562989,46.5047689561351
30.7104314314358,46.3892823670994
30.7141031485572,46.4425060892415
30.7372578172779,46.467860314528
30.6471111895657,46.338280648096
30.7474394317283,46.4448000600931
30.7152768516257,46.5014872284228
30.7299585267347,46.4900389644788
30.7053133589845,46.3895378524806
30.7120673450047,46.3812831558006
30.7116856318386,46.4822592547046
30.6377345484588,46.4504639191054
30.7158818799773,46.3832136897015
30.6231749176954,46.4443430651156
30.7546764017546,46.4251060954332
30.7235654803749,46.4970414229528
30.7337704650191,46.4815755614312
30.6155510411266,46.4824679610722
30.7391819632375,46.4271049986615
30.648484837626,46.4475654194647
30.807519006719,46.5776596550447
30.7476887137959,46.4487420915721
30.7616277360784,46.4141634046731
30.633042332873,46.4012595937339
30.6117572796596,46.5005498489611
30.6286695099364,46.5056793477045
30.7646996182245,46.4492350704061
30.6972194818506,46.4274180582131
30.747499155557,46.4418511830533
30.7115895543751,46.4074236283515
30.6443768768862,46.441525529152
30.7100471215815,46.4062721449437
30.6287110569477,46.4661132982952
30.7305765385274,46.4688066899538
30.7936163380714,46.5702865628488
30.7042149598739,46.3857613467414
30.6202718202826,46.4599510628704
30.8075267967836,46.5761663250001
30.7381043376326,46.4423477602729
30.721942550247,46.4968722988273
30.7250248191459,46.4236955282586
30.6843165381618,46.4852693043004
30.7244120007296,46.483322577664
30.6729014968142,46.4695245678909
30.6286980735066,46.5076800501256
30.7192991216546,46.4224019086176
30.7129657991235,46.3828340600155
30.7050588835404,46.5147112956848
30.6780039891363,46.3893453388483
30.7389820182458,46.4631230398204
30.7128151912077,46.4108079100549
30.7092083912914,46.3897609523908
30.7040799320873,46.4789235512075
30.6556465036944,46.3502596739232
30.7011768346745,46.4950191302178
30.7131579540507,46.4922519716533
30.6732520497218,46.3286765567974
30.7371851100082,46.465098553542
30.6838439409085,46.3926630504172
30.7533079470708,46.4711348454691
30.7419811931221,46.3987371253936
30.6311857008067,46.4092983872749
30.640642839248,46.4455449259225
30.6472721842344,46.3927044318521
30.8160283539656,46.5826218288553
30.7576548031253,46.4580745047541
30.6445404682431,46.4451652962365
30.7388028467597,46.4684738392813
30.7235784638159,46.4122562602788
30.7303480299654,46.4883837070801
30.7149159119652,46.4420023152506
30.7019402610066,46.3500095861206
30.7542349647598,46.5746388102919
30.615937947669,46.4801110184718
30.7190861932219,46.4224396916669
30.6918105803203,46.3801712546349
30.6424293607328,46.4368692181215
30.7954651800731,46.5730681149559
30.6402273691352,46.439143397852
30.6914989777358,46.5008737036695
30.7025530794229,46.3559559184064
30.633829129399,46.5023598369428
30.6812680262095,46.3923643844083
30.7468292100002,46.4016680105051
30.6497442314052,46.4441649450259
30.7184889549348,46.3808279600159
30.7079048538127,46.3976792000126
30.6900084787063,46.4603127006282
30.7019142941246,46.3670227534715
30.8151506733524,46.5824311144159
30.6945942300757,46.4298541652978
30.6546208118535,46.349574181457
30.7628144225879,46.4340336902297
30.6449014079036,46.4381430466415
30.8024424812789,46.5802972717258
30.7120491681873,46.4085643166024
30.7244016139767,46.4145628254801
30.6916963260393,46.4795694614316
30.7651124916491,46.4364895884355
30.6506141219538,46.4504117425135
30.7314178655057,46.3823572739169
30.7054483867711,46.3869488140057
30.7015377743349,46.4250449228772
30.7646061374491,46.4441829369542
30.7221632687443,46.4993551849254
30.719252381267,46.4040123587558
30.7371773199436,46.4513545195537
30.7045317558349,46.4014521073661
30.6153510961348,46.4841628007132
30.6920494756352,46.4804402707587
30.6924623490597,46.4750444914773
30.7146562431447,46.3914090130183
30.6353793522572,46.4376356742649
30.7185512754517,46.4628783495963
30.69497853993,46.4317757032346
30.7047083306328,46.5127609706627
30.6510815258306,46.346258269081
30.7248638244772,46.4315705952526
30.6617980580511,46.3630015575082
30.749199986331,46.4512321744416
30.6828052656267,46.4503217828723
30.6613332508625,46.447254159106
30.7973659558388,46.5698295678713
30.6345224451496,46.4437475322906
30.6469424048324,46.4455377291512
30.694952573048,46.3654376645929
30.6359168667155,46.4440300055641
30.7339392497524,46.4467395899582
30.750088053697,46.3782209296128
30.643803008793,46.4704295618818
30.6489392580618,46.442603245654
30.6401676453065,46.439647171843
30.6946929042275,46.4657012831383
30.7320202971692,46.3875191581312
30.7288601276241,46.3865062125708
30.7024751787768,46.4335353138172
30.7077957929081,46.4800732354225
30.7255441567868,46.3945935843181
30.7059833045413,46.4692061107609
30.7442610853658,46.3759539466536
30.7298183055716,46.3911823147224
30.7026777204568,46.4430512446674
30.6939684282184,46.4305900351631
30.7489610910162,46.4653378461877
30.6440912411837,46.4394330678968
30.6460309672726,46.4422506038604
30.7363827333529,46.4714622985632
30.7433834047526,46.4429145060127
30.6948253353259,46.4302499877192
30.6518916925505,46.4946053158681
30.7149912159231,46.4703252086979
30.7234927731051,46.5327428061745
30.6421982554825,46.4373226147134
30.6394821196205,46.4530871422439
30.7575041952095,46.4725022320159
30.7224956448345,46.4159841878117
30.6600426968248,46.4484992005408
30.6408453809279,46.4429199035912
30.6524240136324,46.3491081905154
30.6445145013611,46.4435010428736
30.6396249374717,46.4448144536357
30.7284238840057,46.451361716325
30.718618789345,46.4581446732743
30.7561798842251,46.4377562201841
30.6497208612114,46.5296661864442
30.7461644578198,46.4658092347078
30.6125207059917,46.5158681766711
30.7593244736409,46.4821872869916
30.6784558128839,46.4985599416969
30.7132670149553,46.4157664854799
30.7215089033168,46.4974678316523
30.6405597452254,46.4443574586582
30.6547584363284,46.3498764458515
30.6744543163605,46.4463959441286
30.7270917829568,46.4735313703117
30.8110582927419,46.5783433483181
30.6609697145139,46.4471785930074
30.7097666792554,46.4645426029592
30.7179618272292,46.409656426647
30.7475822495795,46.444461811842
30.6634391649965,46.497984199993
30.7027789912967,46.4768814673514
30.7249209516177,46.5027448642073
30.6590403751778,46.3461845021751
30.7424382102462,46.4440461982995
30.639209467359,46.4519608475356
30.6241616592131,46.4412754413494
30.7413112475653,46.4658200298647
30.6442132855293,46.443517235609
30.7245729953983,46.5009132859117
30.7295248798045,46.5416632041997
30.7548919268756,46.4629377229595
30.7473251774473,46.4449799793755
30.7255389634104,46.3989872131962
30.7666159741195,46.4345320666422
30.692934946313,46.4749095520154
30.7096628117272,46.4212306340887
30.8057999991275,46.5765513522646
30.7057729727967,46.421802777407
30.7253260349776,46.3941815691613
30.7229396785175,46.4170205228788
30.7146432597037,46.4703539957831
30.748628714926,46.4571533180279
30.7056275582572,46.4233788703215
30.6913016294322,46.4886985658244
30.6460595308428,46.4416496734569
30.7241497352209,46.3948238809997
30.7990356263544,46.5711285850908
30.6778533812204,46.4976783372128
30.7126697766682,46.4676803952455
30.6994266668245,46.5558534380086
30.6574070582971,46.3496317556274
30.6269790659152,46.507779005731
30.74380666493,46.3759611434249
30.726549075122,46.421032722878
30.6294485163978,46.4832596059151
30.7563824259051,46.4396201839506
30.6325697356198,46.5037272234896
30.6980166651294,46.3783756601958
30.6603802662914,46.4493214316617
30.722311279972,46.4709045487875
30.6901279263637,46.4945639344331
30.7246820563028,46.4233158985726
30.6916495856517,46.4888119149724
30.743248376966,46.4492584599128
30.7359179261643,46.4784809497726
30.6147850181062,46.4665810884296
30.7491766161372,46.4461314627834
30.707058333458,46.4023067239579
30.643117483107,46.4371660849376
30.7229059215709,46.5017085291402
30.6420502442549,46.4418691749815
30.6388303508811,46.4445499722904
30.6350417827906,46.4442207200035
30.7573639740464,46.4587510012563
30.7970959002656,46.5708119271536
30.7137941426608,46.4197319064657
30.750101037138,46.4373028235923
30.7028153449316,46.4012200114917
30.680424102543,46.3473629734754
30.7072426983205,46.4796594210728
30.6699750292075,46.4830598955116
30.6557633546636,46.350446789977
30.7246820563028,46.3948508688921
30.6545273310782,46.3495651854929
30.7040721420226,46.3822835070111
30.6838906812962,46.4868417988292
30.6924753325007,46.4765126328223
30.7971088837066,46.5698853428489
30.7275046563813,46.4714676961417
30.7434171616993,46.4428695261921
30.7061754594684,46.422572831936
30.6465840618602,46.4378119951617
30.6144033049401,46.4935240009804
30.7115557974284,46.3741835409141
30.6439821802791,46.4547621907638
30.7091045237632,46.3677532257584
30.7456425234907,46.3792698590297
30.7217633787608,46.5531618455427
30.6370957631604,46.4402499014393
30.6514528522439,46.5261703547857
30.7276215073505,46.4806813625973
30.725242940955,46.4894848130888
30.7257025547673,46.3927134278163
30.6943968817722,46.4115815629695
30.6418061555636,46.4374089759689
30.6997434627855,46.4349800656555
30.7545102137095,46.4636789904033
30.6905459931647,46.4615325533633
30.7244950947521,46.4128751826105
30.6594454585377,46.3854177009119
30.7033476660135,46.3830985413607
30.6905693633585,46.4802207692341
30.7750707909138,46.5758622614127
30.748070426962,46.4329271866425
30.7063156806314,46.4749005560513
30.7306726159909,46.3873122509563
30.7116856318386,46.4090806849431
30.6963340111728,46.3729834792999
30.6447222364175,46.4433517098691
30.7058456800664,46.5136803581962
30.6636131431062,46.3599177410065
30.7476835204195,46.4418187975824
30.7063676143955,46.3896440048572
30.7131761308681,46.4796378307589
30.7081801027624,46.5130596366716
30.7435573828624,46.4559208709429
30.6452208005527,46.4475852105858
30.6666123179825,46.4916564388283
30.7038462301488,46.3824652254864
30.7492856770418,46.4585314997316
30.6945189261178,46.3948454713136
30.7219866939464,46.4238808451196
30.7111013769926,46.4663076111202
30.7494986054746,46.3884691319426
30.740241412025,46.478569110221
30.8108375742445,46.5785826409638
30.6562593221107,46.3496425507843
30.7565564040148,46.4639542669055
30.7382133985372,46.4728008980248
30.7331965969259,46.3900290321217
30.7094031429068,46.4722179595496
30.6702295046516,46.4988406157776
30.7023531344312,46.4929410625052
30.7625184001326,46.4321571321135
30.7055886079341,46.5140222048329
30.64604914409,46.4443484626941
30.6228269614759,46.5089322883316
30.7262556493549,46.4185408408157
30.6459582600029,46.4429037108558
30.7121140853924,46.382038816787
30.7024336317655,46.4243810207249
30.6793516703145,46.4687167303126
30.7194497295705,46.398321511851
30.7338068186539,46.4730491866346
30.6879570950247,46.4766961504904
30.7384938408633,46.4821531023279
30.7043188274021,46.4047572245852
30.7500906503852,46.4170565067353
30.7132332580086,46.4293198050288
30.6338083558934,46.3810564575046
30.7912299816113,46.5789046964794
30.6559425261497,46.4332222542657
30.7124334780416,46.4205883222503
30.7056665085803,46.5139394419629
30.6916807459101,46.4771081656473
30.7590076776799,46.4360991635925
30.6981828531745,46.4299927031453
30.71535734896,46.3832316816298
30.7960156779724,46.5679224234771
30.6465139512786,46.4389742737265
30.7149055252124,46.3912650775923
30.7184058609122,46.4714137203569
30.7055730278049,46.5117840089589
30.7059859012295,46.3966536601025
30.7024803721532,46.4412232647574
30.7143809941951,46.3825965665626
30.6425020680025,46.454226031302
30.6166572303017,46.4781732877995
30.7142044193971,46.3828916341859
30.7148328179427,46.3933665348116
30.7212024941086,46.4739235943475
30.7257570852196,46.4767159416115
30.6522785990929,46.527645692902
30.7126619866036,46.483856937933
30.7596724298603,46.4731841260965
30.711550604052,46.4084851521181
30.7154793933056,46.4792600002657
30.6278333763345,46.4253543840431
30.7336016802858,46.4731607365898
30.7391637864201,46.4380368942648
30.745037495139,46.3757632322142
30.6803176383266,46.3872978574137
30.6448157171928,46.4432419591068
30.7566758516722,46.4562933038576
30.7322280322255,46.4603792707627
30.6208171248056,46.4606689408075
30.6215571809439,46.4542350272661
30.7083852411305,46.3967598124791
30.7534066212225,46.4491990865496
30.6462880394048,46.4411602930086
30.7133163520311,46.3989386349899
30.7969686625435,46.574370730561
30.7611083984375,46.4319016467324
30.7147289504145,46.3966140778603
30.7411087058854,46.4605286037671
30.7101068454102,46.3893867202833
30.6411076464366,46.4443772497793
30.6540443470721,46.349820670874
30.7503970595934,46.3779078700613
30.7031009806341,46.4024128763345
30.7058326966254,46.5141985257297
30.7107482273968,46.4820649418795
30.6423748302805,46.443137605923
30.7072582784497,46.447336921976
30.7501347940847,46.4415489186587
30.7239679670466,46.4696613065456
30.7028984389541,46.4848195060942
30.7056924754623,46.4694130179358
30.7030386601172,46.5131945761335
30.6422969296343,46.5338475105689
30.7133942526773,46.4149658446729
30.7484339633107,46.5452921761272
30.6990968874226,46.3936759959775
30.7607396687124,46.4539111725577
30.6194252999279,46.4658937967706
30.7225683521043,46.3863172973242
30.6406142756777,46.4442836917524
30.6438549425571,46.4373873856551
30.6809070865491,46.3265517100714
30.706829824896,46.4718671169488
30.7917908662635,46.5786456127126
30.7146328729509,46.3874849734675
30.7067571176262,46.421442938842
30.7396675439318,46.46838387964
30.7122335330498,46.4101727949877
30.7308102404658,46.4533444268178
30.6844931129597,46.4873905526408
30.7226592361914,46.416351223148
30.6353949323864,46.4755176791902
30.7128385614015,46.4122076820725
30.7725156497205,46.5868733215002
30.7257466984668,46.4895963630439
30.7021739629451,46.4864621691432
30.698086775711,46.4359750192876
30.8077319351518,46.5928592360282
30.7284290773821,46.484513643314
30.7055834145577,46.4693734356936
30.7149574589765,46.4172184340895
30.7074608201297,46.4475564235006
30.7098108229549,46.4207646431471
30.7938708135154,46.5661718088586
30.7100601050225,46.4207340568691
30.6466801393237,46.435509028346
30.6988372186021,46.3936741967847
30.7145186186699,46.4176772282598
30.6918754975255,46.3451877493502
30.6919689783008,46.4797511799069
30.6163534177818,46.4747206367688
30.7047784412143,46.5139412411558
30.6174518168923,46.4700751208953
30.7270450425691,46.4217847854787
30.7958391031745,46.5675697816834
30.7045888829754,46.3866033689834
30.719823652672,46.427808483056
30.7415397561274,46.4623817723766
30.6867132813746,46.4865611247486
30.6398482526573,46.4952512260922
30.7463592094352,46.4365489617987
30.7054172265126,46.4015294726576
30.7057184423444,46.5128419343398
30.7480808137148,46.46521190269
30.7324721209168,46.4837885686056
30.7472239066073,46.4652658784747
30.6418191390047,46.4447136988375
30.6957056126273,46.4328480221582
30.6808629428496,46.3265337181431
30.7301922286731,46.4282186990201
30.6545740714658,46.4937884823256
30.7056171715044,46.4680510289674
30.6957497563268,46.4291470825177
30.7336146637268,46.3799175684466
30.8077085649579,46.5785052756723
30.698112742593,46.435858071754
30.7191251435449,46.4123768061981
30.6806214508466,46.5003483393647
30.7110598299813,46.479677413001
30.7228929381299,46.3868498584004
30.6870586409059,46.3444068996643
30.7172191744027,46.4049965172309
30.7115713775576,46.3816609862938
30.6449117946564,46.4370599325609
30.7146069060689,46.4178283604571
30.7000524686819,46.4350214470905
30.7131501639861,46.4113386719382
30.6844567593248,46.4449332003621
30.7290289123574,46.4232691195592
30.7149081219006,46.3912884670991
30.7752525590882,46.5685611369298
30.7337678683309,46.4814298268124
30.8035928141536,46.5727640513685
30.7117869026786,46.477655120266
30.7144978451643,46.4742690393698
30.7150249728698,46.4728008980248
30.7245392384516,46.4737256831367
30.7375979834327,46.4550662543511
30.6541534079767,46.3490488171522
30.7047031372564,46.4503019917512
30.7042331366913,46.3891006486241
30.6948019651321,46.465909989506
30.6428967646096,46.4373819880766
30.6981932399273,46.3432302275569
30.6604399901201,46.4492116808994
30.7001771097157,46.4790009164989
30.7095225905642,46.3898707031531
30.8095781804653,46.5786060304705
30.7289250448292,46.3890718615389
30.640642839248,46.4454135848463
30.7990486097955,46.5729403722653
30.7085462357992,46.3997752596534
30.7202547029139,46.4091580502346
30.7497764511125,46.4389832696906
30.7714769744386,46.557255009219
30.6491807500648,46.4953663744329
30.7010755638345,46.5561269153179
30.6644882270311,46.541814336397
30.8070516028421,46.5901856354906
30.7495219756684,46.4455827089718
30.6158834172168,46.4816961073504
30.7573354104762,46.4584181505837
30.6410609060489,46.4428047552504
30.641697094659,46.4544221433199
30.6909848334713,46.4796918065436
30.7406932357726,46.4384021304082
30.6452779276932,46.4380818740854
30.6360830547606,46.4440731861919
30.7241445418445,46.4969100818766
30.6364959281852,46.4382869820674
30.7111351339393,46.44719298655
30.7072375049441,46.4254857251193
30.6381344384423,46.4442117240394
30.7111714875741,46.4471138220657
30.7092265681088,46.44742868081
30.6895748317762,46.3564758851328
30.8130966929825,46.5940017234719
30.7048018114081,46.4707372238548
30.7936786585883,46.5657489985447
30.6460958844777,46.4444042376716
30.7205585154339,46.416935960816
30.6425202448199,46.4430260559679
30.7270008988696,46.3881308836916
30.7503736893995,46.5468952569341
30.6461426248654,46.4418781709457
30.6543637397213,46.3499142289009
30.6368205142107,46.4394654533677
30.7411138992618,46.4682975183844
30.7413839548351,46.4625940771299
30.7117946927432,46.3878879926603
30.7999159036558,46.5819075493039
30.7057625860439,46.4550446640373
30.6307650373175,46.483209228516
30.6431901903767,46.3896673943639
30.6464905810848,46.4430836301382
30.8148208939504,46.5902180209615
30.7181306119625,46.475879316948
30.6946929042275,46.4934268445679
30.6357558720468,46.4176052605468
30.71142336633,46.4885168473491
30.7528197696883,46.4278462661054
30.761178509019,46.4334111695123
30.6097837966241,46.4868885778427
30.7067493275616,46.4640676160534
30.6789206200725,46.4880850410711
30.6613150740451,46.5118847637571
30.6621226440767,46.4926801795456
30.7473874979642,46.3899966466509
30.7018857305543,46.4726947456481
30.6992267218328,46.4732434994597
30.725977803717,46.4939719999938
30.6458595858511,46.4369034027852
30.6865081430065,46.4655141670845
30.6435407432843,46.454112682154
30.6820080823478,46.4567071182073
30.7141550823212,46.4164645722959
30.7189875190701,46.4124433763326
30.7863170475281,46.5718410654494
30.7048745186779,46.5145421715592
30.7502360649247,46.3779780385815
30.6176309883785,46.4670506777569
30.8007650206987,46.5801245492146
30.7988408747391,46.5698241702928
30.7578859083755,46.4537276548895
30.7148483980719,46.4739469838542
30.7513786077347,46.4330801180326
30.6375501835962,46.4622720216143
30.7470499284976,46.4683514941692
30.7402180418312,46.4792528034944
30.7440195933628,46.4625724868161
30.758374085758,46.4340678748934
30.6192019847423,46.468569196501
30.7002108666623,46.3646514173285
30.746356612747,46.4477183508548
30.8045432020365,46.5797934977348
30.7276344907915,46.5538329444664
30.6450857727661,46.4398900628743
30.7654812213741,46.4486881157874
30.6940748924348,46.4300700684368
30.6503570498215,46.3619994071048
30.6414322324622,46.4527398980287
30.7975217571311,46.5697935840148
30.7340093603339,46.3828322608227
30.7085618159285,46.4173641687083
30.7219840972582,46.4971439769438
30.6563683830152,46.3498278676453
30.7971660108471,46.5711969544181
30.7041084956575,46.4004535553484
30.7093148555078,46.4207844342682
30.743679427208,46.4737166871726
30.712693146862,46.3990483857522
30.6847475884037,46.4822520579333
30.7014858405708,46.4253291953435
30.7198314427366,46.4887651359589
30.7102288897558,46.4875362872596
30.6872819560915,46.4807515311174
30.7583896658872,46.4578100234089
30.7223528269833,46.4160759466458
30.6449117946564,46.4401923272689
30.683316813203,46.4657156766809
30.7132618215789,46.3818624958901
30.6579237992498,46.490746047259
30.6959237344365,46.4325817416201
30.7112130345854,46.4080173619837
30.7076945220681,46.4338033935481
30.7440040132336,46.4847403416099
30.6751865824343,46.4865899118338
30.7048096014728,46.447254159106
30.7524770068453,46.5485163296692
30.7373019609774,46.5321310806141
30.6804500694251,46.3261540884571
30.6461036745423,46.4410307511252
30.6579186058734,46.4343935287947
30.6415049397319,46.4431537986584
30.7302052121141,46.4785781061851
30.7501477775257,46.4306566052976
30.6547454528874,46.3499933933852
30.7690257007734,46.5557598799817
30.7325552149393,46.4938622492314
30.6857602968035,46.3750759405551
30.7291016196271,46.4524124449346
30.7292470341666,46.4531968930062
30.726346533442,46.4174505299639
30.6616760137055,46.4476697726486
30.6370048790733,46.4404640053854
30.7109975094644,46.4659441741696
30.7449050640406,46.4758325379345
30.7632948099058,46.5538905186367
30.7231526069503,46.4755680565893
30.6870612375941,46.4795100880683
30.7271670869147,46.4449170076267
30.7286290223739,46.3868192721223
30.667900275332,46.5146015449225
30.6583626395564,46.4918399564964
30.7056691052685,46.3884925214494
30.8082071290932,46.5770047488564
30.7247313933787,46.4703126143482
30.7266010088861,46.3881596707768
30.6420112939318,46.4442818925595
30.7132046944383,46.4682975183844
30.6519436263145,46.3463716182289
30.7118284496899,46.4170565067353
30.6742673548098,46.4689848100435
30.7223424402305,46.4124091916689
30.8089809421782,46.5803188620396
30.6946409704634,46.4418511830533
30.6972532387973,46.4274648372265
30.6943527380727,46.4868184093225
30.6546208118535,46.3507760422639
30.7584857433508,46.4538446024231
30.7369955517692,46.5570588972012
30.7111299405628,46.3938415217174
30.6383421734987,46.4718527234062
30.724531448387,46.4765144320151
30.7781504631245,46.5712131471535
30.769210065636,46.4392351566861
30.6763784623202,46.4620813071749
30.7276708444264,46.450899323769
30.6451273197774,46.4428371407213
30.727450125929,46.4734396114776
30.7255493501632,46.4380063079868
30.7686725511776,46.5566558780084
30.6612449634636,46.3587914462982
30.6464724042674,46.4392801365067
30.7458866121819,46.4378407822469
30.7303636100946,46.4784503634946
30.710966349206,46.3910923550812
30.7231915572734,46.4168783866456
30.7933358957453,46.5788273311879
30.7067337474324,46.5129372915596
30.7095096071232,46.3694354710495
30.7259855937816,46.3910545720318
30.6975466645644,46.4047518270067
30.7921388224829,46.5788435239233
30.6830441609415,46.451278953455
30.7294885261696,46.4931299777518
30.628220282877,46.4715018808053
30.8098819929852,46.5808136400665
30.8046081192416,46.579545209125
30.7569926476332,46.4380045087939
30.8015388337837,46.5757848961213
30.735876379153,46.4718923056483
30.6397469818174,46.4532958486116
30.7214855331229,46.4079202055711
30.6334422228565,46.4430314535463
30.7246171390977,46.4314500493333
30.6540858940834,46.3497541007395
30.7222567495197,46.3853457331989
30.7437469411013,46.3759143644115
30.7223865839299,46.5066437150585
30.7104573983178,46.4487654810788
30.7055418675465,46.38766489275
30.6391133898954,46.4517611371321
30.7222879097782,46.4119288071847
30.7490182181567,46.440591748076
30.6407934471638,46.4428623294208
30.7461177174321,46.4682633337208
30.731282837719,46.3869308220775
30.7337522882016,46.4273083074508
30.7158974601066,46.3812471719441
30.7099354639887,46.4872124325511
30.7423291493416,46.4563364844854
30.7149964092996,46.4189330648515
30.7284316740703,46.4734342138991
30.6133724197229,46.4942184894108
30.6970532938055,46.4049929188453
30.7376239503148,46.4547765843064
30.7419266626698,46.4693986243932
30.6340342677672,46.441977126551
30.6558879956974,46.3484424891702
30.6465269347197,46.3887641995659
30.6763057550505,46.4551076357861
30.7028906488895,46.4926100110254
30.6459608566911,46.4428713253849
30.6441172080658,46.4389670769552
30.7056067847516,46.4712373994601
30.6541118609654,46.3492629210983
30.6446053854482,46.4435262315731
30.7273099047659,46.4633371437666
30.7227994573545,46.4875686727304
30.7476497634729,46.3755419314967
30.7468889338289,46.4683550925548
30.7428303101651,46.4457500339045
30.6734805582838,46.4746090868137
30.6906966010806,46.3403677117727
30.7056794920213,46.4710466850207
30.7035839646402,46.4005345190255
30.6419957138026,46.444400639286
30.7014001498601,46.4657624556943
30.705295182167,46.4713561461865
30.6173739162462,46.4863146353316
30.7145004418525,46.4725670029576
30.644576821878,46.4396543686143
30.7216906714911,46.4072095244054
30.7241938789204,46.4130533027002
30.7339002994293,46.4730995640337
30.7512669501419,46.4702352490567
30.7041604294216,46.3899534660231
30.6226036462904,46.444215322425
30.7616147526374,46.4141202240453
30.7384938408633,46.4537456468178
30.6367192433708,46.4381916248477
30.6985489862114,46.3786905189401
30.8042134226345,46.5747485610542
30.7368968776175,46.4715882420609
30.7352194170373,46.4814820034043
30.7061417025217,46.3957324733762
30.7555514856796,46.4407086956096
30.7097433090616,46.4131810453907
30.7261621685795,46.488056253986
30.7350350521747,46.4705860916575
30.73015327835,46.4719138959622
30.6542546788167,46.3499502127574
30.644449584156,46.4368692181215
30.6768302860678,46.454821564127
30.7175359703637,46.4130461059289
30.6878791943785,46.5007333666292
30.7017351226385,46.424872200366
30.7103613208543,46.4215922718465
30.7641257501313,46.5587321465282
30.6419100230918,46.4442926877165
30.8059090600321,46.5742088032068
30.7043421975959,46.3842302336475
30.6404766512029,46.4451832881647
30.7031087706987,46.4607103222424
30.6400871479722,46.4392405542646
30.7121504390273,46.408897167275
30.7453724679174,46.4721945700429
30.6766095675704,46.4552821574901
30.7566213212199,46.4390876228745
30.7228799546888,46.4253417896933
30.8101832088169,46.5793059164793
30.712134858898,46.4106477818935
30.7463877730054,46.4364554037718
30.7043603744134,46.4608254705832
30.711348062372,46.4748087972172
30.6923714649725,46.482480555422
30.7271489100973,46.4430296543535
30.7072842453318,46.4043164223431
30.6432706877111,46.3895954266509
30.7218620529126,46.4106297899652
30.7648761930224,46.4769606318357
30.6978504770843,46.4358850596464
30.6804344892958,46.4861635031343
30.6631768994878,46.496474677213
30.7063026971904,46.4650283850218
30.7120699416929,46.4468943205411
30.8094639261843,46.5826110336984
30.709647231598,46.4050504930156
30.7562032544189,46.4684846344382
30.720420890959,46.4096492298757
30.7997237487287,46.5813821849991
30.749301257171,46.4587456036778
30.7312412907078,46.4701830724648
30.7246301225388,46.429800189513
30.6980270518822,46.3871791106873
30.6911484248282,46.4889756415194
30.7206727697149,46.475971075782
30.6441717385181,46.4368962060139
30.7036696553509,46.3866123649475
30.7134202195593,46.3831705090737
30.6373969789922,46.4388375350718
30.7360815175212,46.4812984857362
30.6846904612632,46.4828961689645
30.6249172954807,46.4769732261854
30.7338223987832,46.4466262408102
30.6703930960085,46.4912066406221
30.6086750107607,46.4843067361391
30.6545558946484,46.3499196264793
30.7352505772957,46.4652244970397
30.7150353596226,46.4244583860163
30.7216049807804,46.4071951308628
30.7384600839167,46.482090130579
30.6493313579807,46.5297777363993
30.6627198823638,46.3624743940105
30.7655591220202,46.5763912241032
30.6446806894062,46.443517235609
30.7542219813188,46.4641665716588
30.7141862425797,46.4167110617129
30.7942057862938,46.573847165449
30.7445155608099,46.4452282679854
30.7026673337039,46.4004049771421
30.7022882172261,46.3477048201121
30.8111933205285,46.5804016249096
30.7131683408035,46.4908647939854
30.703822859955,46.3890556688035
30.6423670402158,46.4451023244876
30.6177608227887,46.4563976570415
30.6546753423058,46.3498728474659
30.7529236372165,46.4670056979363
30.7526146313201,46.438528073906
30.6294563064624,46.5070935132647
30.7248897913592,46.4981983039391
30.7441598145258,46.4551760051135
30.7028542952547,46.4847763254664
30.7116051345043,46.3965115238693
30.7066220898396,46.4667951923758
30.6209235890219,46.4566261545302
30.8120398408833,46.5820946653577
30.6934464938893,46.365878466835
30.7406932357726,46.4621604716592
30.6079920817629,46.5153086277026
30.6434576492618,46.4373621969555
30.7313165946657,46.5310497657264
30.713581214228,46.5091553882419
30.7454114182405,46.4736051372175
30.7139343638239,46.4183951061969
30.6472228471585,46.3960653240488
30.7062325866089,46.4234274485277
30.7386470454674,46.4511710018855
30.8078306093035,46.5796423655375
30.6547999833396,46.3499106305152
30.7266529426502,46.4281287393788
30.6447637834287,46.4444941973129
30.7496414233258,46.4454873517521
30.6174673970216,46.4740963168586
30.6431875936885,46.4428173496002
30.6406584193772,46.4426464262818
30.6199887812683,46.4610665624217
30.7471953430371,46.4736123339888
30.641024552414,46.4444600126492
30.6292018310183,46.4815809590096
30.7441753946551,46.3850866494321
30.7599944191977,46.4338645661042
30.6546753423058,46.3499196264793
30.7061157356397,46.4227527512185
30.7303090796423,46.4901415184698
30.6371606803655,46.4437241427839
30.6856694127164,46.4809620366779
30.7247028298085,46.4917428000839
30.7669821071564,46.5830608319046
30.7651903922952,46.4368854108569
30.7139343638239,46.3934744863811
30.7223294567894,46.4165293432376
30.8080097807897,46.5782911717261
30.6361297951483,46.4381214563276
30.766761388659,46.5572262221339
30.6368153208343,46.4531824994636
30.6309909491913,46.4832056301304
30.6413777020099,46.4442962861021
30.6553193209806,46.3504791754478
30.7203196201191,46.4062289643159
30.7108027578491,46.4210543131919
30.7405763848034,46.4610467713007
30.6257482357062,46.4429055100486
30.7477640177539,46.4489525971326
30.8079474602727,46.5766269183632
30.7083748543777,46.4839576927311
30.7361853850494,46.4813344695926
30.685993998742,46.4813344695926
30.7576677865664,46.4581536692384
30.7466084915028,46.4558632967725
30.6474409689677,46.3376383362575
30.6146006532437,46.486546731206
30.7469200940874,46.4682561369495
30.7229812255288,46.4979176298585
30.6886452173989,46.4799742798171
30.7401219643676,46.456115183768
30.7392338970016,46.4582274361442
30.7556423697667,46.4405881496903
30.6462984261577,46.4413024292417
30.7471745695314,46.434924290678
30.6404480876326,46.4508327536345
30.7596776232367,46.4344331110368
30.7602099443187,46.454954704396
30.6152108749717,46.4848608875292
30.7038981639129,46.4042606473656
30.753006731239,46.4665954819722
30.7410723522505,46.4843481175741
30.725788245478,46.4971439769438
30.7374941159045,46.5609685432094
30.7112831451669,46.3814180952624
30.7521264539377,46.5463698926293
30.7295456533101,46.4747458254684
30.7047472809558,46.4586124634087
30.72746310937,46.4698124387429
30.7212024941086,46.4078122540016
30.6348626113044,46.4495841138141
30.7297923386896,46.4348757124717
30.7192757514608,46.468846272196
30.7060274482407,46.4718149403568
30.7302779193838,46.4354838396465
30.7094239164124,46.4206602899633
30.7036618652863,46.3866573447681
30.6774742647425,46.4547477972212
30.7311452132442,46.3909412228839
30.7433989848819,46.4192965018021
30.707414079742,46.5579512968422
30.730940074876,46.4717969484286
30.6548285469099,46.4750912704907
30.7424953373867,46.4764802473514
30.7463592094352,46.4442836917524
30.71401226447,46.4010346946308
30.7084267881418,46.4847439399956
30.8017543589047,46.5745848345071
30.6661033670944,46.4841430095921
30.7145471822401,46.4194026541788
30.7360477605745,46.4828080085161
30.6411206298776,46.4442171216178
30.7625807206495,46.57744015352
30.7053756795014,46.5118433823221
30.7752733325938,46.5765873361211
30.7113766259423,46.4166696802779
30.7085254622936,46.4456888613485
30.7520849069264,46.5463087200732
30.7264296274646,46.4165491343587
30.7111585041331,46.487870937125
30.6156730854722,46.4916060614292
30.7272605676901,46.4677127807164
30.8087212733577,46.5773915753138
30.6958302536611,46.446145856326
30.6556854540174,46.3483399351792
30.7444220800345,46.4751254551544
30.745125782538,46.4467773730075
30.7399298094405,46.4772413059163
30.7013689896016,46.5565407296676
30.6454804693732,46.4475942065499
30.7184967449994,46.4221968006356
30.7039137440422,46.382377065038
30.6994500370184,46.4954905187379
30.7473173873827,46.4656832912101
30.7207480736728,46.4116571290682
30.810754480222,46.5809629730709
30.7059703211002,46.4693536445726
30.7266062022625,46.4248560076306
30.7058846303895,46.3955831403718
30.7564109894753,46.434328757853
30.8074359126964,46.5765549506502
30.7332485306899,46.4892653115642
30.7346870959553,46.5271581116465
30.7327058228552,46.4475168412585
30.7070349632641,46.4947150666304
30.7366138386032,46.4651777180263
30.643803008793,46.4434020872682
30.7134565731942,46.3977565653041
30.7944680518025,46.5703063539699
30.6879544983365,46.459533650135
30.7064299349125,46.4627110246636
30.8132135439518,46.5939963258935
30.7311322298032,46.4694885840344
30.7475277191272,46.4508903278049
30.7723131080405,46.5668231166611
30.6544468337438,46.3490668090804
30.8037590021987,46.5727082763909
30.652000753455,46.3651605888979
30.7592076226717,46.4386378246683
30.7276241040387,46.4234274485277
30.7335549398981,46.4730563834059
30.6440133405376,46.444647128703
30.7048044080964,46.4502822006301
30.6608632502975,46.3780715966084
30.7131839209327,46.3889657091623
30.7306025054094,46.4575887226915
30.6545325244546,46.349441041188
30.7113428689956,46.4781912797278
30.8110063589778,46.5786150264346
30.7397428478897,46.4580169305838
30.7041110923457,46.3853619259343
30.6553738514329,46.3502578747304
30.7326383089619,46.4710880664556
30.7106391664922,46.4759170999973
30.7991343005062,46.5735215115477
30.8007754074515,46.5803224604253
30.7787892484229,46.5795380123537
30.8076748080113,46.5730915044626
30.6737584039217,46.460580780359
30.73045709087,46.3873680259339
30.771824930658,46.5745938304713
30.7528171730001,46.4640190378472
30.7167855274725,46.4206584907704
30.6367036632415,46.4381610385697
30.7114025928243,46.4167452463766
30.7116311013863,46.4410235543539
30.6697854709686,46.3340381514152
30.7067675043791,46.4637455605378
30.7066947971093,46.4213475816223
30.6427435600055,46.4373783896909
30.7108079512255,46.4126286931935
30.6910783142466,46.5088963044751
30.7171620472622,46.388568087548
30.6944436221598,46.4302769756116
30.7088033079315,46.4173515743585
30.726460787723,46.4217955806357
30.7113402723074,46.4786734634048
30.6920079286239,46.475201021253
30.6897565999505,46.3561250425319
30.7452634070128,46.4645767876228
30.7053263424255,46.4424305231429
30.7128515448425,46.4627326149775
30.6375553769727,46.445971334622
30.6869158230546,46.4658434193715
30.7056145748162,46.513343909138
30.7480756203384,46.4767051464545
30.7046875571271,46.3888505608215
30.7097433090616,46.4750121060064
30.7459671095163,46.3903169029737
30.6461478182418,46.3637932023511
30.7154274595415,46.365426869436
30.741890309035,46.4157970717579
30.6492222970761,46.4433661034117
30.6339927207559,46.4430872285239
30.733375768412,46.4326932915753
30.7067804878201,46.4466838149806
30.7262374725374,46.4160363644036
30.7459697062045,46.4506384408094
30.6343770306102,46.444010214443
30.704723910762,46.4589201253818
30.741129479391,46.4607930851124
30.6109497096279,46.5137289364025
30.708390434507,46.3991077591155
30.6448650542687,46.4405971456544
30.7079645776414,46.3979238902368
30.7461826346372,46.4551760051135
30.7226592361914,46.4106081996513
30.7324539440993,46.4568222665481
30.773917861351,46.568384816033
30.7049134690009,46.4222867602768
30.6392146607354,46.4519824378495
30.644361296757,46.4397659185694
30.6367088566179,46.4422272143537
30.7266321691445,46.5538203501166
30.7463384359295,46.3994136218957
30.6717381804985,46.4678009411648
30.7240302875635,46.4996844372124
30.7357595281838,46.4510054761457
30.7222203958849,46.4286487061052
30.6341381352953,46.4431088188378
30.6988917490544,46.4743895852891
30.7605241435915,46.4744147739886
30.67893879689,46.4906111077971
30.7459982697747,46.4692456930031
30.6092852324888,46.512429919183
30.6542313086228,46.3495687838785
30.7100730884636,46.474934740715
30.6960016350826,46.4695515557833
30.6869391932484,46.4802657490547
30.7092057946032,46.4491828938142
30.6466567691299,46.3824634262936
30.7017429127031,46.3689748776864
30.7241523319091,46.4980849547912
30.7452088765605,46.4469357019761
30.7199301168884,46.412079939382
30.746738325913,46.4380980668208
30.6443457166278,46.4373406066416
30.7048849054307,46.3882442328396
30.8023490005036,46.5740846589019
30.7067778911319,46.4629647108518
30.6860641093235,46.4824733586507
30.7210051458051,46.5528721754979
30.7191329336095,46.4171284744483
30.7058924204541,46.4697026879806
30.7030256766762,46.4724716457379
30.6971519679573,46.4273424921144
30.6436549975653,46.4522379232306
30.6343588537927,46.4437511306762
30.7438741788233,46.4545121029611
30.8073060782862,46.5733739777361
30.7036748487273,46.3864918190282
30.7367203028195,46.4714443066349
30.7301844386085,46.4349908608125
30.7528145763119,46.4277958887063
30.7544582799454,46.4046384778588
30.7445025773688,46.4456132952499
30.7752785259702,46.5759054420405
30.7102288897558,46.4748735681589
30.7087799377376,46.3915511492515
30.7300831677685,46.4688408746175
30.7068583884662,46.557614847784
30.7278318390951,46.5591009810573
30.7337263213196,46.3850254768761
30.6349301251978,46.533980650838
30.7007873314438,46.4728134923746
30.7167309970202,46.4712535921955
30.7919830211906,46.5785448579144
30.7076192181102,46.4792617994585
30.7030282733644,46.3720604933808
30.7440663337505,46.4847547351525
30.7467565027305,46.4197373040442
30.7371591431261,46.4856453356008
30.6413101881166,46.4428875181203
30.6380747146136,46.4990241334457
30.7181773523502,46.4029670277246
30.7011352876632,46.4726605609845
30.7208000074369,46.5529405448253
30.7151106635806,46.4201924998288
30.8109440384609,46.5784890829369
30.6154965106743,46.4832344172156
30.7529547974749,46.4237926846712
30.6815692420413,46.4505664730964
30.7614745314744,46.4332492421581
30.7477172773662,46.4678495193711
30.7115557974284,46.4881426152415
30.7112312114028,46.3999012031512
30.6595155691193,46.4927197617877
30.7175177935463,46.4677289734518
30.721537466887,46.497901437123
30.6817847671622,46.4517845266388
30.7158714932245,46.4186469931924
30.7299741068639,46.387407608176
30.7357179811726,46.376022315981
30.6969753931594,46.4496614791056
30.6450649992605,46.4638966927351
30.7015092107647,46.4883603175733
30.6484692574967,46.3748798285372
30.6455713534604,46.4369034027852
30.7411190926382,46.4324054207233
30.7267230532317,46.4165599295156
30.7320462640512,46.3875947242298
30.6401312916717,46.4442926877165
30.7258168090483,46.4130461059289
30.7133033685901,46.3826739318541
30.7015741279698,46.3684495133815
30.6873676468022,46.3511304832504
30.6863419549614,46.4833189792784
30.7250975264156,46.4229128793799
30.6129699330511,46.4866007069907
30.6403649936101,46.4537186589254
30.7016208683575,46.4473711066397
30.7236979114733,46.4987686480646
30.6870404640884,46.4833009873501
30.709190214474,46.3899516668303
30.7120232013052,46.3876594951715
30.7382030117844,46.4328066407232
30.7128801084128,46.411761482252
30.6411569835125,46.4431753889723
30.7460761704209,46.455098639822
30.7452192633133,46.4452678502275
30.6232606084061,46.4416136896004
30.7571354654844,46.4522631119302
30.610747167948,46.5073939784665
30.6545351211428,46.4933170938056
30.7310465390924,46.4735961412534
30.8047119867698,46.5743725297538
30.7311218430503,46.4570687559651
30.6801852072282,46.4924264933573
30.6382616761643,46.4443574586582
30.711348062372,46.4780131596381
30.6332215043591,46.4818004605343
30.7058716469485,46.5138368879719
30.6803695720907,46.326339405318
30.6979673280535,46.4268351197378
30.7110416531639,46.3935824379506
30.8059999441193,46.5789838609637
30.706183249533,46.5016455573914
30.710878061807,46.3867976818085
30.8157842652743,46.5824778934294
30.6610631952892,46.447079637402
30.7236407843328,46.478292034526
30.6425643885194,46.4371121091529
30.7066506534098,46.4626930327353
30.6370074757615,46.440539571484
30.6367555970056,46.4405377722912
30.7403998100055,46.4577794371309
30.7460943472383,46.4443340691515
30.7465565577387,46.468815685918
30.8076150841826,46.5909988706474
30.6970896474404,46.4706364690566
30.65442346355,46.3507292632505
30.644018533914,46.4403812425155
30.6443015729283,46.4413564050265
30.725344211795,46.413825156422
30.645477872685,46.4381430466415
30.7278889662356,46.3884637343642
30.8033772890326,46.5799608226675
30.7313737218062,46.4278156798273
30.6950876008346,46.4048040035986
30.6168649653581,46.4761276055578
30.6890035603711,46.348967853475
30.6144812055862,46.490643493268
30.7270034955578,46.5054040712023
30.8098144790919,46.5792771293941
30.6367867572641,46.4420580902281
30.7215919973393,46.4514264872667
30.7106469565568,46.4302104054771
30.7992147978406,46.5715999736109
30.7475017522452,46.4443358683443
30.7438248417474,46.4707840028682
30.7174840365996,46.4769228487863
30.7199976307817,46.4999273282437
30.7063468408899,46.4486395375811
30.6837686369506,46.4738894096838
30.6913769333902,46.4592619720185
30.7302493558136,46.4784467651089
30.636620569219,46.3967903987572
30.8156388507349,46.5828899085862
30.6938697540666,46.4060742337329
30.7832867123933,46.5627443465274
30.6823041048032,46.4567772867275
30.7584727599098,46.445838194353
30.6937373229682,46.4450105656536
30.7450141249452,46.4422578006317
30.7056509284511,46.4770469930912
30.6354884131618,46.5294592792693
30.6465970453012,46.4376428710362
30.7165336487167,46.420251873192
30.728325209854,46.3907882914938
30.614211150013,46.4864351812508
30.7029971131059,46.4336054823374
30.646277652652,46.4392801365067
30.6913249996261,46.4890709987391
30.6405623419136,46.4365813472696
30.8073761888677,46.5903709523516
30.6432628976464,46.4517701330962
30.7011352876632,46.4518996749796
30.6951499213515,46.4673115607165
30.6460413540254,46.444420430407
30.7533313172646,46.5468898593556
30.7345962118682,46.5271365213326
30.7322202421609,46.4820307572158
30.7145290054227,46.3912884670991
30.7241808954794,46.4758091484278
30.7599814357567,46.4554638759654
30.7406620755142,46.4616297097759
30.6464775976438,46.4385514634127
30.7032619753028,46.3787301011822
30.7257415050903,46.4682615345279
30.6456362706655,46.4963505329081
30.6159665112393,46.480746133539
30.7208856981477,46.3965385117617
30.7499634126632,46.4431861841293
30.7260531076749,46.4180712514884
30.7394338419934,46.4668725576672
30.6465554982899,46.4395716057443
30.717489229976,46.3990663776805
30.6407051597649,46.4365039819781
30.7047862312789,46.4115923581265
30.8083006098686,46.5919308525307
30.7588960200871,46.5522478555877
30.7005718063228,46.4770505914769
30.6359713971678,46.4440030176717
30.723173380456,46.3894083105972
30.6956225186048,46.3759017700617
30.7125607157636,46.5129606810663
30.6838647144142,46.4584109538124
30.7053990496952,46.4220474676312
30.7687322750063,46.5566324885017
30.7082943570434,46.3670065607361
30.7325396348101,46.4478802782091
30.7102496632615,46.4875740703089
30.731828142242,46.482521936857
30.6371373101717,46.4442189208107
30.7912144014821,46.5787355723539
30.6184775087332,46.4686627545279
30.6865237231357,46.4656563033177
30.6862588609388,46.4587114190141
30.7472239066073,46.3922042562469
30.8007390538167,46.5800849669724
30.7231681870795,46.3891420300591
30.7289068680118,46.4544599263692
30.7048978888717,46.3964503513133
30.7138175128546,46.3898113297899
30.7108858518716,46.4455071428732
30.6515671065249,46.3496443499772
30.6366984698651,46.4422703949815
30.7028880522013,46.4412988308561
30.7056457350747,46.4736429202668
30.6985334060821,46.4044783496974
30.6540443470721,46.3497810886318
30.7243522769009,46.3912434872784
30.6383188033048,46.4535747234994
30.6477577649287,46.3593905775089
30.7218386827188,46.4115293863776
30.7519940228392,46.4703378030477
30.739657157179,46.4582148417945
30.8007702140751,46.5796621566586
30.7057418125382,46.4696487121958
30.718517518505,46.4923257385591
30.6369269784271,46.4410271527395
30.638207145712,46.4442117240394
30.7050277232819,46.4327742552524
30.7474887688042,46.389933674902
30.7238069723779,46.4883927030442
30.7467175524074,46.3962344481743
30.7143965743243,46.479749380714
30.64490660128,46.4467162004514
30.7239290167235,46.4752513986521
30.6773236568267,46.4923617224156
30.6400663744665,46.4409335947127
30.6403961538685,46.4415003404525
30.7980852384715,46.5670156302934
30.706627283216,46.4111785437768
30.7102652433907,46.3881416788485
30.7417942315714,46.3829384131993
30.7173282353073,46.4675994315684
30.6946591472808,46.4890458100396
30.7245652053336,46.3989350366043
30.737107209362,46.4716961936304
30.687378033555,46.4799310991893
30.7119868476704,46.4818202516553
30.7029685495357,46.4959313209799
30.7033191024433,46.4607427077133
30.6883569850082,46.3501823086318
30.7038046831376,46.5586151989946
30.7537701575712,46.4652658784747
30.708187892827,46.4343431513956
30.7644581262215,46.4765108336295
30.703963081118,46.4590496672652
30.651974786573,46.3894011138259
30.7485378308388,46.4175117025199
30.6548415303509,46.3492179412777
30.6446287556421,46.4448054576715
30.6462153321351,46.439996215251
30.7043058439611,46.3836490943651
30.8024632547846,46.5743365458973
30.7320540541158,46.480663370669
30.7177281252908,46.3769417035144
30.7144744749704,46.4173497751657
30.7056275582572,46.5136443743397
30.6948980425957,46.4309210866429
30.6582224183934,46.438547865027
30.6954615239361,46.4452462599136
30.6100304820035,46.4868885778427
30.7445025773688,46.4731733309395
30.7012677187616,46.4374773452963
30.7110390564757,46.3889944962475
30.7133475122896,46.3946475601029
30.7228410043658,46.3873068533779
30.6225698893437,46.4440785837703
30.6950486505115,46.4321391401852
30.7273073080777,46.4630564696859
30.6916651657809,46.4804870497722
30.7184344244825,46.4039421902356
30.7292600176076,46.437254245386
30.7585454671795,46.4339509273598
30.7041863963036,46.5145637618731
30.7412073800372,46.4640298330041
30.6879752718421,46.4650157906721
30.695448540495,46.438373343323
30.7409866615398,46.4628063818833
30.7487351791424,46.4571875026915
30.7478497084646,46.3937767507757
30.7341210179267,46.4732129131817
30.7241549285973,46.4979680072576
30.7215426602634,46.4702586385634
30.765302049888,46.4759386903112
30.7054821437178,46.3882460320324
30.7021921397625,46.4521803490602
30.6925454430823,46.4104534690684
30.6971701447747,46.4708289826889
30.6446754960298,46.4432383607212
30.7455802029738,46.4464877029627
30.6543585463449,46.350723865672
30.7287354865903,46.3882136465615
30.6577550145165,46.3511322824432
30.7036514785335,46.3868084769654
30.6461114646069,46.4368728165072
30.7266010088861,46.5040330862698
30.7185097284404,46.4863056393675
30.7249910621992,46.5014818308443
30.7259726103406,46.4721891724644
30.6994292635128,46.4879033225958
30.6451039495835,46.4397659185694
30.6464074870623,46.4396633645784
30.7365774849683,46.4511943913923
30.711563587493,46.3811518147244
30.7151651940329,46.4196491435957
30.7288367574303,46.4538895822438
30.7495141856038,46.5460262467997
30.6431148864188,46.450785974621
30.8075345868482,46.5905454740556
30.7291639401441,46.4899436072591
30.7077957929081,46.4607589004487
30.7119972344232,46.387767446741
30.723783602184,46.4151511615338
30.7261621685795,46.4817950629558
30.7229552586468,46.4644580408964
30.7462267783367,46.447860487088
30.7216776880501,46.4119396023416
30.7266217823917,46.416689471399
30.6983386544668,46.5043965232204
30.7500257331801,46.4371049123816
30.6633560709739,46.5418017420472
30.6392769812523,46.4546488416158
30.7509917011922,46.4270258341773
30.714786077555,46.3912470856641
30.722641059374,46.4968669012488
30.7250429959633,46.423055015613
30.729937753229,46.4709387334512
30.6795594053709,46.4962659708453
30.754642644808,46.4407482778517
30.6464178738151,46.4364068255656
30.7623236485173,46.4325691472703
30.646277652652,46.4392441526502
30.6414088622683,46.4533786114815
30.7028049581788,46.4413456098695
30.6577368376991,46.5258213113777
30.6449715184851,46.4434794525597
30.742373293041,46.4591684139916
30.7377849449834,46.4193360840442
30.6369243817389,46.4400753797352
30.7115142504171,46.4631140438563
30.7056327516336,46.4688264810749
30.7025063390352,46.403434817859
30.6625355175013,46.4472145768639
30.746180037949,46.4327652592882
30.7296287473327,46.3905094166059
30.6459764368203,46.4442207200035
30.7115012669761,46.3894910734671
30.6905589766057,46.4965034642982
30.6912211320979,46.4604854231393
30.7187849773901,46.4951882543433
30.7399142293112,46.4579611556062
30.6445222914257,46.4370743261035
30.7412671038659,46.4363600465521
30.7194159726238,46.4735313703117
30.6836699627988,46.4561511676245
30.6458621825393,46.4446003496895
30.7541934177485,46.5500222540635
30.7233759221359,46.471536065469
30.6403026730932,46.4431591962369
30.6178517068759,46.4565092069966
30.7591323187138,46.4357501201845
30.7981683324941,46.5707201683196
30.7204702280349,46.3987443221649
30.7251494601797,46.5014908268084
30.7191874640618,46.4922681643887
30.7349233945819,46.4273065082579
30.7257285216493,46.4981947055535
30.758018339474,46.4105740149877
30.7119660741647,46.4708559705812
30.6785596804121,46.3796332959803
30.6100772223912,46.5155982977474
30.8115205032423,46.583323514057
30.6711980693519,46.5123003772996
30.7436898139608,46.4848590883363
30.7043396009077,46.497286113177
30.7226462527504,46.4166732786636
30.7543725892347,46.4397569226053
30.7072063446856,46.4779681798175
30.7039604844298,46.4032495009981
30.6433979254331,46.454636247266
30.6329929957971,46.4016212314916
30.634475704762,46.4057629733742
30.6265168554147,46.5234517744275
30.6330708964432,46.4464751086129
30.7373824583117,46.4673007655595
30.7065623660109,46.4613274453813
30.7132280646322,46.4797385855571
30.7612356361595,46.4820685402651
30.7262296824728,46.4129669414446
30.8146417224643,46.589473155132
30.6542572755049,46.3497720926677
30.7229292917647,46.5019478217859
30.7323968169588,46.4740495378452
30.6992812522851,46.3777855249492
30.80743071932,46.5757561090361
30.6938022401733,46.4804618610726
30.8128136539682,46.5937264469698
30.7407217993429,46.4624645352466
30.6814783579541,46.4527668859211
30.640541568408,46.4365453634131
30.7575691124146,46.458168062781
30.7344404105759,46.446802561707
30.7282291323904,46.4507931713923
30.7810795274194,46.5743221523547
30.7213453119599,46.4701596829581
30.8075423769128,46.5756859405159
30.7116700517094,46.4443610570438
30.6265635958024,46.4313061139074
30.741002241669,46.476536022329
30.7182993966958,46.4066751641364
30.7090447999345,46.4774734017907
30.6856148822641,46.4808846713865
30.6419853270498,46.4429288995553
30.7111870677033,46.4608164746191
30.7022414768384,46.3479657030717
30.7211583504092,46.4524610231409
30.6538340153275,46.4750588850199
30.7374759390871,46.4548395560552
30.6570045716254,46.5272732599872
30.6803254283912,46.3842878078179
30.690499252777,46.496228187796
30.7238277458835,46.4696145275322
30.7392988142068,46.46695711973
30.7109118187537,46.4795568670818
30.6367867572641,46.4412520518426
30.7131761308681,46.4400825765065
30.7201170784391,46.5048391246553
30.7064662885473,46.4552137881628
30.6380097974085,46.4444852013487
30.6347327768942,46.3991581365146
30.7592595564358,46.5735179131621
30.7981189954182,46.5669508593517
30.690587540176,46.442007712829
30.7551464023197,46.4565433916603
30.7104522049414,46.47759394771
30.7063935812776,46.3895684387586
30.7477640177539,46.4485927585677
30.6295186269793,46.468281325649
30.7335315697043,46.4731607365898
30.7390495321391,46.4687203286983
30.698024455194,46.4358634693325
30.7302701293192,46.3870927494317
30.725902499759,46.4761905773067
30.7348325104948,46.4511907930066
30.7710926645843,46.5584964522681
30.7090967336986,46.3973967267391
30.6980400353233,46.5547019546007
30.6333928857806,46.4530457608089
30.6401027281014,46.4452804445773
30.7066792169801,46.4646145706721
30.7066298799042,46.375734445129
30.7056041880634,46.5129516851022
30.7690802312257,46.4369231939063
30.7139083969418,46.3864828230641
30.7134254129357,46.4162882513991
30.7041240757867,46.3856246080867
30.6316894583184,46.4068406898763
30.704812198161,46.5139718274338
30.7474290449755,46.4746810545267
30.8082149191578,46.5934403753106
30.7492389366541,46.4385982424261
30.7118699967012,46.4849796342556
30.7533728642759,46.4681805708508
30.7264036605825,46.473610534796
30.6321153151839,46.4047968068273
30.6327982441818,46.4020764272763
30.6126453470256,46.4694220138999
30.6164858488802,46.4859889814303
30.7481820845548,46.4382222111257
30.7292314540374,46.4580565128259
30.7020571119758,46.4785295279788
30.7134773466998,46.4609784019733
30.7382757190541,46.4524736174907
30.7398155551595,46.4712248051103
30.7402543954661,46.4802027773059
30.6546727456176,46.3498332652238
30.6933530131139,46.4750930696836
30.7319008495117,46.4564264441267
30.6167091640658,46.4768688730016
30.6612865104748,46.5121348515597
30.7053678894368,46.4650391801788
30.6547272760699,46.349266519484
30.7006055632695,46.3788992253078
30.6872845527797,46.3493438847754
30.6419957138026,46.4540137265487
30.7596724298603,46.4819731830454
30.7622457478711,46.4294493469122
30.7223060865956,46.4872430188292
30.6560074433548,46.53799465003
30.7225216117166,46.393640012121
30.6478148920692,46.4957280121907
30.7268373075127,46.421021927721
30.7050484967876,46.4718671169488
30.7725442132907,46.5665010611455
30.7407010258373,46.4849922286054
30.7388495871473,46.4690999583843
30.6174310433867,46.4743913844819
30.6754098976199,46.4866888674391
30.706385791213,46.497480426002
30.661478665402,46.4471606010792
30.6442574292288,46.4531015357865
30.7129735891881,46.4918597476175
30.7065857362047,46.4215185049407
30.6400430042727,46.4415849025152
30.7172425445966,46.3883072045884
30.6944592022891,46.4417396330982
30.7407711364188,46.4606779367716
30.7390261619453,46.4688480713888
30.6685130937483,46.5422155563969
30.7476705369785,46.445868780631
30.7057859562377,46.3966050818962
30.7224852580817,46.387726065306
30.7042097664975,46.3891564236017
30.6565008141137,46.3708406406457
30.7416150600853,46.4366065359691
30.6130270601916,46.4866744738965
30.7247651503254,46.4176160557038
30.7943771677153,46.5741080484086
30.6996240151281,46.5560405540623
30.6446053854482,46.4462915909448
30.7646009440727,46.4776497226875
30.7563616523994,46.4705375134513
30.7060871720694,46.4750336963203
30.7052328616501,46.5143550555055
30.7835515745902,46.5785898377351
30.6887257147332,46.4334903339966
30.6922572106915,46.4752963784727
30.7987344105227,46.5719832016825
30.6916781492219,46.4794381203553
30.6183346908819,46.4861437120132
30.7024232450127,46.3493816678247
30.6373995756804,46.4699167919267
30.7317762084779,46.4825183384713
30.645477872685,46.4369177963278
30.6826468676462,46.4576840799112
30.6552544037755,46.3504647819052
30.6914444472835,46.4793355663643
30.6446806894062,46.4388231415292
30.7611213818785,46.4315274146248
30.7153988959713,46.4980435733562
30.6837218965629,46.4478245032315
30.7413008608125,46.469236697039
30.7595581755793,46.4820343556015
30.6379968139674,46.450375758657
30.6523279361688,46.3493007041476
30.7051004305517,46.4423873425151
30.64346024595,46.4547136125575
30.6815614519766,46.4526355448449
30.7232850380488,46.415406646915
30.7151755807857,46.4771243583827
30.7236797346559,46.4753251655579
30.708442368271,46.4217703919361
30.7057496026028,46.5142578990929
30.6926804708689,46.4789217520146
30.721321941766,46.4078284467371
30.7610694481144,46.4403128731881
30.6462127354469,46.4480907837696
30.6946305837106,46.4299279322036
30.6404428942562,46.440273290946
30.6465503049135,46.4373963816192
30.6439640034617,46.4374575541752
30.6355689104961,46.4439328491515
30.7445830747032,46.4454027896894
30.6942904175558,46.4045395222534
30.7537338039363,46.4654853799993
30.6386148257601,46.4601759619735
30.7055418675465,46.5143784450122
30.7315191363457,46.4824643626866
30.741345004512,46.4585710819738
30.6401936121886,46.439359300991
30.7472784370596,46.4347821544448
30.6286798966892,46.4664875304027
30.7037683295027,46.5131711866268
30.7125321521934,46.4113926477229
30.720851941201,46.5530089141526
30.6797463669216,46.4912516204427
30.7114181729536,46.4795946501311
30.6451896402943,46.4413869913045
30.7025868363696,46.4336684540863
30.7403193126712,46.4805410255569
30.7077854061553,46.4343827336377
30.7207065266615,46.4116967113103
30.6377267583942,46.4633857219728
30.6367374201882,46.4423459610801
30.6776015024646,46.4894848130888
30.6388511243868,46.4601903555161
30.7722611742764,46.5895127373742
30.7629130967397,46.4537168597326
30.6617435275988,46.4476679734557
30.7098601600308,46.4499457515719
30.6406090823013,46.4365525601844
30.7957456223992,46.5678432589928
30.8109933755368,46.5805023797078
30.7557254637893,46.4639722588337
30.7175437604283,46.383670684679
30.7403219093594,46.4580385208977
30.6879570950247,46.3419420054944
30.7058300999372,46.4974012615178
30.6507127961055,46.3650004607365
30.7256012839273,46.4750822745266
30.724900178112,46.5028995947902
30.6922416305623,46.480519435243
30.7246223324741,46.3987713100572
30.6152731954887,46.4865971086051
30.6351248768131,46.5321022935289
30.7044382750595,46.3894155073685
30.7137525956495,46.4007378278147
30.747257663554,46.4017957531956
30.7251494601797,46.4782470547054
30.7160117143876,46.4796252364091
30.7022155099563,46.4488842278053
30.707211538062,46.4317811008131
30.8098378492857,46.5808982021292
30.7463747895644,46.4476769694199
30.7124334780416,46.4108384963329
30.6977595929972,46.4359480313952
30.7332433373135,46.3853997089836
30.7481145706615,46.4404694029639
30.6609047973087,46.4492188776707
30.7408126834301,46.4679250854697
30.7230954798098,46.4976405541634
30.6954199769248,46.4682345466356
30.6421359349656,46.4715522582044
30.799030432978,46.5776308679595
30.7063883879012,46.4190032333717
30.640858364369,46.4430908269095
30.722311279972,46.3912093026148
30.6980140684412,46.3787103100612
30.7085202689172,46.3995773484427
30.7094706568001,46.4210597107704
30.7072375049441,46.4332636357007
30.6541560046649,46.4752082180243
30.7193874090536,46.4275547968677
30.6363401268929,46.4441685434116
30.673470171531,46.4740531362308
30.7113117087372,46.4623889691479
30.8156440441113,46.5827153868822
30.7341781450672,46.3941869667397
30.7267853737486,46.4377850072693
30.6987151742565,46.405950089428
30.6575394893955,46.5264168442027
30.6401780320593,46.4506618303161
30.742030530198,46.4564588295975
30.7049705961414,46.465057172107
30.7146380663273,46.4179758942687
30.6411440000715,46.454051509598
30.7524718134689,46.5473882357681
30.7156455813507,46.4607858883411
30.7142693366023,46.4771945269029
30.704482418759,46.401966676514
30.7308180305304,46.4277796959708
30.723212330779,46.4978762484235
30.7991836375821,46.5736168687674
30.732131954762,46.4300772652081
30.7028491018783,46.4023750932852
30.7107612108378,46.3808513495226
30.8100533744067,46.5826362223979
30.711651874892,46.3811482163387
30.694661743969,46.4393539034125
30.723871889583,46.397080068802
30.6448209105692,46.4449332003621
30.8095288433894,46.5952899455345
30.792050535084,46.5789316843718
30.7146328729509,46.4719228919263
30.7412385402956,46.4334003743554
30.7255571402278,46.4873113881565
30.6363219500754,46.4503919513924
30.7085929761869,46.3999767692498
30.6388511243868,46.4544581271764
30.6980088750648,46.4268171278096
30.7542141912542,46.432326256239
30.6446391423949,46.4437439339049
30.7553904910109,46.4355755984805
30.6147720346652,46.4905985134473
30.7056794920213,46.3901927586688
30.6150472836149,46.4883657151518
30.7148302212545,46.4307051835039
30.712781434261,46.4151565591123
30.7260764778687,46.4769660294141
30.7232434910375,46.5112406527258
30.7299715101757,46.4688336778462
30.6107575547008,46.5067678593635
30.640211789006,46.4392279599148
30.7714302340509,46.575736317915
30.7239835471758,46.3931686236009
30.6963573813667,46.3700507949956
30.7498958987699,46.3824742214506
30.7460839604855,46.4504981037691
30.7803940017333,46.5732354398886
30.7525678909324,46.4322560877188
30.7234330492764,46.3895864306868
30.6095241278036,46.5132143672546
30.7068350182724,46.3956856943628
30.7112519849085,46.3998346330167
30.6927298079448,46.4790171092344
30.6106848474311,46.5116382743401
30.7307011795612,46.4818004605343
30.7064584984827,46.3959051958874
30.7689244299335,46.4376950476281
30.6982295935622,46.474308621612
30.726878854524,46.4735853460964
30.7412671038659,46.4618276209866
30.6394613461149,46.4446705182097
30.7095225905642,46.4126089020725
30.737881022447,46.5566270909232
30.7267178598553,46.4542332280733
30.7039267274832,46.3808639438724
30.7587090585364,46.4358598709468
30.6338654830339,46.4463059844874
30.640198805565,46.4540011321989
30.7409580979695,46.4845352336279
30.6942696440501,46.430303963504
30.6416919012826,46.4432113728288
30.7152664648728,46.49410334107
30.7211869139794,46.4689020471736
30.6923351113377,46.3431546614582
30.6852773127975,46.3334192290835
30.7143498339366,46.4864351812508
30.7257466984668,46.4234076574067
30.7259674169641,46.3676560693458
30.7489403175106,46.4405899488831
30.7143965743243,46.4304514973156
30.7186966899912,46.4039925676347
30.734378090059,46.5270825455478
30.6462257188879,46.4418044040398
30.7125607157636,46.3873086525707
30.7237108949143,46.4152231292468
30.7045888829754,46.5141175620526
30.8097054181873,46.58482224168
30.6942021301568,46.4876820218784
30.6970195368588,46.4707462198189
30.8044445278847,46.5753117084083
30.6464256638797,46.4373585985699
30.6942306937271,46.4876280460937
30.6436342240597,46.4469285052048
30.6224686185037,46.5016509549698
30.7163518805424,46.4201799054791
30.7457334075778,46.4639722588337
30.6936178753108,46.4473315243975
30.7516642434372,46.4611691164127
30.7615056917328,46.4532832542618
30.722500838211,46.3861319804633
30.765187795607,46.4325457577636
30.7134955235173,46.416977342251
30.7082554067203,46.5130686326358
30.6800813397,46.3385865108762
30.7658629345402,46.4312863227863
30.7918090430809,46.5785502554929
30.7402751689717,46.4596631920184
30.7187278502496,46.425467733191
30.6911432314518,46.4796522243015
30.7020960622989,46.4969766520111
30.6946435671516,46.4904617747927
30.7471174423909,46.3916393096999
30.732183888526,46.4747134399975
30.7135111036465,46.4693806324649
30.6175167340975,46.4858846282465
30.6914106903368,46.4796972041221
30.6339511737446,46.4157844774082
30.6879181447016,46.4728692673522
30.6380149907849,46.4671982115685
30.6386927264063,46.450960496325
30.7115220404817,46.3762472150841
30.6495624632309,46.4441559490618
30.7116362947628,46.467120846277
30.695422573613,46.368712195534
30.6942358871035,46.3783270819895
30.6936750024513,46.3945863875468
30.7151755807857,46.3933503420762
30.6785311168418,46.4981803120109
30.7064559017945,46.4560702039474
30.7261543785149,46.4159949829687
30.693874947443,46.4713867324645
30.6236812718953,46.4718635185631
30.7258297924893,46.4376482686146
30.7256506210032,46.4215544887972
30.6364985248734,46.4422595998245
30.7136279546157,46.4157430959732
30.803268228128,46.5742537830274
30.7216023840921,46.3820730014506
30.7119219304653,46.4297210250288
30.6818678611848,46.3269223437933
30.7221373018623,46.4715846436753
30.7616199460138,46.4311297930105
30.7237264750435,46.5006254150597
30.7611135918139,46.4339959071804
30.7309946053283,46.4868292044795
30.694952573048,46.4298379725624
30.7236407843328,46.4179003281701
30.6524681573319,46.3490883993943
30.6424553276148,46.4507445931861
30.6912211320979,46.4755536630467
30.7600878999731,46.4574609800009
30.7962078328996,46.5700958484094
30.8085187316778,46.5794516510981
30.6690246413247,46.4913109938059
30.6871806852515,46.4904077990079
30.7102756301435,46.415262711489
30.7063312607607,46.4454981469091
30.7364917942575,46.3767132060257
30.8058207726332,46.5749284803367
30.6399884738204,46.4509658939035
30.7128671249717,46.4203274392907
30.7556060161319,46.4071627453919
30.6403909604921,46.4543537739925
30.8109700053429,46.5819903121739
30.7054795470296,46.3903618827943
30.800019771184,46.5705456466155
30.7219866939464,46.5127213884206
30.6510815258306,46.3514777274656
30.7553904910109,46.4406169367755
30.639666484483,46.4446921085236
30.769223049077,46.4391703857444
30.696970199783,46.5005750376606
30.6132633588183,46.4952818123702
30.7018337967902,46.3671882792114
30.7119401072827,46.4189600527439
30.722856584495,46.3828178672801
30.7140486181049,46.3924939262916
30.7431704763199,46.4709189423301
30.7801083660308,46.575201957646
30.6542936291397,46.3496749362552
30.7239965306168,46.5004850780194
30.722526805093,46.4104804569608
30.7293119513717,46.4525779706745
30.7266217823917,46.5132323591828
30.8139587934665,46.5941204701984
30.7170114393464,46.4260506716662
30.7311867602555,46.4702244538998
30.7454711420692,46.4760196539883
30.7148172378134,46.3913244509555
30.6954771040653,46.5525519191751
30.6380175874731,46.4443322699586
30.6432603009582,46.4368314350722
30.6424397474856,46.4429612850262
30.6433407982926,46.4365777488839
30.7984176145617,46.5783937257172
30.6380773113018,46.4460954789269
30.6313778557338,46.4083142287998
30.7339574265698,46.4889774407122
30.7054951271588,46.4967787408004
30.7985526423484,46.5696550461673
30.6795308418006,46.4598539064578
30.7401375444969,46.456597367445
30.6352806781054,46.4434794525597
30.6170077832094,46.4925992158685
30.6409154915095,46.4442207200035
30.7522562883479,46.4253489864646
30.7667510019062,46.5573773543311
30.7120154112406,46.4084851521181
30.7066350732806,46.4056892064684
30.7446453952201,46.5456142316429
30.6434576492618,46.444996172111
30.7477224707426,46.3756426862949
30.6438938928802,46.4434218783893
30.7111585041331,46.3957558628829
30.6860485291943,46.3408426986784
30.6609749078903,46.4473225284334
30.6670148046543,46.4627703980268
30.7435184325393,46.4737274823296
30.720649399521,46.4168927801882
30.637178857183,46.444112768434
30.6407856570992,46.4504657182982
30.7111247471864,46.4080209603693
30.6538599822096,46.5369583149629
30.7302311789962,46.4240319773169
30.6991436278102,46.5556177437485
30.7464812537808,46.4360883684356
30.8106869663286,46.5783253563898
30.7420253368216,46.4693806324649
30.6763810590084,46.4890332156898
30.7164791182644,46.42068367947
30.7322384189783,46.48576588152
30.7117012119679,46.4053743477241
30.7049082756245,46.514380244205
30.6717797275098,46.4945027618771
30.6441120146894,46.446700007716
30.7129995560702,46.4643500893269
30.7051991047035,46.5143118748777
30.6401806287475,46.439503236417
30.6954667173125,46.4289599664639
30.6558542387507,46.4322111078982
30.6395106831907,46.4439778289722
30.7061261223925,46.4226771851198
30.7582312679068,46.453835606459
30.6460647242192,46.4415273283448
30.6364413977329,46.4419249499591
30.743019868404,46.4737724621502
30.6810602911531,46.3828052729303
30.707946400824,46.4313762824275
30.6399391367445,46.4414967420668
30.6333227751991,46.4455935041288
30.7691529384955,46.5558894218651
30.7119712675411,46.410529035167
30.6458440057219,46.4476373871777
30.7587142519128,46.454112682154
30.7240510610691,46.4963037538947
30.7325240546809,46.4477147524692
30.7419448394873,46.4397839104976
30.7128619315953,46.479627035602
30.6417827853698,46.4373406066416
30.643904279633,46.4529989817955
30.7118154662489,46.471494684034
30.6950694240172,46.3655132306915
30.7206753664031,46.411268503418
30.7040565618934,46.3895864306868
30.7391170460324,46.4690207939
30.6726236511763,46.5421471870695
30.6144500453278,46.4891519624162
30.6369529453092,46.4438338935462
30.6477759417461,46.3592106582264
30.727094379645,46.4658038371293
30.7236278008918,46.3916285145429
30.8070723763478,46.5772602342376
30.795413246309,46.5748043360318
30.7647255851066,46.476289532912
30.644361296757,46.4368710173144
30.6920494756352,46.4829267552426
30.7289432216467,46.4848123093229
30.7051030272399,46.4707498182046
30.7118310463781,46.4094441218937
30.6975362778116,46.4053509582174
30.6468411339924,46.4455341307656
30.731041345716,46.4694939816129
30.7134435897532,46.492881689142
30.644145771636,46.4536538879837
30.6464126804387,46.4381790304979
30.7620302227501,46.4534847638582
30.7951302072947,46.5753261019509
30.7148483980719,46.4700319402675
30.6796788530283,46.4911490664517
30.6237228189066,46.4439454435013
30.7232227175318,46.4799796773956
30.6913172095615,46.3621703304231
30.71276845082,46.4925092562272
30.6988813623016,46.4573476308529
30.7079879478352,46.4768112988312
30.6344471411917,46.4778764209835
30.6951862749864,46.4296004791095
30.7406101417501,46.4370635309466
30.7215790138983,46.4512987445761
30.6978478803961,46.4055794557061
30.7036307050279,46.3791870961597
30.6450312423138,46.443096224488
30.6875338348473,46.4770200051989
30.7965921427539,46.5696028695754
30.7497686610478,46.4386072383902
30.6540625238895,46.3496587435198
30.7653202267054,46.4346184278977
30.702033741782,46.4085913044948
30.7610356911678,46.4404172263719
30.7491324724377,46.4600949982964
30.8077059682697,46.5830374423979
30.7381017409444,46.485181143852
30.740900970829,46.4391469962377
30.712882705101,46.484688165018
30.8149637118017,46.5937984146828
30.8081941456522,46.5931830907367
30.6452259939292,46.4438464878959
30.6560334102369,46.3499556103358
30.7118570132601,46.4129651422518
30.7636038158022,46.4336522613509
30.7259726103406,46.4178589467351
30.7167517705259,46.4258635556125
30.7432951173537,46.4331736760595
30.6756773565049,46.4625149126457
30.7255026097755,46.4683622893261
30.721828295966,46.4757389799076
30.6465243380315,46.3822979005537
30.7428614704235,46.4737904540784
30.7705058130501,46.5711357818621
30.6249276822335,46.4767663190106
30.7180163576815,46.419451232385
30.7410645621859,46.4842725514755
30.7299663167993,46.4329235882568
30.8076800013877,46.5911931834725
30.6406350491834,46.452162357132
30.6222245298125,46.4442692982098
30.689052897447,46.3749553946359
30.7651462485957,46.4329577729205
30.7063598243309,46.4673637373084
30.7107118737619,46.4066463770512
30.6513541780921,46.350662693116
30.6916833425983,46.4803898933596
30.6941164394461,46.3656787564314
30.6997097058388,46.4765576126429
30.6373476419163,46.4392225623363
30.7014313101185,46.3675031379557
30.6340939915959,46.4416388783
30.7048900988071,46.5137019485101
30.6459556633147,46.4368908084354
30.7041422526042,46.514565561066
30.7154222661651,46.4882883498603
30.7150249728698,46.4499349564149
30.6397391917528,46.4412610478068
30.7368838941764,46.431741518571
30.6195343608325,46.4162180828789
30.6540599272013,46.3497037233404
30.7490753452972,46.444738887537
30.6440652743017,46.4429576866405
30.750963137622,46.4499367556078
30.6463191996633,46.4399404402734
30.7284862045226,46.4720974136303
30.7401037875502,46.4780653362301
30.7372915742246,46.4672126051111
30.7401816881963,46.4720758233164
30.7250196257695,46.520828551289
30.808648566088,46.5772188528026
30.64490660128,46.4428173496002
30.7488104831003,46.4579863443057
30.6380617311726,46.4442009288824
30.6390199091201,46.4539417588357
30.7132410480732,46.4923761159582
30.7751409014954,46.5760763653589
30.7093278389488,46.4208420084386
30.7118258530017,46.4334237638621
30.7176398378919,46.459636204126
30.6456258839127,46.4369123987493
30.6135100441977,46.4654817816137
30.7059781111648,46.4680582257387
30.728249905896,46.4823510135386
30.6481161079009,46.4483768554287
30.7508333032117,46.441351007448
30.6931842283806,46.4659747604477
30.7456503135553,46.4379091515742
30.7289432216467,46.3871701147232
30.7038150698904,46.4862768522823
30.7084319815182,46.42417411355
30.7500984404498,46.4308689100509
30.7381199177618,46.469605531568
30.7036644619745,46.3885123125704
30.7134306063122,46.40536535176
30.6802137707984,46.3471254800225
30.7265880254451,46.5038945484223
30.6873260997909,46.4653738300442
30.722957855335,46.4655285606271
30.7344871509636,46.5270555576555
30.7153807191538,46.3653261146378
30.6840049355772,46.489873438739
30.7264322241528,46.368701400377
30.6164313184279,46.4659243830486
30.7161259686686,46.4666296666359
30.6307286836827,46.4831624495026
30.7053029722316,46.513795506537
30.7057314257854,46.5137253380168
30.6087087677073,46.4841466079777
30.74639556307,46.4469860793752
30.6236708851425,46.4434416695104
30.705282198726,46.3856821822571
30.7230409493575,46.5157062493169
30.6133854031639,46.4940907467202
30.7594231477927,46.4815035937182
30.721612770845,46.412418187633
30.6557659513518,46.5376959840211
30.7073465658487,46.4019127007293
30.7052120881445,46.4659315798199
30.6390770362606,46.4446201408106
30.7065493825699,46.3953384501476
30.7603423754171,46.4332600373151
30.6523461129863,46.349255724327
30.7358270420772,46.4931857527293
30.6168208216586,46.4371642857448
30.6456596408593,46.4422883869097
30.707629604863,46.4066715657507
30.7241627186619,46.4226843818911
30.7287432766549,46.3882622247678
30.7139499439531,46.4007792092497
30.7007198175505,46.4727253319262
30.6407363200233,46.4393431082556
30.704381147919,46.3843957593874
30.7192160276321,46.5008269246561
30.7497349041012,46.4371229043098
30.7027737979203,46.3748654349946
30.6387109032237,46.4635098662777
30.7281148781094,46.4296400613516
30.6462750559638,46.4405107843988
30.7255052064637,46.475037294706
30.7226124958038,46.4757029960511
30.6430551625901,46.4397659185694
30.6388433343222,46.4506420391951
30.710763807526,46.4467665778505
30.6488198104044,46.3960203442282
30.6989358927539,46.3496065669278
30.6429383116209,46.4371966712156
30.7193380719777,46.4971133906658
30.7543959594285,46.5529999181885
30.6979283777305,46.382335683603
30.7109403823239,46.4075945516699
30.6726262478645,46.3607075866566
30.7049861762707,46.5140941725459
30.7042772803908,46.51410316851
30.7758913443865,46.5670138311005
30.7019714212651,46.4249819511283
30.7410256118628,46.4613454373096
30.7280188006458,46.4891177777526
30.641328364934,46.4374179719331
30.6665733676595,46.334358407738
30.7318333356184,46.4694364074425
30.6512684873813,46.3683919392112
30.6456700276121,46.4478766798234
30.7119582841001,46.3815404403745
30.7428744538645,46.4471839905859
30.8085524886244,46.5843832386308
30.7147704974257,46.4186020133717
30.7140356346638,46.460807478655
30.7254870296463,46.4965286529977
30.7128982852302,46.4644022659188
30.6352027774593,46.4395068348026
30.6385213449848,46.4780167580238
30.6868976462372,46.4803215240323
30.7140304412874,46.3924687375921
30.7662784046529,46.4311549817101
30.6143228076058,46.4373927832335
30.7557540273595,46.4294259574055
30.6809434401839,46.4674950783846
30.711664858333,46.4806723666331
30.7266087989507,46.3684890956237
30.7055314807936,46.3882460320324
30.79821766957,46.5726399070636
30.718733043626,46.5008503141628
30.7208623279538,46.4102411643151
30.7056561218275,46.5133798929945
30.7267516168019,46.3883557827947
30.7019220841892,46.3671055163415
30.6718316612739,46.4677811500437
30.7499789927924,46.3819110740964
30.6901954402571,46.340477462535
30.7665874105493,46.5892338624863
30.730013057187,46.4701992652002
30.6368101274579,46.4414769509457
30.7441130741381,46.4716044347963
30.64325770427,46.4547837810777
30.7067597143144,46.464636160986
30.6788115591679,46.3402345715037
30.7317450482195,46.4862300732688
30.7017740729615,46.3682605981349
30.7672625494825,46.5565155409681
30.8090770196418,46.579196165717
30.7282395191432,46.4750013108495
30.7177800590549,46.4183861102328
30.7096654084154,46.405108067186
30.7944836319317,46.5660080823115
30.7126412130979,46.4098813257501
30.6812368659511,46.4525959626028
30.7246275258506,46.3990142010886
30.6464957744612,46.4430080640396
30.745925562505,46.4148884793814
30.7947095438055,46.5660044839259
30.7400985941738,46.4791142656469
30.6367763705113,46.4439472426941
30.8110556960537,46.5840971669716
30.6414322324622,46.4976261606208
30.6454103587917,46.4379901152514
30.7126334230333,46.3942679304169
30.7144926517879,46.3913586356192
30.8008143577746,46.5716305598889
30.7232045407144,46.3833756170558
30.7251754270617,46.4895297929094
30.7067623110026,46.4641701700444
30.7949432457439,46.5741404338794
30.7128333680251,46.5510909746014
30.7293768685768,46.4372398518434
30.7395039525749,46.4711654317471
30.8019153535734,46.5845415675994
30.7611109951257,46.4334165670908
30.7011898181155,46.5562222725376
30.6462802493402,46.4408706229638
30.7156637581681,46.3830805494325
30.7488208698532,46.4446723174025
30.6450234522492,46.4401869296904
30.7472239066073,46.3921736699688
30.7070868970282,46.4334165670908
30.7459593194516,46.4369285914847
30.6737921608684,46.5015861840281
30.7272709544429,46.4766547690554
30.6442522358524,46.4395122323811
30.7560188895564,46.4685512045727
30.756000712739,46.4295788887956
30.7928295415453,46.5671487705624
30.7151470172154,46.4203904110395
30.7327136129198,46.3896763903281
30.6495053360904,46.3473431823543
30.6944150585896,46.3495399967933
30.6390588594431,46.4442585030528
30.7289562050877,46.4524358344413
30.7614979016682,46.4337098355212
30.7253156482248,46.3942571352599
30.642585162025,46.4433912921113
30.7035579977581,46.387531752481
30.8102403359574,46.5793634906497
30.7233733254477,46.479923902418
30.7935955645657,46.5667871328046
30.7039137440422,46.46687435686
30.7064636918591,46.4773438599073
30.7228410043658,46.4879536999949
30.6960717456642,46.4770002140778
30.6836232224111,46.3476526435201
30.7228539878068,46.3867473044094
30.7103717076071,46.4810681890546
30.7070817036518,46.4719318878904
30.6456077070952,46.4365435642202
30.6857083630394,46.481926404032
30.7143238670545,46.3825893697913
30.7472862271242,46.3791151284467
30.7113376756192,46.4795064896827
30.7651903922952,46.4303435457461
30.6338810631631,46.4676282186536
30.6941969367804,46.4302247990197
30.702147996063,46.3477713902466
30.6952330153741,46.4463833497789
30.7188628780363,46.4510810422443
30.729810515507,46.4325295650282
30.7028309250608,46.435016049512
30.6430084222024,46.4448234495998
30.6327281336002,46.4430476462817
30.7464423034577,46.5610279165726
30.7124932018703,46.3977565653041
30.7055548509875,46.5141157628598
30.6464750009556,46.4369717721125
30.7652215525536,46.4327454681672
30.6909354963954,46.429143484132
30.7291016196271,46.4774140284275
30.7456814738138,46.4462214224246
30.655108989236,46.4490551511236
30.726993108805,46.4217811870931
30.7040825287755,46.3849355172348
30.7280759277863,46.4930112310253
30.6440341140432,46.4372434502291
30.6163482244054,46.4763830909389
30.6564696538552,46.3499520119502
30.6777235468102,46.4896071582009
30.7021194324928,46.3830103809123
30.6367530003174,46.4443682538151
30.6827169782277,46.3777459427071
30.8049171251379,46.5727622521757
30.6157691629357,46.4915952662723
30.6587417560343,46.5193873978363
30.7216984615557,46.4117147032386
30.7040150148821,46.3822259328407
30.6445196947375,46.4381520426056
30.6564099300265,46.3495363984077
30.7201819956442,46.4122886457497
30.7095615408872,46.4051746373205
30.646682736012,46.3685538665654
30.6964716356477,46.3626813011854
30.7183695072774,46.4628369681613
30.6440393074196,46.4413941880758
30.6113885499345,46.5042166039379
30.7226202858684,46.556321228143
30.7147653040493,46.4189348640443
30.7148276245663,46.3827207108675
30.7222593462079,46.4237207169582
30.654880480674,46.5366866368464
30.739314394336,46.4660395313894
30.7964493249026,46.5734765317271
30.7327915135659,46.4849976261839
30.6422501892466,46.4443268723802
30.7063442442017,46.4682597353351
30.6867781985798,46.4871890430444
30.6349353185742,46.4434974444879
30.7094784468647,46.4052969824326
30.8057065183521,46.5836635615009
30.7481794878666,46.4384291183006
30.7265828320686,46.5045494546105
30.7151911609149,46.4859350056456
30.7304155438587,46.3907990866507
30.8075242000954,46.576054775045
30.7163103335311,46.4186559891565
30.7217945390193,46.4971709648362
30.7212803947548,46.4074955960645
30.7296287473327,46.4267217705899
30.7123607707718,46.4796072444809
30.8021931992113,46.5700202823107
30.7248092940249,46.4321067547144
30.6905304130355,46.3404396794857
30.7238355359481,46.4151133784845
30.7005821930756,46.4727397254688
30.6650802719418,46.3294807959901
30.7563252987646,46.4704241643033
30.7050978338635,46.388927926113
30.7084657384649,46.3973427509544
30.7202391227847,46.412418187633
30.7201014983099,46.4672557857389
30.7243938239121,46.4227383576759
30.6884504657835,46.5214582687776
30.7098134196431,46.5570409052729
30.6979699247417,46.4299729120242
30.6492430705817,46.4483174820655
30.6551453428709,46.3513122017257
30.6362622262467,46.4441577482546
30.7537052403661,46.4276735435942
30.7412463303602,46.4502947949799
30.7260998480626,46.4679394790123
30.6610761787303,46.4493088373119
30.7486261182378,46.4692097091466
30.6540910874598,46.3507130705151
30.6445924020072,46.4400411950716
30.6158626437111,46.4915592824158
30.6455453865783,46.444215322425
30.7054691602767,46.4736069364103
30.7240614478219,46.4772251131809
30.6460777076603,46.4431663930082
30.7208831014595,46.5528721754979
30.746268325348,46.447079637402
30.7126567932272,46.4853610631345
30.6445820152544,46.4365507609915
30.8093418818386,46.5848150449087
30.7270398491927,46.3883179997454
30.8131979638225,46.5942949919024
30.7274605126818,46.422326342519
30.7433600345588,46.4497964185674
30.6766926615929,46.3889081349919
30.7248352609069,46.3948328769638
30.6592610936752,46.4933368849266
30.696983183224,46.4483498675363
30.7157832058256,46.417819364493
30.7041682194862,46.4868471964077
30.6216766286013,46.5120466911113
30.6291888475773,46.5075990864485
30.725432499194,46.4837975645697
30.7113428689956,46.4779753765888
30.701677995498,46.43830137561
30.72457039871,46.4297480129211
30.7454503685635,46.4624861255605
30.7143446405602,46.4169305632375
30.683672559487,46.3926180705965
30.7064610951709,46.4525599787463
30.7054224198891,46.3873932146334
30.6390510693785,46.4530403632305
30.7038799870955,46.3826037633339
30.7061183323279,46.406761525392
30.7071180572867,46.3963927771429
30.7443857263996,46.4791160648397
30.7222152025084,46.4970144350604
30.7076244114866,46.4799292999965
30.6360908448252,46.4443052820663
30.7126308263451,46.4608668520182
30.6799177483431,46.3821845514058
30.7543284455352,46.4282852691546
30.7062611501792,46.5120107072548
30.6338680797221,46.4418997612596
30.6369036082333,46.4438230983892
30.6398196890871,46.4504639191054
30.7237810054958,46.4122670554358
30.7037891030083,46.3796620830655
30.6370438293963,46.4400519902285
30.6445015179201,46.4415543162372
30.7237005081615,46.4986696924592
30.6405078114613,46.4431088188378
30.7019921947707,46.3722242199279
30.7288367574303,46.4805770094134
30.7552788334181,46.4357303290635
30.7048459551076,46.5137361331738
30.7487481625834,46.4447154980303
30.705256231844,46.4691197495054
30.6562645154871,46.3500149836991
30.700371861331,46.3822871053968
30.6548155634689,46.3499879958067
30.7329031711587,46.3851532195666
30.7294443824702,46.4702892248414
30.6913172095615,46.4797169952432
30.7569095536106,46.4387313826952
30.7341391947441,46.4328480221582
30.7285303482221,46.4229362688866
30.7253104548484,46.4130227164222
30.6237383990358,46.4434398703175
30.7683687386577,46.4364572029647
30.7236485743974,46.4781462999072
30.7361827883612,46.4827504343457
30.7401764948199,46.4564786207186
30.6335642672021,46.4450393527388
30.6846307374345,46.4456366847566
30.7023791013132,46.3828826382218
30.7090915403222,46.4446921085236
30.7345832284271,46.4778728225978
30.7054587735239,46.4325547537278
30.6371113432897,46.4402049216186
30.7156897250502,46.4687293246624
30.7063935812776,46.5563770031206
30.6923351113377,46.4828511891439
30.7669821071564,46.5550491988159
30.7636687330073,46.433486735611
30.724100398145,46.3939188870089
30.6388095773755,46.4382743877177
30.7237472485492,46.4150234188433
30.6546753423058,46.365374692844
30.727348855089,46.4218369620707
30.7180994517041,46.5009240810686
30.730026040628,46.4312881219791
30.7385951117033,46.4685440078014
30.7217477986316,46.477962782239
30.7043292141549,46.3843147957103
30.6452052204235,46.4512051865492
30.7210285159989,46.4151619566908
30.7296754877204,46.4713651421507
30.7411866065315,46.4608632536325
30.715915636924,46.4176934209952
30.6991306443692,46.4807191456466
30.7248274708423,46.5534389212377
30.7023141841081,46.433589289602
30.6435926770484,46.4405125835917
30.7150769066339,46.420221286914
30.6351066999957,46.4437979096897
30.6549116409324,46.4748159939885
30.7283979171237,46.4229344696938
30.731472395958,46.4936589404423
30.7091278939571,46.3900992006419
30.7038410367724,46.5597037106536
30.7233291817482,46.479483100176
30.7414436786638,46.4668329754251
30.7317684184133,46.4533678163246
30.7058430833782,46.5132269616043
30.7747072545652,46.5584172877838
30.7122387264262,46.44219302969
30.7950886602834,46.5705006667949
30.6362570328703,46.3719939232463
30.6418191390047,46.4369123987493
30.7094576733591,46.4051962276344
30.7086890536505,46.4400519902285
30.7384704706695,46.454267412737
30.6107783282064,46.5119693258198
30.7195587904751,46.3989224422545
30.6437328982115,46.4466604254739
30.7412982641243,46.4322470917547
30.7523471724351,46.4687689069045
30.7096628117272,46.4020530377696
30.6950486505115,46.3625373657594
30.6155770080086,46.4663777796404
30.706728554056,46.4215832758824
30.705409436448,46.4731571382041
30.7380757740624,46.4827396391888
30.6957939000263,46.404030350684
30.693721742839,46.3788272575948
30.6169818163273,46.4897043146134
30.7358478155828,46.4499871330069
30.6369321718035,46.4400286007218
30.610962693069,46.4653594365016
30.7685427167674,46.5565047458111
30.7230331592929,46.3986255754384
30.7110909902398,46.4878205597259
30.7177281252908,46.5010428277951
30.7057470059146,46.408988926109
30.7059131939597,46.4696307202676
30.7459852863337,46.4368692181215
30.8080721013066,46.5762994652691
30.7653046465762,46.4426536230531
30.750062086815,46.442049094264
30.6876039454288,46.459112639014
30.7076270081748,46.4343107659247
30.707172587739,46.3964503513133
30.7237238783553,46.3915997274577
30.7449518044282,46.4422038248469
30.6971363878281,46.4308131350734
30.8067036466227,46.5748906972873
30.723440839341,46.4702244538998
30.7267178598553,46.4217470024294
30.6317024417594,46.3828952325715
30.7098991103538,46.3629331881808
30.7326538890911,46.4852369188295
30.7146250828863,46.4741287023295
30.8089030415321,46.5841745322631
30.7409113575818,46.4392855340852
30.6616578368881,46.447603202514
30.6327437137295,46.5022608813374
30.7381640614613,46.4688318786534
30.6742959183801,46.5333113511071
30.7067882778847,46.4761312039434
30.7568264595881,46.4562861070863
30.7041578327334,46.4030605857515
30.7210129358697,46.4114340291579
30.6920936193346,46.4803305199964
30.7054302099537,46.465037380986
30.7322306289137,46.4370257478973
30.6884972061712,46.3928141826145
30.720509178358,46.4112253227902
30.7267983571896,46.4676767968599
30.804296516657,46.5729061876016
30.72188022973,46.4118262531937
30.7135578440342,46.4141688022515
30.7146224861981,46.4178931313988
30.6365400718846,46.4419087572237
30.6391705170359,46.4446453295101
30.6466775426355,46.4353848840411
30.732272175925,46.4617286653812
30.6832051556102,46.3795199468323
30.6595259558721,46.4921080362273
30.7522303214658,46.4663112095059
30.6980841790227,46.3833090469212
30.7051991047035,46.4327508657456
30.7918376066512,46.5747107780049
30.6389887488616,46.4534469808089
30.6932387588329,46.3377103039705
30.6900162687709,46.39417437239
30.7054328066419,46.5139826225907
30.6543014192044,46.3494788242373
30.7527159021601,46.4673691348869
30.7076633618097,46.4793931405347
30.6324866415972,46.4773150728221
30.6975648413818,46.4719102975765
30.7149159119652,46.3802738086259
30.7274657060582,46.477757674257
30.726980125364,46.4158294572288
30.6116560088196,46.5026459086019
30.6414789728499,46.4366191303189
30.7298468691419,46.489400251026
30.747182359596,46.465273075246
30.6114560638278,46.5047347714715
30.6371606803655,46.4443862457434
30.7238666962066,46.4559982362344
30.7537130304307,46.5575302857212
30.7153106085723,46.4724104731818
30.7334926193812,46.4730527850203
30.7651774088542,46.4330081503196
30.7483768361702,46.4323838304094
30.752295238671,46.4274360501413
30.7610304977914,46.4403776441298
30.7103587241661,46.4876982146138
30.714913315277,46.3913226517627
30.7803940017333,46.5753243027581
30.6441483683242,46.4372794340856
30.7355621798803,46.4933296881553
30.6549194309971,46.5368053835728
30.7691555351837,46.4391667873587
30.7598853582931,46.4341920191983
30.7041889929918,46.4429504898692
30.7052770053496,46.4042066715808
30.7406620755142,46.4614677824216
30.7308725609827,46.3872546767859
30.713656518186,46.4735619565897
30.7416929607314,46.4583641747989
30.6435329532197,46.4542098385666
30.6333773056514,46.4429738793759
30.6877519566565,46.4811167672609
30.731269854278,46.4694867848416
30.6945526830644,46.3771755985816
30.7476705369785,46.4662374426001
30.733731514696,46.3927278213589
30.6797463669216,46.4884934578424
30.7570134211388,46.4656473073536
30.7103379506604,46.4123858021622
30.8048366278036,46.5785952353135
30.8137198981517,46.5814145704699
30.7255623336042,46.4884196909366
30.7034229699715,46.4800048660952
30.7066376699688,46.4700247434962
30.7031996547859,46.4862768522823
30.7027270575326,46.4238844435052
30.6323749840044,46.4695875396398
30.6464646142028,46.4367054915745
30.712882705101,46.4192065421609
30.7127762408846,46.5573719567527
30.7044019214246,46.3833108461141
30.7967531374226,46.5699591097547
30.6399910705086,46.4549079253826
30.7514123646814,46.450478312648
30.7464552868987,46.4653702316585
30.7230902864334,46.5235273405261
30.6378280292341,46.3947627084437
30.6481446714712,46.448589160182
30.7381536747085,46.468774304483
30.724087414704,46.4325331634139
30.7095875077693,46.4126214964222
30.7294599625994,46.4710754721059
30.7149366854708,46.3937605580403
30.7068220348314,46.5126764086
30.7991732508293,46.5714614357634
30.8080746979948,46.5760781645517
30.6812420593275,46.4674177130931
30.7463877730054,46.4735241735404
30.7054509834593,46.5135274268061
30.7450167216334,46.4491631026931
30.706385791213,46.5127195892278
30.6801748204754,46.3440020812787
30.686921016431,46.4655933315688
30.7053003755434,46.4041347038678
30.7301688584792,46.4764424643021
30.6917846134383,46.4271625728319
30.6440912411837,46.4374359638613
30.7314048820647,46.4864801610715
30.7314749926462,46.4775795541674
30.6472773776108,46.4423891417079
30.6226581767426,46.4443718522008
30.7967505407344,46.5700670613242
30.6854954346067,46.4584487368617
30.7356296937736,46.4816151436733
30.7093460157663,46.4452840429629
30.7327136129198,46.4516621815267
30.7040409817642,46.4859260096814
30.7155650840164,46.4830167148838
30.739911632623,46.4580385208977
30.656898107409,46.445170693815
30.735990633434,46.4784827489654
30.703708605674,46.4933494792764
30.721612770845,46.4973508841187
30.6935763282995,46.4832991881573
30.7087695509848,46.4761941756923
30.6265376289204,46.4341524369561
30.7182059159205,46.4631626220626
30.7269957054932,46.5054742397225
30.7601787840602,46.5528038061706
30.7408672138824,46.4681355910302
30.7356634507203,46.4816961073504
30.642343670022,46.445170693815
30.7433210842357,46.4545822714813
30.6366673096067,46.442151648255
30.7400284835923,46.477018206006
30.6437251081469,46.3991815260213
30.7232512811021,46.4161119305023
30.6492638440874,46.4433229227839
30.6409752153382,46.533980650838
30.6448001370636,46.4365579577628
30.7030724170639,46.4003707924784
30.703404793154,46.3771252211825
30.7011690446099,46.4786464755125
30.7113844160069,46.482059544301
30.7517577242126,46.4045988956166
30.7039656778063,46.5129067052815
30.7315632800451,46.4700715225096
30.612320761,46.4983674280646
30.706741537497,46.4938208677965
30.6186852437896,46.4686735496848
30.6341303452307,46.4447946625146
30.6332163109827,46.446658626281
30.6791049849351,46.4598718983861
30.7275150431341,46.4670848624205
30.7142589498494,46.3936975862914
30.7023842946896,46.4430620398243
30.7280992979802,46.4950892987379
30.6232138680184,46.4441811377613
30.6574122516735,46.3501301320398
30.7307141630022,46.4279344265538
30.7022051232035,46.4565703795526
30.7296417307737,46.4688228826893
30.6744361395431,46.4464481207205
30.7313763184944,46.4759117024188
30.6947058876685,46.4400429942644
30.7230305626047,46.4098543378578
30.7060378349936,46.4546884238579
30.7123815442775,46.4147661342693
30.8080409410481,46.5767780505605
30.7086604900802,46.4054751025223
30.728997752099,46.4622144474439
30.7246976364321,46.5012137511134
30.7284368674468,46.4823833990095
30.643891296192,46.4026791568726
30.7236823313441,46.5078887564933
30.8115334866834,46.579833079977
30.7132020977501,46.3890232833327
30.7042902638318,46.3839333668314
30.616927285875,46.485837849233
30.7237732154312,46.4781516974856
30.645376601845,46.3508624035195
30.6467035095176,46.3823248884461
30.6144967857155,46.4935347961373
30.6438056054812,46.4426680165957
30.7640530428616,46.456073802333
30.6333020016935,46.4456510782992
30.7974360664204,46.57839552491
30.7391196427206,46.4653882235868
30.6785674704767,46.4955049122805
30.7344897476518,46.4628261730043
30.7082372299029,46.4346436165973
30.7028828588249,46.4458363951601
30.7569043602342,46.4386432222467
30.7381017409444,46.4648988431385
30.7537234171835,46.4033664485317
30.723085093057,46.4643482901341
30.7377330112194,46.4712877768592
30.7331212929679,46.471710587173
30.7100237513877,46.4067885132844
30.7241731054147,46.5004634877055
30.7463669994998,46.4362035167764
30.6952304186859,46.3432949984986
30.724785923831,46.437860573368
30.6551323594298,46.3503478343716
30.7717600134529,46.5572028326271
30.7250533827161,46.5534533147803
30.707629604863,46.4801326087857
30.7277383583197,46.3702505053991
30.7482392116953,46.4342064127409
30.7500594901268,46.4372632413501
30.7150769066339,46.5002745724589
30.6450130654964,46.4432545534566
30.723287634737,46.4796360315661
30.6363089666344,46.3972114098782
30.737956326405,46.4713561461865
30.7018961173072,46.3659234466556
30.8071944206934,46.5758838517266
30.7477821945713,46.4642115514794
30.7309634450699,46.4695065759627
30.7387275428017,46.485037208426
30.7625365769501,46.4506816214372
30.6433875386803,46.4547441988355
30.7616848632189,46.4143469223412
30.7123192237606,46.399338055797
30.702033741782,46.3475356959865
30.6478694225215,46.4484704134556
30.8089056382203,46.5805581546853
30.6465269347197,46.4364050263727
30.6429305215563,46.4530979374009
30.6930647807232,46.369717944323
30.7753278630461,46.5761735217714
30.7438663887587,46.4451095212589
30.7491844062018,46.438589246462
30.7458995956229,46.4445607674474
30.7384419070992,46.4685350118373
30.6679262422141,46.5147940585547
30.7351389197029,46.4923905095008
30.7263439367538,46.4904185941649
30.6992890423497,46.4956056670786
30.6843009580325,46.3327913107876
30.7596438662901,46.4345104763283
30.6908809659431,46.3466217060316
30.7433106974829,46.4724446578455
30.7521757910135,46.4662194506718
30.7529028637108,46.4239006362407
30.7294236089645,46.5139124540706
30.6908939493841,46.462367378834
30.6139255143105,46.4729484318364
30.6435822902956,46.4526985165938
30.7241393484681,46.3957306741834
30.6256807218128,46.3988072939137
30.7105716525988,46.3780643998371
30.7240718345748,46.3935698436009
30.7127450806261,46.4908881834921
30.6946955009157,46.4400915724707
30.7063416475135,46.445652877492
30.7018753438015,46.3564758851328
30.7065935262693,46.4033466574106
30.7225891256099,46.3875785314944
30.7027504277265,46.478743631925
30.7988201012334,46.5734513430275
30.7130125395112,46.4607768923769
30.7181046450805,46.4215796774967
30.7151600006564,46.3923032118522
30.7134773466998,46.3829348148137
30.7030905938813,46.4004355634201
30.7417267176781,46.4848572891435
30.8075138133426,46.5779277347755
30.7051134139927,46.3873230461133
30.7002628004264,46.504616024745
30.7381121276972,46.4825885069915
30.7351389197029,46.4511224236793
30.7467824696125,46.4652982639456
30.7070946870928,46.5577030082324
30.6406272591187,46.4517665347105
30.7980774484069,46.5768572150448
30.7429731280163,46.4780059628668
30.6362804030642,46.4455557210795
30.6863315682086,46.3505673358963
30.695448540495,46.4462969885233
30.7046953471918,46.4306620028761
30.687453337513,46.4806345835838
30.712020604617,46.4106693722074
30.6652802169336,46.360632020558
30.7071647976744,46.4334705428756
30.8108323808681,46.5817906017703
30.736865717359,46.4317793016203
30.7551022586202,46.4085499230598
30.7172425445966,46.4038684233298
30.6404117339978,46.4542368264589
30.7586856883426,46.4575653331847
30.7419526295519,46.4624735312107
30.6343276935343,46.4375924936371
30.7474783820514,46.3900182369648
30.6966274369399,46.4514624711232
30.7397220743841,46.4683622893261
30.7058456800664,46.4416784605421
30.7586753015898,46.4523080917508
30.7529210405283,46.46640296834
30.7324799109814,46.4352517437721
30.7418955024114,46.4642583304928
30.7499763961042,46.4428533334567
30.6617850746101,46.4476679734557
30.7125866826456,46.4112505114898
30.6888217921968,46.3816016129305
30.7301792452321,46.4343143643104
30.7112909352315,46.4746288779348
30.7235576903102,46.4925542360479
30.6835894654645,46.3928375721212
30.7075672843461,46.464359085291
30.7743826685396,46.5610998842856
30.7970829168245,46.5765657458072
30.7386236752735,46.4522127345311
30.6544779940023,46.3496227596633
30.6402741095229,46.4543141917504
30.6131906515485,46.4668221802681
30.7290912328743,46.4631590236769
30.6439873736555,46.4406853061028
30.7232980214898,46.5050640237584
30.7147912709314,46.4421660417976
30.7384704706695,46.4285911319348
30.7575301620915,46.4633335453809
30.7047966180317,46.4426014464612
30.7099120937949,46.4018389338234
30.6518657256684,46.3718697789414
30.622497182074,46.4414571598247
30.7031581077746,46.3814522799261
30.7439754496633,46.4451455051154
30.7329810718049,46.4481663498682
30.7997938593102,46.5815225220394
30.7114051895125,46.4168244108609
30.7079905445234,46.4681769724652
30.7262868096133,46.4370455390183
30.7124620416118,46.3981038095192
30.7471719728432,46.4726353722849
30.676490119913,46.4678459209854
30.7154248628533,46.458497315068
30.749605069691,46.4678153347074
30.7090396065581,46.3903079070096
30.7461255074967,46.4369213947134
30.6784142658726,46.4601003958748
30.6359817839206,46.3557058306038
30.7173542021894,46.4641161942597
30.6711980693519,46.3317639716847
30.6727223253281,46.3334840000252
30.7382393654193,46.4713435518368
30.6399131698625,46.4416118904076
30.7165206652757,46.4204911658377
30.7530768418206,46.4701488878011
30.7520485532915,46.3988414785774
30.723871889583,46.3939980514931
30.7040929155283,46.3851622155307
30.7564213762281,46.4353237114851
30.7592283961773,46.4446381327388
30.7097069554267,46.4796936057365
30.7492441300305,46.4259984950743
30.6437095280176,46.443373300183
30.7099614308708,46.3893741259335
30.7564421497338,46.4400771789281
30.7077256823266,46.372202629614
30.706957062618,46.5010104423242
30.7040877221519,46.3848347624366
30.7400414670333,46.4712014156036
30.7567927026414,46.4337314258351
30.6607593827693,46.3413878541043
30.7126827601092,46.4727325286975
30.7336951610611,46.4646595504928
30.7275410100162,46.4315400089746
30.7157702223845,46.4056226363339
30.6906940043923,46.4603486844846
30.6156860689132,46.4826154948839
30.6397781420758,46.4420472950712
30.7645516069969,46.4767123432258
30.7408931807644,46.4710286930924
30.626329893864,46.4323712360596
30.6425046646907,46.5349396206135
30.7387898633186,46.4523530715714
30.6918651107726,46.4829411487852
30.7179826007349,46.4919802935367
30.7570731449675,46.4523746618853
30.7456944572548,46.4377634169554
30.8144703410428,46.5942014338755
30.7067778911319,46.4630816583855
30.8088147541331,46.5921449564768
30.7063909845894,46.4652442881608
30.6902629541504,46.4346903956107
30.72736183853,46.4714047243928
30.6678223746859,46.491330784927
30.6464983711494,46.4434254767749
30.6922572106915,46.3544122109628
30.6476071570128,46.4966240102175
30.7042019764329,46.3872690703285
30.6788219459207,46.4770397963199
30.6609515376964,46.3770766429763
30.7964778884729,46.5692322358535
30.7345910184917,46.4331646800953
30.7399090359348,46.437891159646
30.8059428169788,46.5790180456274
30.7490441850388,46.4622288409865
30.6977777698146,46.4679790612545
30.7451906997431,46.4491936889711
30.7311166496739,46.4737724621502
30.8018114860452,46.6000847944125
30.780300520958,46.575356688229
30.6138164534059,46.4685206182947
30.7700643760553,46.5704502893958
30.7540869535322,46.403783861267
30.7272657610665,46.4220744555235
30.6432473175172,46.4528532471767
30.6410790828663,46.4977970839392
30.7230357559811,46.4170241212644
30.7083359040547,46.4226016190212
30.629121333684,46.5072590390046
30.6878999678842,46.4591918034983
30.7222593462079,46.4246311085275
30.6370230558907,46.4403488570446
30.727208633926,46.467901695963
30.7416072700207,46.4626012739012
30.7130878434691,46.4202194877212
30.7509397674281,46.4412646461924
30.7033580527664,46.3816357975942
30.7227760871606,46.5037578097676
30.7107144704501,46.4068964648538
30.7394961625103,46.4711060583839
30.7469746245397,46.4744759465447
30.704139655916,46.3897159725702
30.7053549059957,46.4012110155276
30.7214439861117,46.4110975800997
30.703809876514,46.3594859347286
30.7161207752922,46.4753467558718
30.7134202195593,46.4336900444002
30.6841711236223,46.3457526958972
30.658115954177,46.3512870130262
30.7494648485279,46.4456726686131
30.7472732436832,46.3904176577719
30.6648154097449,46.4843535151526
30.6345302352142,46.4437835161471
30.7287796302898,46.3809611002849
30.6331929407889,46.4853232800851
30.7958936336268,46.5774941293048
30.6981205326576,46.4301924135488
30.6998681038193,46.3789100204647
30.7189070217357,46.4045611125673
30.7028439085018,46.4772089204455
30.7481742944902,46.43274726736
30.7096446349098,46.4644940247529
30.7193614421715,46.5081982176591
30.7466422484495,46.4706202763212
30.6450857727661,46.4381304522917
30.8097365784457,46.5790324391699
30.7493531909351,46.4590118842158
30.6374904597675,46.365970225669
30.7214128258532,46.4226987754337
30.714697790156,46.4185210496946
30.7217452019434,46.4645497997305
30.7206649796503,46.4168244108609
30.6924831225653,46.5067570642065
30.7188239277132,46.4221428248509
30.7071959579328,46.4331502865527
30.7140564081695,46.391124740552
30.7242302325552,46.4263997150742
30.6184982822388,46.5182557055495
30.6559892665374,46.349615562892
30.6784765863895,46.4902188837613
30.7409606946577,46.4845730166772
30.69612108274,46.4287008826971
30.6406402425598,46.4457086524696
30.7947484941286,46.566074652446
30.7412073800372,46.4237962830568
30.6403649936101,46.4523620675355
30.7327655466839,46.4477525355185
30.7072582784497,46.4062937352575
30.6799722787954,46.4875686727304
30.6421567084713,46.4686789472633
30.6548778839858,46.3497433055825
30.7173230419309,46.4728530746167
30.708302147108,46.4312701300509
30.6383499635633,46.4542026417953
30.6928025152145,46.4754655025983
30.6322451495942,46.4117021088888
30.6723146452799,46.5397326702987
30.7047446842676,46.3645200762523
30.7234953697933,46.4788713746156
30.6356987449063,46.4438159016179
30.7415371594391,46.4622792183856
30.7275488000808,46.4734090251996
30.7490234115331,46.4716853984735
30.6658203280801,46.3335739596664
30.7397869915892,46.4623763747981
30.6548077734043,46.3488437091701
30.7488935771229,46.3887624003731
30.7103093870902,46.5579980758557
30.6546208118535,46.3495238040579
30.7231266400683,46.471597238025
30.7298494658301,46.435960625745
30.746242358466,46.3870891510461
30.7030854005049,46.4863686111163
30.6943034009968,46.4874283356901
30.7067467308734,46.4639002911207
30.6464100837505,46.4382491990181
30.655324514357,46.5294160986415
30.7455023023276,46.437633875072
30.7113117087372,46.4166732786636
30.631266198141,46.4088773761539
30.714482265035,46.4954743260024
30.7367566564544,46.3908314721216
30.8112919946803,46.5954410777318
30.7433885981291,46.4709477294153
30.702820538308,46.4863398240311
30.7250040456402,46.4982108982889
30.7358400255182,46.4471192196442
30.7486598751845,46.4575779275345
30.6152705988005,46.4847727270808
30.6225906628493,46.4442621014385
30.6529251744559,46.3498350644166
30.7228669712478,46.4168891818026
30.7497375007894,46.4622090498654
30.7484729136337,46.4324216134587
30.702503742347,46.4328156366873
30.6235098904738,46.4132476155253
30.7310569258452,46.4737976508497
30.7640192859149,46.5741188435655
30.6996369985691,46.4752028204459
30.7066844103565,46.3966554592953
30.8119333766669,46.5830968157611
30.6504842875435,46.3649806696154
30.7264062572707,46.3678197958929
30.7058300999372,46.4662338442144
30.7046486068041,46.3850164809119
30.7241029948332,46.5110193520084
30.6418892495862,46.444594952111
30.7174944233524,46.3885554931982
30.7048407617312,46.5138890645639
30.7145030385407,46.4630636664572
30.6400274241435,46.4405233787486
30.6464516307617,46.4809368479784
30.6942592572973,46.4880202701295
30.6407804637228,46.4392027712152
30.6334110625981,46.4529863874457
30.7152145311087,46.4691071551556
30.6763317219325,46.4889756415194
30.6452779276932,46.4432743445777
30.7440948973207,46.4723582965899
30.7150743099457,46.4000541345413
30.7076192181102,46.3967939971428
30.6549453978791,46.4732776841234
30.6415594701842,46.4123786053909
30.7297170347316,46.4529611987462
30.7421369944144,46.4710574801776
30.6992994291025,46.36432756262
30.6938931242605,46.4483372731865
30.6382772562935,46.4442279167748
30.6231463541251,46.4422829893312
30.7059261774008,46.3885446980413
30.70863192651,46.4311064035038
30.7445181574981,46.4806795634044
30.6930803608524,46.5505710078751
30.6409128948212,46.4504441279843
30.7043993247364,46.5138620766715
30.7436067199382,46.4738390322847
30.7115973444397,46.4220924474518
30.7261362016974,46.4221554192006
30.7482106481251,46.4453578098687
30.7673352567522,46.5587591344205
30.7241834921676,46.4750948688764
30.7204987916052,46.4117506870951
30.7098705467836,46.4686753488776
30.7995679474364,46.5706482006066
30.8006741366116,46.5716755397095
30.7055808178695,46.387839414454
30.6998966673896,46.4781085168579
30.6460127904552,46.4423243707662
30.7137655790906,46.4888496980217
30.7599243086162,46.4764838457371
30.7104989453291,46.4488572399129
30.6381370351305,46.44449239812
30.6440081471612,46.4390750285247
30.718073484822,46.4029778228815
30.7303739968474,46.468876858474
30.7122646933083,46.3811824010024
30.7129372355533,46.4155883653903
30.7544426998162,46.4638013355154
30.6261403356251,46.3974758912234
30.7122387264262,46.4098687314004
30.7472524701776,46.4346706044897
30.7263776937005,46.3920405296998
30.6869885303243,46.4657534597302
30.7033139090669,46.4246922810836
30.7064377249771,46.4624267521972
30.7214803397465,46.4056766121187
30.6465892552366,46.4377454250272
30.7404387603286,46.4693140623304
30.7988071177924,46.577512121233
30.7278084689012,46.4627110246636
30.7359932301222,46.4913901582902
30.7027660078557,46.4034672033299
30.6227412707652,46.4471911873572
30.6142838572827,46.5192308680606
30.7221606720561,46.4286882883473
30.8142158655987,46.5918390936966
30.7243548735891,46.4749275439437
30.7688101756525,46.5564615651833
30.704952419324,46.4212198389318
30.7068480017134,46.4750049092351
30.7074841903235,46.4339437305885
30.6547402595109,46.3505583399321
30.7411580429613,46.4639758572194
30.7574938084566,46.4582274361442
30.7414982091161,46.4660863104028
30.6889360464778,46.356330150514
30.7677481301768,46.4347929496017
30.6811044348526,46.3263681924032
30.6909277063308,46.4621604716592
30.7671145382548,46.4343215610817
30.7247547635726,46.4231359792901
30.6817016731397,46.3356052483656
30.7273748219711,46.4734576034058
30.7406646722024,46.4762265611632
30.6547428561991,46.4748915600872
30.726536091681,46.4209877430574
30.7249209516177,46.4702748312988
30.7641543137015,46.477727087979
30.7236875247205,46.4780545410731
30.6564644604788,46.350067160291
30.7066506534098,46.5125900473444
30.6437432849643,46.4511692026927
30.6816315625582,46.4518007193742
30.7368501372298,46.4544671231405
30.7244613378055,46.4295411057463
30.7118076761843,46.4171194784841
30.7284680277052,46.4687059351557
30.7287095197082,46.3875569411805
30.700447165289,46.5569221585465
30.8120865812709,46.5816160800663
30.7334380889289,46.5576958114611
30.7065623660109,46.5126422239363
30.7278967563002,46.3865817786695
30.7391923499904,46.4584091546196
30.7288185806128,46.5076728533543
30.7619782889861,46.4308527173155
30.706424741536,46.4596128146193
30.6832960396973,46.4514156921097
30.6383291900576,46.4542548183872
30.756546017262,46.4529432068179
30.6342809531466,46.4440012184789
30.7668366926169,46.5554989970221
30.7047342975148,46.4682525385638
30.7334640558109,46.4518007193742
30.7466837954607,46.3963028175017
30.6706735383346,46.4609424181168
30.6442756060463,46.4368710173144
30.7209246484707,46.4077582782169
30.7134228162475,46.415057603507
30.7274605126818,46.5590344109227
30.6573083841453,46.5205460780155
30.6445170980493,46.4381052635921
30.747169376155,46.3906749423458
30.7013819730426,46.367449162171
30.6452000270471,46.4368764148928
30.6545117509489,46.3494392419951
30.6378591894926,46.3946745479953
30.7059833045413,46.452819062513
30.7214647596173,46.3987911011783
30.6837270899393,46.392592881897
30.7107793876552,46.3894694831532
30.649640363877,46.3628342325755
30.7402180418312,46.4766331787416
30.7023245708609,46.4783388135394
30.7063286640725,46.4664713376673
30.7333965419176,46.45163879202
30.6907381480918,46.4947024722806
30.7133994460537,46.4160381635965
30.7051160106809,46.5141841321871
30.7163934275536,46.4202086925642
30.7412203634782,46.4361513401844
30.7219139866767,46.3848239672797
30.7453594844764,46.4382024200047
30.7067051838621,46.4622666240358
30.7115116537289,46.4805626158708
30.6417048847237,46.4448594334563
30.7060923654458,46.4225080609943
30.7211531570327,46.3987659124788
30.683545321765,46.4738246387421
30.7075127538938,46.4316011815306
30.7064688852355,46.4637365645737
30.7071881678682,46.4013459549895
30.6971727414629,46.3434407331174
30.7036436884689,46.3815926169664
30.6487315230054,46.4956074662715
30.7051731378214,46.4658973951562
30.7211635437856,46.3899858514939
30.6944410254716,46.4512159817062
30.7418124083888,46.4849130641211
30.7099354639887,46.4053293679035
30.7126412130979,46.394307512659
30.8066646962997,46.5903547596162
30.724100398145,46.4996412565846
30.7604877899566,46.5939747355796
30.7418383752709,46.4666512569498
30.7976412047885,46.5758946468836
30.7556034194437,46.4093325719386
30.7284005138119,46.4802819417902
30.7061105422633,46.4450537462814
30.6996292085045,46.4915700775727
30.7947147371819,46.5707687465258
30.7248196807777,46.431525615432
30.7210726596984,46.452049007984
30.8006741366116,46.571403861593
30.7318826726943,46.4617970347086
30.7434561120224,46.454472520719
30.813369345244,46.5794660446407
30.6540573305131,46.4932667164065
30.7113844160069,46.4475366323795
30.6865730602116,46.4808324947945
30.7407451695367,46.431423061441
30.638066924549,46.4443142780304
30.6824443259662,46.450724802065
30.7417059441724,46.4702604377562
30.6355974740664,46.4384992868208
30.6991306443692,46.3475860733856
30.7068947421011,46.5126332279722
30.7103353539722,46.4757641686072
30.7235343201164,46.4117236992027
30.6669706609548,46.3338492361686
30.7044902088236,46.5123921361337
30.7210986265804,46.4237656967788
30.641429635774,46.4443610570438
30.7270995730214,46.388260425575
30.7089643026002,46.4020062587561
30.7119323172181,46.4058403386657
30.6667421523928,46.51886743111
30.6800787430118,46.3890682631533
30.7505217006272,46.441412180004
30.6237306089712,46.5213053373875
30.7222177991966,46.4626840367712
30.7494960087864,46.4372434502291
30.6461400281772,46.3639155474632
30.7604436462571,46.4577632443955
30.6398404625927,46.450735597222
30.6510633490132,46.3680590885386
30.7258817262534,46.4276573508588
30.6386459860186,46.444245908703
30.6404766512029,46.4451023244876
30.645693397806,46.5342307386406
30.6489496448146,46.4426896069096
30.8043536437975,46.5795739962102
30.6655061288074,46.5329101311072
30.7061442992099,46.4756598154234
30.6411024530602,46.4417792153403
30.7053938563188,46.4041778844956
30.7644711096625,46.4766619658267
30.740456937146,46.4610449721078
30.7139655240823,46.4152033381258
30.7352349971665,46.4649402245734
30.7201742055796,46.504524265911
30.8148806177791,46.5823735402455
30.7991161236888,46.5991060335158
30.7025063390352,46.4413636017978
30.7170633731104,46.4901109321918
30.7410983191326,46.4681319926446
30.7557592207359,46.4565271989249
30.698582743158,46.3430970872879
30.7140797783633,46.4161587095157
30.6406506293126,46.4369303906776
30.7438040682418,46.3908566608211
30.6562047916584,46.3499682046856
30.729340514942,46.3879977434226
30.7039968380647,46.5145277780166
30.6413023980519,46.4441937321111
30.7209272451589,46.4116499322969
30.6549895415786,46.5366146691334
30.644348313316,46.4393503050269
30.7378005251127,46.3918911966953
30.8041147484827,46.5756661493948
30.7149652490411,46.4202428772279
30.7457178274486,46.4247066746261
30.7064714819237,46.4932217365858
30.6456440607301,46.4370833220677
30.6409336683269,46.444143354712
30.6959548946949,46.4328534197367
30.8090458593833,46.5795236188111
30.7084215947654,46.3988090931065
30.7110338630993,46.4095520734632
30.7416332369027,46.4681823700436
30.7261128315036,46.4219377168688
30.6421800786651,46.4368962060139
30.6426370957891,46.4506060553386
30.7297144380434,46.4719588757828
30.7307349365079,46.3872186929294
30.7212648146255,46.4075909532842
30.6890191405004,46.3383706077372
30.7193951991182,46.4956092654643
30.7166245328039,46.462450141704
30.7562266246128,46.4666314658287
30.7623236485173,46.4502714054732
30.7303324498361,46.4808396915658
30.6831584152225,46.4591072414356
30.6938256103671,46.477962782239
30.7203871340124,46.4971439769438
30.715687128362,46.4201619135508
30.6904291421955,46.4603792707627
30.7453205341533,46.4451796897791
30.7312127271375,46.3909322269198
30.7479665594338,46.4331412905886
30.7435288192921,46.4709351350655
30.7072686652026,46.4475996041284
30.7326331155854,46.4478424951597
30.6880687526175,46.4793103776648
30.7118699967012,46.3811356219889
30.7126697766682,46.4906344973038
30.7225190150284,46.416802820547
30.6991981582625,46.495746004119
30.7931645143237,46.5676165606968
30.7372162702666,46.4678693104921
30.693075167476,46.365734531409
30.6334084659098,46.4530151745309
30.7196133209274,46.4116625266466
30.7050562868522,46.39647374082
30.7078918703717,46.3884979190278
30.6254574066272,46.5228724343379
30.7359958268105,46.4799472919248
30.7284991879637,46.425077308348
30.7493298207413,46.4386792061032
30.7067675043791,46.4637203718382
30.7008522486489,46.4788659770371
30.692960913195,46.4660179410755
30.6885413498707,46.3924723359777
30.8153402315913,46.5822529943263
30.7497478875422,46.4212504252098
30.7237602319902,46.4777288871718
30.6145617029206,46.4886949674387
30.6458647792275,46.4442189208107
30.7141602756977,46.392654054453
30.7191069667275,46.4938406589176
30.8090718262654,46.582594840963
30.7071647976744,46.4044081811772
30.7061650727156,46.5127195892278
30.7171256936274,46.4131504591127
30.7122283396734,46.4470202640388
30.7132644182671,46.3817437491637
30.7204234876472,46.4115113944494
30.7234668062231,46.5032810236691
30.7504983304334,46.4318512693333
30.6646102713768,46.4860879370357
30.7227163633319,46.4866654779324
30.699813573367,46.4657858452011
30.7063234706961,46.3897609523908
30.7567719291358,46.4563346852926
30.6426059355307,46.4514048969528
30.7344326205113,46.4831930357806
30.7022700404086,46.3498800442372
30.6974869407357,46.4335874904092
30.7260349308575,46.4939270201731
30.7481223607261,46.4328714116649
30.7189303919296,46.4871404648381
30.6776845964871,46.3393313767056
30.7075361240876,46.4704709433167
30.7967427506697,46.6004554281344
30.6340758147784,46.4422092224254
30.675171002305,46.4622810175784
30.7669042065103,46.5555799606992
30.6574615887494,46.3500023893493
30.761710830101,46.4149676438657
30.7596464629783,46.4819515927315
30.658217225017,46.4346418174045
30.7141966293325,46.3887300149022
30.6429824553203,46.4504621199126
30.799791262622,46.5720461734314
30.6146837472662,46.4878943266317
30.6456362706655,46.4449979713038
30.7501114238909,46.4376428710362
30.7100341381405,46.4072095244054
30.6663630359149,46.3325646124917
30.8087420468634,46.5777118316366
30.6420606310077,46.4523044933651
30.6428162672752,46.3900146385791
30.6426968196178,46.4540299192841
30.7802459905057,46.5753530898433
30.7261232182564,46.3870045889833
30.7545725342264,46.463558444484
30.6372281942589,46.4437241427839
30.8003573406506,46.5698331662569
30.7231915572734,46.3936454096995
30.7960624183601,46.5703783216829
30.7319683634051,46.4695119735411
30.6448079271282,46.4380117055652
30.7298183055716,46.4916294509359
30.7506281648436,46.4413240195556
30.704952419324,46.5145943481512
30.711638891451,46.444370053008
30.7094836402411,46.4033196695182
30.7185564688281,46.486197687798
30.6846722844458,46.3395652717728
30.6139384977515,46.4931029898594
30.633727858559,46.4443196756089
30.7116077311925,46.4776497226875
30.6564618637906,46.5211614019615
30.7381121276972,46.4521767506746
30.6373034982168,46.3954176146319
30.7159104435476,46.4896485396359
30.6185216524327,46.4862354708473
30.6812342692629,46.3486278060312
30.7136772916916,46.4783406127322
30.6463867135566,46.4401725361478
30.7160948084101,46.4823024353324
30.7083177272372,46.3885105133776
30.6104355653634,46.5173381172089
30.691971574989,46.4883153377527
30.8116217740823,46.5800399871518
30.8080045874133,46.576393023296
30.6356597945833,46.4384669013499
30.7056665085803,46.4699617717473
30.6239539241568,46.5092543438473
30.6424838911851,46.4451527018867
30.6425877587132,46.4473837009894
30.7063156806314,46.512214016044
30.637204824065,46.4184652747171
30.7199327135766,46.4045449198319
30.7216906714911,46.4159266136413
30.6154497702866,46.4961778103969
30.6555608129836,46.3505853278245
30.7311607933734,46.4740477386524
30.6854253240251,46.3503226456721
30.7051341874983,46.3876882822567
30.6370542161492,46.3594751395716
30.6319101768158,46.4056694153474
30.6809875838834,46.3265822963494
30.7197145917674,46.4116643258395
30.7649904473034,46.4329361826066
30.7123737542129,46.3821575635134
30.722957855335,46.5532769938835
30.7451024123441,46.446381550586
30.72776692189,46.5591477600707
30.6882323439744,46.3618266845936
30.7241263650271,46.4999273282437
30.7948056212691,46.5748745045519
30.7108702717424,46.4301384377641
30.7093745793365,46.4881210249276
30.7047914246553,46.450190441796
30.6155302676209,46.489277905914
30.628677300001,46.5060571781977
30.7418487620237,46.4623421901345
30.67480227258,46.5051539833996
30.7183045900723,46.4474898533661
30.7008626354017,46.3644571045034
30.659157226147,46.4467485859223
30.6692635366395,46.4908414044787
30.7652059724244,46.4306512077192
30.7263413400656,46.367839587014
30.7319034461999,46.4564804199114
30.646848924057,46.4357573169558
30.7221087382921,46.4238088774066
30.7395610797154,46.4796630194584
30.7527444657304,46.4701794740791
30.7139655240823,46.4195933686182
30.6191136973433,46.4304802844008
30.6156782788486,46.4886877706674
30.745697053943,46.4555844218847
30.7052744086614,46.5134140776581
30.720179398956,46.4120511522968
30.7027971681142,46.3721090715871
30.7094005462186,46.4452696494203
30.7504126397226,46.4637041791028
30.6368412877164,46.4398234927398
30.7043915346718,46.4022275594736
30.6933633998667,46.4293359977643
30.7278578059771,46.3877188685347
30.748083410403,46.4623134030493
30.7265542684984,46.5536134429417
30.6858745510845,46.4819048137181
30.6709747541663,46.5368521625863
30.8098274625329,46.5772368447308
30.7319138329528,46.4532238808986
30.6432395274526,46.4373028235923
30.7128904951656,46.4607463060989
30.7715496817083,46.557091282672
30.6403546068573,46.4541162805397
30.6117546829714,46.5006002263602
30.7464864471572,46.4685619997297
30.6446339490185,46.4451185172231
30.6448858277743,46.3866771358892
30.7302078088023,46.4599042838569
30.6688844201616,46.542235347518
30.6437874286638,46.525920266983
30.7639517720216,46.5586026046448
30.6207548042886,46.4573998074449
30.7224826613935,46.5532086245562
30.6907796951031,46.4796630194584
30.7493947379464,46.4592187913907
30.6900448323412,46.4296292661947
30.7033398759489,46.4585297005388
30.7391014659032,46.482665872283
30.7411138992618,46.469297869595
30.8087004998521,46.5842033193483
30.7405997549973,46.484995826991
30.7636245893078,46.4174757186634
30.7561617074077,46.4090626930149
30.7423706963528,46.4451203164159
30.6410686961135,46.4428749237706
30.6542546788167,46.3500095861206
30.6944488155363,46.4744237699527
30.6423618468394,46.4443214748017
30.7248949847356,46.3947914955289
30.7313789151826,46.4701938676217
30.7216906714911,46.416165906287
30.6368205142107,46.44417394099
30.712539942258,46.4739199959618
30.7468447901294,46.4456708694202
30.7544712633864,46.4342369990189
30.706640266657,46.4637725484302
30.703023079988,46.3655456161624
30.6936853892041,46.4580924966824
30.6382564827879,46.4721513894151
30.6485030144434,46.4484326304063
30.6837842170798,46.3928717567848
30.7249027748002,46.4230064374067
30.6322373595296,46.4042246635091
30.7417371044309,46.4635746372194
30.7268658710829,46.4246724899625
30.6860095788712,46.484308535332
30.7636349760606,46.4334507517545
30.6444366007149,46.4529773914816
30.7975892710244,46.5744193087673
30.712020604617,46.4096222419834
30.8038031458981,46.5736060736105
30.606522356239,46.5158969637563
30.6973363328198,46.4054499138227
30.7049368391948,46.3859538603736
30.7299689134875,46.4241003466442
30.6460024037023,46.4441775393757
30.6529277711441,46.3492071461207
30.7438430185649,46.4786644674407
30.7463436293059,46.428229494177
30.7296780844086,46.4588013786554
30.776304217811,46.5617314009671
30.7157416588143,46.4687833004471
30.7245963655921,46.423866451577
30.645020855561,46.4382168135473
30.7565953543378,46.4391631889731
30.6853422300026,46.3758136096133
30.7434145650111,46.4545984642167
30.7479353991754,46.3913658323905
30.6888607425199,46.3400006764364
30.7324539440993,46.4743625973967
30.7141992260207,46.4163692150762
30.7233058115544,46.3899282773235
30.6897695833915,46.3371381606522
30.719849619554,46.4117057072744
30.7340431172806,46.4327580625169
30.7305921186566,46.4697512661868
30.7230954798098,46.5532787930763
30.7196237076802,46.4781480991
30.6444833411026,46.4382240103186
30.7022544602794,46.5137073460886
30.7561175637082,46.4683460965907
30.7461748445726,46.4479414507651
30.7822350536704,46.5719382218619
30.7071050738457,46.3969109446764
30.7263231632482,46.4365651545341
30.7105327022758,46.4796828105795
30.7155027634995,46.4791592454675
30.6324269177685,46.4033646493388
30.7152275145498,46.3653279138306
30.6174959605918,46.4864459764078
30.7163207202839,46.4929320665411
30.7057625860439,46.4661276918378
30.6412998013637,46.452921616504
30.7487533559598,46.3894964710456
30.7675975222609,46.4333985751626
30.7388781507176,46.4241525232361
30.7008470552725,46.4801164160503
30.8101520485585,46.5826056361199
30.7300442174454,46.4293216042217
30.7666653111954,46.5594608196222
30.7121270688334,46.4106801673643
30.646911244574,46.4481447595543
30.7039007606011,46.3889045366062
30.7094368998534,46.4208330124744
30.7455308658979,46.4644364505825
30.7217893456429,46.412500950503
30.7568498297819,46.5515047889511
30.6869573700659,46.4833171800855
30.6556724705764,46.3504323964344
30.6445872086308,46.4432257663714
30.719608127551,46.3990052051244
30.7442688754304,46.4568618487903
30.7311166496739,46.3899354740948
30.6557036308349,46.4744327659169
30.6881726201456,46.4802891385615
30.7052718119732,46.3858692983109
30.6365037182498,46.4384956884351
30.7479769461867,46.4767429295039
30.7292314540374,46.457757846817
30.7349182012055,46.4467971641285
30.6482796992578,46.4483156828726
30.7270346558163,46.4741430958721
30.7526457915786,46.4498431975809
30.708556622552,46.3556284653123
30.6521435713063,46.3509325720397
30.741332021071,46.3916303137358
30.6250653067083,46.5114205720083
30.660349106033,46.449215279285
30.6552751772811,46.3502146941026
30.7465331875449,46.4469375011689
30.7554528115278,46.4639506685198
30.6497130711468,46.3646892003778
30.6843476984202,46.4736645105807
30.664968614349,46.3293692460349
30.7467097623428,46.4357717104984
30.7044097114892,46.4017939540028
30.6820158724125,46.3809521043208
30.7088941920187,46.4174271404572
30.7943615875861,46.5742537830274
30.7053107622963,46.5124407143399
30.7501166172673,46.4684432530032
30.6615020355958,46.4473693074468
30.6401157115424,46.44306563821
30.6465295314079,46.4363294602741
30.6731975192695,46.5134392663577
30.7925854528541,46.5670893971992
30.6167195508186,46.4369789688838
30.6668304397917,46.3344969455855
30.7006471102807,46.4727361270831
30.749529765733,46.4285911319348
30.7271255399034,46.4219647047612
30.6744698964898,46.3340453481865
30.7581014334965,46.5750130423994
30.6679781759782,46.5386423594469
30.7319346064584,46.4615379509418
30.7274786894992,46.4224073061961
30.7219763071936,46.4988658044771
30.7385016309279,46.471300371209
30.7316463740677,46.380806369702
30.7186161926568,46.4922663651959
30.6494274354443,46.4422452062819
30.7027789912967,46.4430386503176
30.7066792169801,46.5128113480618
30.6353663688161,46.4384722989284
30.726092057998,46.4220204797388
30.6386122290719,46.4441613466403
30.7653851439105,46.4353542977631
30.7262945996779,46.4160003805471
30.6839581951895,46.4868453972149
30.6484406939265,46.364061282082
30.706614299775,46.4651453325555
30.7427368293897,46.4448648310348
30.7064013713422,46.3967310253939
30.7044382750595,46.3863262932884
30.7086994404033,46.4764730505801
30.7157780124491,46.4896845234924
30.7128255779605,46.3875119613599
30.7364814075047,46.4651165454703
30.7399817432046,46.4579809467273
30.7221450919269,46.3854338936473
30.7214310026706,46.4702172571285
30.7128048044548,46.3989872131962
30.7477380508718,46.4305468545353
30.7459904797101,46.4376608629644
30.6442080921529,46.4368710173144
30.7316697442615,46.4686843448418
30.7258973063826,46.4768508810733
30.7214310026706,46.4112900937319
30.717831992819,46.4213961598286
30.7649151433455,46.4764982392797
30.7057470059146,46.4679988523755
30.7421525745436,46.4451634970437
30.7241029948332,46.4696703025097
30.6846047705525,46.340549430248
30.6444443907796,46.3877692459338
30.6934646707067,46.5066113295877
30.7144017677007,46.4857604839416
30.6385317317376,46.4442944869093
30.7411320760792,46.4845766150629
30.6918703041491,46.4804978449291
30.7480184931979,46.4457590298687
30.6426916262414,46.4506546335448
30.7413709713941,46.466669248878
30.7381536747085,46.4812661002653
30.7351856600906,46.4706922440342
30.6582042415759,46.5333293430354
30.7465020272864,46.4736663097735
30.6430811294721,46.4449601882545
30.714583535875,46.4742474490559
30.7368449438534,46.4317361209925
30.6961548396867,46.4698754104917
30.7965791593128,46.569647849396
30.7114441398356,46.4882433700397
30.6255353072734,46.4645911811654
30.7511526958609,46.4154084461078
30.7116596649566,46.3894964710456
30.7715081346971,46.557800164645
30.6451844469179,46.4771171616114
30.6448027337518,46.4399530346232
30.814903987973,46.5941222693912
30.759288120006,46.4563940586558
30.6323749840044,46.4036615161549
30.631380452422,46.420160114358
30.7036151248986,46.3869416172344
30.7054146298244,46.3878412136468
30.7408827940116,46.4754709001768
30.6963547846785,46.379030566384
30.7965350156134,46.5700598645529
30.7209454219764,46.3856983749925
30.6573135775217,46.3498386628022
30.7136902751326,46.3896889846778
30.7983812609269,46.5684711772886
30.7277435516961,46.4900695507569
30.7413657780176,46.46576605408
30.7214829364347,46.4787814149743
30.7597607172593,46.434226203862
30.7056924754623,46.3884331480862
30.6236942553363,46.443353509062
30.6368464810928,46.4392441526502
30.6933426263611,46.4828331972157
30.7406023516855,46.4531303228717
30.8087861905628,46.5790864149547
30.7119504940355,46.4109104640459
30.7114545265884,46.416648089964
30.7133864626127,46.4168064189326
30.7277850987074,46.5589624432097
30.7478808687231,46.430581039199
30.6781052599763,46.3299000079182
30.626875198387,46.4814208308482
30.7149574589765,46.4173281848518
30.6985152292647,46.3827944777734
30.7018805371779,46.3678629765207
30.6105264494506,46.5084303135335
30.7081255723101,46.4153274824307
30.7301896319849,46.490170305555
30.6407986405402,46.4442998844878
30.7178709431421,46.3828952325715
30.7133241420958,46.433209659916
30.7402621855307,46.4739505822398
30.7045862862872,46.4032225131057
30.7112935319197,46.4087298423423
30.7606565746899,46.4540551079836
30.6972766089911,46.4042120691593
30.6463581499864,46.43655615857
30.6219882311859,46.5145889505727
30.7098731434718,46.4057359854819
30.7413683747058,46.4781193120148
30.7306648259263,46.429841570948
30.722628075933,46.5532212189059
30.7424537903754,46.4695101743483
30.7250637694689,46.4238394636846
30.7169361353884,46.4032261114913
30.6545065575725,46.3495310008292
30.7126178429041,46.4752154147956
30.7140797783633,46.4149802382155
30.7106599399978,46.4060868280827
30.7471382158966,46.47227553372
30.7361542247909,46.4784071828668
30.6933945601252,46.550828292449
30.7428277134769,46.4722971240339
30.7036930255448,46.5129516851022
30.7022934106025,46.4796126420594
30.6400040539496,46.466525313452
30.7560292763092,46.4571677115705
30.6552673872165,46.3819650498811
30.6121727497723,46.4998787500374
30.7054821437178,46.4491577051146
30.7132228712558,46.4920054822363
30.7922089330644,46.5786977893045
30.6236449182604,46.5093982792733
30.6117235227129,46.5029085907543
30.6719381254903,46.4676192226895
30.7237861988722,46.4943462321013
30.6951784849218,46.4296184710377
30.639183500477,46.472685749684
30.7031477210218,46.3816537895225
30.6673445840563,46.4625257078026
30.7121815992857,46.4700445346173
30.713098230222,46.3890628655748
30.6393860421569,46.4952404309352
30.7568498297819,46.4386935996458
30.7612512162888,46.4334777396469
30.6453454415866,46.4478227040387
30.7307609033899,46.50235803775
30.7600982867259,46.4574142009875
30.7307842735837,46.3872240905079
30.640110518166,46.4123786053909
30.7047187173856,46.5136065912904
30.7312646609016,46.4904455820572
30.7064688852355,46.3953672372328
30.7667172449595,46.5909017142349
30.6563476095096,46.3497846870175
30.7279486900643,46.4288142318451
30.6548311435981,46.3492629210983
30.6446625125887,46.4368620213502
30.7737750434997,46.5830392415907
30.6417620118642,46.4529036245758
30.7320748276214,46.4845874102198
30.708657893392,46.4456852629628
30.7320073137281,46.4564786207186
30.6584872805902,46.4920234741645
30.7490831353618,46.4385676561481
30.7457957280948,46.4692402954246
30.7113792226305,46.3814234928409
30.6623511526387,46.3516198636987
30.6237487857886,46.4431627946225
30.6366127791544,46.4436521750709
30.7220048707639,46.4072527050331
30.6427253831881,46.5350817568467
30.6306326062191,46.41211052566
30.7614771281626,46.4334471533688
30.6860744960763,46.4844902538073
30.696793624985,46.3829474091635
30.766761388659,46.557060696394
30.7321657117086,46.4731103591907
30.7005484361289,46.3782065360702
30.6545688780894,46.3507598495285
30.7041344625396,46.3855526403737
30.7385951117033,46.4471588018863
30.7431756696963,46.4693176607161
30.723973160423,46.5006865876158
30.7616562996487,46.4142281756147
30.6466723492591,46.4355899920231
30.7802589739467,46.5743185539691
30.725749295155,46.492449882864
30.7099276739241,46.4922159877968
30.726764600243,46.4159859870045
30.6920988127111,46.3389049680062
30.7299818969285,46.4718167395497
30.7457074406958,46.4706868464557
30.704025401635,46.3856174113154
30.6517229078172,46.3498782450444
30.7074789969471,46.4317073339073
30.7726402907543,46.5581294169319
30.7465020272864,46.4684720400884
30.6457998620224,46.4473405203616
30.6120403186739,46.4998247742527
30.7409061642054,46.4392171647578
30.722742330214,46.5531330584575
30.7330433923218,46.4908701915639
30.7114337530828,46.4705429110297
30.6944124619014,46.42925683328
30.808749836928,46.584237504012
30.7227734904724,46.5011741688713
30.7433392610532,46.4428677269993
30.7470031881099,46.4683568917477
30.7529340239693,46.4669121399094
30.7147289504145,46.3978681152592
30.7047706511497,46.3877080733778
30.7642685679825,46.4740765257376
30.7049939663353,46.4589273221531
30.8109414417727,46.5829348884069
30.7438274384356,46.4557121645752
30.7132618215789,46.4924462844784
30.6927947251499,46.3539228305144
30.7087825344259,46.435642168615
30.6921767133572,46.4804348731803
30.7488676102408,46.4314914307683
30.6399365400563,46.4401347530985
30.7172892849842,46.4058961136433
30.648027820502,46.4484038433211
30.7648242592583,46.4766655642124
30.6456596408593,46.4478173064602
30.6547999833396,46.3498692490802
30.7531910961016,46.4660413305822
30.694648760528,46.3431744525793
30.7036670586627,46.3642951771492
30.7111844710151,46.3976018347211
30.6502194253467,46.5289716980138
30.7515421990916,46.4401275563272
30.6441535617006,46.4429432930979
30.6298354229403,46.5057243275251
30.7500153464273,46.4429720801831
30.6467035095176,46.4351455913954
30.7285511217278,46.4733622461861
30.7371098060502,46.464616369865
30.7007821380674,46.3795055532897
30.6956199219165,46.4771873301316
30.730013057187,46.4521191765042
30.7094239164124,46.4210147309497
30.6969364428363,46.4722809312985
30.7179462471,46.4177815814436
30.7119530907237,46.4776155380239
30.7051212040573,46.3890466728394
30.7196886248853,46.4936139606216
30.7038540202135,46.4608218721976
30.7937461724816,46.5663859128047
30.7499270590283,46.4370887196461
30.8056675680291,46.5838074969269
30.702350537743,46.4585404956958
30.7149574589765,46.3829204212711
30.6369711221266,46.4381754321123
30.7646139275138,46.4320473813512
30.6458128454634,46.4306656012618
30.7198833765007,46.4607822899554
30.6368438844046,46.440057387807
30.6420112939318,46.453918369329
30.7462137948957,46.4662158522862
30.6842905712797,46.3423126392163
30.7311322298032,46.4739127991905
30.7087150205325,46.4431286099589
30.722500838211,46.5530898778297
30.710293806961,46.397376935618
30.6465217413433,46.4421966280756
30.7276942146202,46.4776533210732
30.7216958648675,46.4978384653742
30.7238563094538,46.4257699975856
30.7307427265725,46.4697404710299
30.7263750970123,46.4177402000087
30.7174346995237,46.4507499907645
30.7340015702693,46.4326950907681
30.7384211335936,46.469688294438
30.707717892262,46.4337422209921
30.7548062361648,46.4085427262885
30.7138408830485,46.4334435549832
30.7205740955631,46.4168963785739
30.743832631812,46.4418044040398
30.7042175565621,46.383363022706
30.7422252818134,46.3850596615397
30.7237394584846,46.3909718091619
30.7270891862685,46.4144854601887
30.8016504913765,46.5745740393502
30.6344211743097,46.44370255247
30.6463010228459,46.4480691934557
30.6364907348087,46.3968839567841
30.6911146678815,46.4605160094173
30.692161133228,46.479236610759
30.8075293934718,46.5834404615906
30.6458621825393,46.43751152996
30.7386106918325,46.4696181259178
30.6435199697787,46.4368296358794
30.6973233493788,46.3793274332
30.7148795583303,46.3653513033373
30.6407752703464,46.4427345867302
30.7650293976265,46.4328732108577
30.7113973994479,46.4473890985679
30.7441805880315,46.4568780415257
30.6327852607407,46.4431825857436
30.6405831154193,46.44663883516
30.6383265933694,46.4543033965935
30.7128489481543,46.3575014250429
30.7121919860385,46.4811815382025
30.7210518861928,46.4815431759603
30.7461696511962,46.4377868064621
30.6401468718009,46.446915910855
30.6932439522093,46.3377732757194
30.7268814512122,46.4921260281556
30.7569666807511,46.4366803028749
30.6447404132349,46.4427813657437
30.7321994686553,46.4532472704053
30.6160236383798,46.4882037877976
30.6545532979602,46.350734660829
30.6432343340762,46.4547010182077
30.8018166794216,46.5746963844623
30.7202521062257,46.4122922441353
30.7226436560622,46.4167236560627
30.6540625238895,46.448250911931
30.7223450369187,46.4785565158712
30.6381552119479,46.4463149804515
30.6702321013398,46.4911580624158
30.7042253466267,46.4046384778588
30.7041188824103,46.385396110598
30.6921896967982,46.3430683002027
30.6696426531174,46.4831282648389
30.768664761113,46.5559937750489
30.7067259573678,46.4319898071808
30.7493791578172,46.4618024322871
30.7625080133798,46.4498629887019
30.6387083065355,46.44425670386
30.744162411214,46.4487978665497
30.7157702223845,46.4830437027762
30.7459878830219,46.4444420207209
30.6657164605519,46.4842077805338
30.6922935643264,46.4820577451082
30.6900188654591,46.3395166935666
30.7253623886125,46.4185408408157
30.7530872285734,46.5490920713731
30.7029192124598,46.4431753889723
30.7497608709832,46.4452264687925
30.7064766753001,46.3886148665615
30.6976453387162,46.436381636866
30.6423280898928,46.4416676653852
30.7711420016602,46.5568232029411
30.7263750970123,46.481649328337
30.7413424078238,46.4332672340864
30.6273659724577,46.4275296081682
30.6451584800358,46.4423963384792
30.7255389634104,46.4764424643021
30.7474342383519,46.4418925644883
30.722412550812,46.4971925551501
30.6415049397319,46.4443664546223
30.6546234085417,46.3494446395736
30.7013196525257,46.434287376418
30.6548597071684,46.3490794034302
30.708759164232,46.3934367033318
30.6418399125103,46.4528442512126
30.7419552262401,46.4564696247545
30.8111413867645,46.57807706778
30.7580988368083,46.4628099802689
30.6881077029405,46.3420085756289
30.748057443521,46.4521965417957
30.7180916616395,46.4057953588451
30.64366278763,46.4468475415276
30.8036083942828,46.5810817197973
30.732588971886,46.484801514166
30.7074738035707,46.3538184773306
30.7101250222277,46.3580429820831
30.7217711688254,46.4163764118475
30.7616796698425,46.4310920099612
30.6874299673191,46.3496101653135
30.7401764948199,46.4721279999083
30.711677841774,46.4808558843013
30.7047732478379,46.4033826412671
30.7127762408846,46.4396417742645
30.731687921079,46.470067924124
30.6755033783952,46.4686555577566
30.7444246767227,46.4600518176686
30.6974376036598,46.4899004266313
30.742677105561,46.484790719009
30.7093356290134,46.3823662698811
30.732830463889,46.4476769694199
30.640414330686,46.4541630595531
30.7622301677419,46.5534407204306
30.6425332282609,46.4365993391978
30.7079671743296,46.3883287949023
30.7390703056447,46.4713399534511
30.6907615182857,46.4279254305896
30.6920780392054,46.3431384687228
30.7015974981636,46.4253130026081
30.7237861988722,46.3940070474573
30.7602281211361,46.5533345680539
30.6170337500914,46.4857442912061
30.7190160826403,46.3984780416268
30.6391549369067,46.4955804783791
30.7101535857979,46.4062451570513
30.658687225582,46.4948212190071
30.7379225694583,46.3828448551725
30.7212726046902,46.4103095336424
30.6454934528142,46.4371786792874
30.7098108229549,46.3986111818958
30.6451844469179,46.4471498059222
30.7254117256883,46.4726083843926
30.6513074377044,46.5374099123619
30.7191069667275,46.3982837288017
30.7367488663898,46.3968659648558
30.6542832423869,46.3502668706945
30.8074956365251,46.5919290533378
30.7515058454568,46.4387259851167
30.7663459185463,46.4298253782126
30.7112545815967,46.474441761881
30.7374447788286,46.4826424827762
30.7219503403116,46.4100810361537
30.72507675291,46.4967085722802
30.6319023867512,46.4058637281724
30.73956886978,46.4604422425115
30.6373528352927,46.4390642333677
30.7461151207439,46.4378731677177
30.8064699446843,46.5743023612336
30.7287978071072,46.4524790150691
30.7783036677286,46.5670660076925
30.711690825215,46.4761042160511
30.6755293452773,46.468569196501
30.7298157088834,46.4857083073496
30.7534819251805,46.4657282710307
30.691756049868,46.4916582380211
30.6446625125887,46.4451365091513
30.6974843440475,46.4067147463785
30.665742427434,46.3328021059446
30.6438627326217,46.4426644182101
30.7221528819915,46.4071645445847
30.6465918519248,46.4377724129196
30.7395870465975,46.4712356002673
30.7476367800318,46.4655987291473
30.7988590515565,46.5702613741492
30.7026231900045,46.5135004389137
30.7306310689797,46.4696505113887
30.8062648063161,46.5790144472417
30.6348859814983,46.4416082920219
30.7648502261404,46.4322704812614
30.7215166933814,46.485920612103
30.7149107185888,46.4195357944478
30.7312386940196,46.4214573323846
30.6175504910441,46.4734504066345
30.6351404569423,46.4436935565058
30.7327058228552,46.4847205504888
30.6765342636125,46.5131316043846
30.6913146128733,46.4594652808077
30.7415319660627,46.4635116654706
30.6608268966626,46.4490983317514
30.7293171447481,46.4713993268143
30.6580172800252,46.4344493037722
30.6976245652105,46.4479756354288
30.8019023701324,46.5746442078704
30.7267957605014,46.3882820158889
30.7197379619612,46.411761482252
30.7291613434558,46.4847853214305
30.6404870379557,46.441217867179
30.7107586141496,46.4071501510421
30.8020867349949,46.5700076879609
30.7241211716506,46.3958404249457
30.727691617932,46.4233860670928
30.7150769066339,46.3829024293428
30.6787414485864,46.4765612110286
30.7084215947654,46.4626012739012
30.7045473359641,46.5584658659901
30.7336354372324,46.4808540851084
30.723897856465,46.432387428795
30.7209947590523,46.4095754629699
30.6546675522412,46.3490344236096
30.637534603467,46.3950127962463
30.7035995447694,46.3830157784908
30.7321085845681,46.4617934363229
30.6457115746234,46.4472379663706
30.7228410043658,46.4875164961385
30.7206701730267,46.4697314750658
30.745481528822,46.4765378215218
30.740316715983,46.4579611556062
30.6397729486994,46.4429378955194
30.8002820366927,46.5755833865249
30.6272750883705,46.4690387858282
30.6471605266416,46.3874022105976
30.6540521371367,46.4750480898629
30.6372853213994,46.4390336470897
30.7195354202813,46.4117506870951
30.7135526506578,46.4154192412647
30.7520485532915,46.4703198111195
30.6992474953384,46.4102969392926
30.8047587271575,46.5786204240131
30.7064013713422,46.4665882852009
30.6903434514847,46.4785241304004
30.6962301436446,46.3620353909613
30.7094784468647,46.4952692180204
30.6994526337066,46.488281153089
30.7137396122085,46.4153022937311
30.6355455403023,46.4838209540765
30.7281252648622,46.4734036276211
30.7128151912077,46.3930894591166
30.7213556987127,46.4072760945399
30.7101535857979,46.4881228241205
30.6359921706735,46.4864585707576
30.7551775625781,46.5511575447359
30.7090136396761,46.3911481300587
30.6401910155004,46.4394708509461
30.7023141841081,46.4740297467241
30.7580936434319,46.4375061323815
30.6429642785029,46.4372668397358
30.7489091572521,46.4384920900495
30.6814939380833,46.3777657338282
30.6373528352927,46.4391469962377
30.6987177709447,46.3747682785821
30.7061884429094,46.4751974228674
30.6437926220402,46.4371013139959
30.6445949986954,46.4415435210802
30.7423706963528,46.4624375473542
30.8089679587372,46.5828053465235
30.6369789121912,46.4443466635012
30.7612901666118,46.4313654872706
30.7020493219112,46.4384075279867
30.7081904895152,46.4838749298612
30.6950850041464,46.4302895699614
30.7260479142985,46.3869110309564
30.7420642871447,46.470909946366
30.7578703282463,46.4362916772248
30.6538885457798,46.3508138253132
30.7296728910322,46.4531339212574
30.7019584378241,46.3670731308706
30.7348169303655,46.4468943205411
30.7067726977555,46.4615127622423
30.6927246145684,46.3739100636047
30.6389861521734,46.4534937598223
30.8119281832905,46.5839100509179
30.8143508933854,46.5812994221291
30.74669937559,46.4694130179358
30.7165284553403,46.4204443868243
30.6437562684053,46.4522145337239
30.6952849491381,46.4907532440303
30.7118362397545,46.3814144968768
30.7137084519501,46.4144962553456
30.8075267967836,46.5773196076008
30.637306094905,46.4393539034125
30.7220438210869,46.4990889043874
30.7332303538725,46.4467647786577
30.7494103180756,46.4461260652049
30.7692126623242,46.5562204733448
30.7381900283434,46.4650409793716
30.7102548566379,46.4426626190172
30.6902681475268,46.5484857433912
30.6843009580325,46.3925730907759
30.7185954191512,46.4861383144348
30.714038231352,46.4146545843142
30.692758371515,46.4073966404591
30.7288159839246,46.4539705459209
30.6594065082147,46.4459893265502
30.7146120994453,46.3913460412694
30.7985708191658,46.5704233015035
30.6391004064544,46.4528586447552
30.6602218683109,46.443630584757
30.7450141249452,46.3997734604606
30.7132592248906,46.4291992591096
30.6309130485452,46.4823510135386
30.7343858801236,46.4265814335495
30.757029001268,46.4385118811705
30.6978271068905,46.4269034890652
30.7238874697122,46.4993569841183
30.6547844032104,46.3490308252239
30.7309920086401,46.4724518546168
30.7037060089858,46.5132125680617
30.7140953584925,46.3770676470121
30.748971477769,46.5458427291316
30.7333082545187,46.3895252581308
30.6452909111343,46.4419105564165
30.8103571869267,46.5776794461657
30.6407986405402,46.5328669504794
30.7490623618562,46.4648916463672
30.6498377121806,46.5297003711079
30.6931608581868,46.4071771389345
30.6132763422593,46.4865413336275
30.6986684338688,46.3724473198382
30.7083410974311,46.4347479697811
30.7372811874717,46.4376914492424
30.7138928168126,46.4197480992011
30.768779015394,46.5846063385411
30.6469995319729,46.495889939545
30.7261751520205,46.4735853460964
30.7535780026441,46.549257597113
30.7263231632482,46.4174001525648
30.712350384019,46.3883287949023
30.6798684112672,46.3471848533857
30.7224489044469,46.3859052821674
30.6494559990145,46.3936148234215
30.6870975912289,46.3445202488122
30.6419385866621,46.4433247219768
30.7425083208277,46.4448774253845
30.7054639669003,46.36766506531
30.7991524773236,46.5731310867047
30.6928103052791,46.4660395313894
30.616914302434,46.4875398856452
30.8108142040507,46.5804969821293
30.7128853017892,46.3896799887137
30.6951447279751,46.3654664516781
30.690512236218,46.48021177327
30.7068168414549,46.4319592209028
30.6927350013212,46.4568420576692
30.6544130767972,46.3508156245061
30.7463020822947,46.4364248174938
30.7013222492139,46.4247138713974
30.6404870379557,46.4430008672683
30.7978099895218,46.5762005096638
30.7346351621912,46.4628171770402
30.6454752759968,46.4380584845787
30.6607412059519,46.3787175068325
30.7982462331402,46.5684495869747
30.7525393273622,46.4274360501413
30.7461696511962,46.4659027927347
30.7134643632588,46.4157844774082
30.7126983402384,46.4771333543468
30.7072323115677,46.433229451037
30.6166130866023,46.4882523660038
30.7275098497577,46.4715864428681
30.7083930311952,46.3934726871883
30.7273878054121,46.4675670460976
30.7299533333583,46.4360092039513
30.6391185832718,46.4525707739032
30.7227760871606,46.4978762484235
30.7262478592902,46.4747656165894
30.7111974544562,46.4093559614453
30.7050822537342,46.4457374395548
30.6541222477182,46.349081202623
30.7236927180969,46.4984591868987
30.8092042573638,46.5848492295724
30.735876379153,46.4823941941664
30.641556873496,46.4369213947134
30.7276396841679,46.5589372545102
30.7404647272106,46.4859727886949
30.6365556520139,46.4419555362371
30.6466178188068,46.437583497673
30.7127191137441,46.4846809682467
30.6549843482022,46.5299576556818
30.7061520892746,46.4460181136354
30.7125814892692,46.3872240905079
30.6155406543737,46.5189843786436
30.6421748852887,46.4444222295999
30.652291582534,46.4738174419708
30.6240681784378,46.5095188251925
30.7309686384463,46.4519194661006
30.7072530850733,46.5592251253622
30.7178034292488,46.484483057036
30.6398975897332,46.4506150513027
30.6448261039456,46.4400717813496
30.7099796076882,46.4351833744447
30.7087773410494,46.4430602406315
30.7043136340257,46.3890538696107
30.6215156339326,46.4529180181184
30.8109024914496,46.5780518790804
30.7182240927379,46.4216912274518
30.6367322268118,46.4421264595555
30.6668564066738,46.334502343164
30.7096004912103,46.4907856295011
30.7217945390193,46.4983512353292
30.6546597621766,46.3500239796632
30.7107534207732,46.4302104054771
30.7066558467863,46.4212306340887
30.7139213803828,46.4749995116567
30.7423784864175,46.4809746310277
30.6173089990411,46.4877306000847
30.731358141677,46.5290688544264
30.7056872820859,46.5142992805279
30.7971556240943,46.5703297434766
30.6920624590762,46.4821405079781
30.8072255809519,46.5752991140586
30.7594309378573,46.4816529267226
30.725762278596,46.4375960920227
30.7087643576084,46.4111587526557
30.7615264652384,46.5898599815893
30.7281797953145,46.4316443621584
30.7018961173072,46.3653171186736
30.6194097197986,46.4398918620671
30.7219581303762,46.4796522243015
30.7067103772386,46.4619805523767
30.7055756244931,46.4692960704022
30.7078788869306,46.4915017082454
30.6396249374717,46.4508651391053
30.7571380621726,46.4331952663734
30.6157172291717,46.4883567191877
30.7289042713236,46.4526661311229
30.7064429183535,46.4648736544389
30.6446573192123,46.4389023060135
30.8028345811978,46.5753422946864
30.6951862749864,46.3654412629785
30.6388744945806,46.454226031302
30.7276604576736,46.4286055254774
30.7560941935143,46.4605969730945
30.7272631643783,46.4219701023397
30.7228539878068,46.3873716243195
30.7561461272784,46.4685224174875
30.7342975927246,46.4816583243011
30.636646536101,46.4415615130085
30.641759415176,46.4370869204533
30.732627922209,46.3846728350824
30.7141472922566,46.3824958117644
30.7219607270644,46.4989323746116
30.7627988424587,46.4536934702259
30.7453153407769,46.4565110061894
30.6912834526148,46.4944271957784
30.7213453119599,46.4237045242228
30.7062273932325,46.5661268290379
30.683773830327,46.4481033781193
30.7242198458024,46.5533309696682
30.7485508142799,46.4374791444891
30.6623485559505,46.4471767938146
30.7281304582386,46.4289959503204
30.7027114774034,46.4413600034121
30.6523772732447,46.3509037849545
30.7585532572441,46.4719552773972
30.8075709404831,46.5774221615918
30.6939398646481,46.4903160401739
30.7074374499359,46.4791790365886
30.6988398152903,46.4423927400935
30.7216049807804,46.451392302603
30.6437121247058,46.4427345867302
30.7017948464672,46.4333266074496
30.7261803453969,46.4721441926438
30.7069934162529,46.5128311391829
30.718834314466,46.4684936304023
30.6720679599005,46.4727451230472
30.7091668442801,46.4720722249308
30.6443561033806,46.4372794340856
30.7448193733298,46.4766925521048
30.7274293524234,46.4696415154245
30.6960094251472,46.4530457608089
30.7727831086055,46.5678504557641
30.7660576861555,46.4294817323831
30.6194123164869,46.4686879432274
30.7083436941193,46.4343521473597
30.7471304258319,46.4529791906744
30.7057002655269,46.4218441588419
30.673496138413,46.4736195307601
30.705726232409,46.4703072167697
30.7143809941951,46.4651903123761
30.7914532967969,46.5694301470642
30.6373710121101,46.4437871145327
30.6380876980546,46.5310803520044
30.6882479241036,46.4659171862773
30.6974298135952,46.4736177315673
30.6369477519328,46.4414373687036
30.7372993642892,46.4827846190094
30.7263958705179,46.4209877430574
30.6425384216374,46.4369735713054
30.719177077309,46.422470277945
30.7031035773223,46.4930472148818
30.6438263789869,46.3991509397433
30.7142251929028,46.3824256432443
30.7570783383439,46.4521857466387
30.7476887137959,46.465838021793
30.7485715877855,46.4472757494199
30.7099458507415,46.4472721510343
30.745837275106,46.4377616177626
30.7280707344099,46.4721190039442
30.6371191333543,46.4437367371336
30.6569682179905,46.5273362317361
30.6422631726877,46.4374305662828
30.6939580414656,46.3657669168798
30.8076124874943,46.5912633519927
30.6896631191751,46.339820757154
30.7383717965177,46.453805020181
30.723555093622,46.3827944777734
30.7274553193054,46.4721351966796
30.6910341705472,46.4998643564949
30.6238396698758,46.5218091113785
30.6327618905469,46.4719624741685
30.6449273747856,46.4981659184683
30.7485715877855,46.4472379663706
30.7106339731158,46.3893093549918
30.6864977562537,46.3501751118605
30.7233707287595,46.4103922965124
30.72870692302,46.4524772158763
30.7024621953358,46.4336036831446
30.6970740673111,46.3433615686331
30.6548700939212,46.3502290876452
30.7360295837571,46.4786356803555
30.7434587087106,46.4848159077086
30.728553718416,46.4692043115681
30.8104922147133,46.5821792274205
30.7260842679334,46.4223371376759
30.63932372164,46.4517071613473
30.7089019820833,46.4350286438618
30.7139681207705,46.3823914585806
30.7184344244825,46.4947780383793
30.7747436082001,46.5663103467061
30.686375711908,46.4967985319215
30.7295923936978,46.4244188037742
30.716917958571,46.4266516020697
30.7519628625808,46.4612806663679
30.7280941046037,46.4288286253877
30.7403868265645,46.468599782779
30.7414852256751,46.4858342508474
30.7359490864228,46.4826298884265
30.7460242366568,46.4377994008119
30.7492830803536,46.4448738269989
30.7946809802353,46.5747053804264
30.7014079399247,46.3675841016328
30.7099510441179,46.4055542670066
30.7071907645564,46.4046726625224
30.680055372818,46.3821845514058
30.7465124140392,46.4734899888767
30.6445196947375,46.4416442758784
30.6766355344524,46.4432275655642
30.7246353159152,46.3868570551717
30.7289042713236,46.3888937414493
30.6922935643264,46.4754798961409
30.7081359590629,46.476464054616
30.7233551486303,46.4151853461975
30.7644970765446,46.4318674620687
30.6106017534085,46.5114925397213
30.7112571782849,46.4093433670955
30.6982685438853,46.4058637281724
30.7005354526879,46.3791313211822
30.7054665635885,46.3875281540953
30.7265308983045,46.4735295711188
30.7134332030004,46.3738650837841
30.6866977012454,46.4812948873505
30.6963989283779,46.4460271095996
30.6542624688813,46.3504719786765
30.7420824639621,46.4738408314775
30.6401001314132,46.4445049924698
30.6702528748454,46.4625203102241
30.7250559794043,46.4862048845693
30.7686284074781,46.5565137417752
30.7277201815023,46.3882802166961
30.6415023430437,46.4374179719331
30.7090162363643,46.3911067486237
30.7218049257721,46.4113026880817
30.757776847471,46.4583713715702
30.6264701150271,46.4340444853867
30.6439120696976,46.4449026140841
30.7382393654193,46.480283740983
30.7050718669814,46.4311531825173
30.7060923654458,46.5137829121872
30.6971052275696,46.4050504930156
30.7208623279538,46.3910689655744
30.7344326205113,46.4832434131797
30.7009924698119,46.4788443867232
30.6975440678762,46.404872372926
30.7295092996753,46.429154279289
30.7297689684957,46.51346625425
30.7142589498494,46.4921224297699
30.7209194550943,46.4169845390223
30.8119411667315,46.5816484655371
30.7066220898396,46.4647980883403
30.7143809941951,46.4164447811748
30.7510747952148,46.4274072630561
30.8156258672939,46.5830248480481
30.64087134781,46.4449835777612
30.7126100528395,46.3827584939169
30.7133449156014,46.3831363244101
30.7189174084886,46.3969307357975
30.7026958972742,46.4412754413494
30.7147704974257,46.3934223097892
30.8132109472635,46.5823987289451
30.7158559130953,46.4710160987426
30.6648855203265,46.353208550963
30.7130748600281,46.3931344389373
30.721295974884,46.4058349410872
30.6348340477342,46.4437547290619
30.6840984163526,46.4673835284295
30.7053886629424,46.387706274185
30.7412125734136,46.432182320813
30.7693087397877,46.4374881404532
30.8067348068812,46.5779475258966
30.6966456137574,46.4767897085173
30.7448375501472,46.4393305139058
30.7115973444397,46.4166354956143
30.7376966575845,46.4852045333587
30.7263439367538,46.4736159323744
30.7411450595202,46.4627757956052
30.6106303169788,46.5114313671652
30.6122039100308,46.5000208862706
30.761952322104,46.4533696155174
30.7346844992671,46.4799310991893
30.6372853213994,46.4388699205427
30.705383469566,46.3860582135575
30.6552388236462,46.3504305972416
30.7149107185888,46.4190787994703
30.7128281746487,46.4118604378574
30.6341952624359,46.4436629702278
30.6544857840669,46.3507598495285
30.7379667131578,46.5520967233905
30.7492934671064,46.5620804443751
30.7361308545971,46.4784575602659
30.6433823453039,46.4546992190149
30.6860511258825,46.4818058581127
30.7520147963449,46.5458499259029
30.7190913865983,46.4028590761551
30.7396597538672,46.4825147400857
30.6406454359362,46.4443484626941
30.7326642758439,46.4847061569462
30.7202001724616,46.4120133692475
30.714240773032,46.4163620183049
30.667290053604,46.4627632012555
30.6933400296729,46.4292388413517
30.6410401325433,46.4441595474475
30.7058898237659,46.4711384438547
30.6774898448718,46.3293008767076
30.7589297770338,46.4362718861037
30.7204494545293,46.4669841076224
30.7182708331256,46.4916600372139
30.7050744636696,46.5141877305728
30.7131034235984,46.4159733926548
30.7390884824622,46.4650841599994
30.7483015322122,46.4651183446631
30.7136617115624,46.4617160710315
30.6479551132322,46.4485315860116
30.7918142364573,46.5790198448202
30.7380627906213,46.4695839412541
30.7089279489653,46.3739766337392
30.7156611614799,46.4896323469004
30.70967319848,46.4471552035007
30.701005453253,46.4728530746167
30.7115609908048,46.4073030824322
30.7260401242339,46.4964512877063
30.7249702886936,46.4320779676292
30.731687921079,46.4701956668146
30.7079827544588,46.4914153469898
30.7260427209221,46.4378677701393
30.7084917053469,46.4765288255577
30.7039708711827,46.4789217520146
30.7259440467703,46.476895860894
30.7285615084806,46.5412979680562
30.8101598386231,46.5954932543237
30.7593322637055,46.4355342170456
30.6457920719578,46.4365399658346
30.6145383327267,46.4887993206226
30.6946150035814,46.488189394255
30.705141977563,46.4913343833127
30.6450494191312,46.4401005684348
30.694547489688,46.4513149373115
30.7067571176262,46.4615991234979
30.6542365019992,46.3495130089009
30.7355543898157,46.4469662882541
30.7062481667381,46.4460486999134
30.7596101093434,46.4561997458307
30.7232824413605,46.4153112896952
30.6371632770538,46.4395482162376
30.657482362255,46.4728080947961
30.730342836589,46.5584856571112
30.7112805484787,46.4779070072615
30.7595971259024,46.4593951122875
30.7116311013863,46.3929563188476
30.7000265017998,46.4544275408984
30.6288201178523,46.505961820978
30.7441935714725,46.4716188283389
30.7146588398329,46.4836320388299
30.6499961101611,46.3702613005561
30.6430447758373,46.4755356711184
30.7634220476278,46.433650462158
30.6913847234548,46.4461404587475
30.7302155988669,46.4815269832249
30.7273280815834,46.4187243584838
30.6391497435303,46.4159859870045
30.8066750830525,46.5748241271528
30.6405597452254,46.4442800933667
30.7044902088236,46.3863838674588
30.8006637498587,46.5712761189024
30.6966040667461,46.4799886733597
30.6266103361901,46.4682867232275
30.7403374894886,46.4781984764991
30.6445274848021,46.4401419498698
30.7227708937842,46.4235605887968
30.6417464317349,46.4539903370419
30.6896916827454,46.5481456959473
30.7062559568027,46.4461998321107
30.7378836191352,46.4423639530083
30.8010402696484,46.5715513954046
30.7703448183814,46.587162991545
30.739010581816,46.4525581795534
30.7446116382734,46.4624969207174
30.686578253588,46.4810501971263
30.7424927406985,46.4847979157803
30.7648735963342,46.4763363119255
30.7934839069729,46.5703351410551
30.7057080555916,46.5139304459988
30.6559347360851,46.3807721850383
30.730241565749,46.4793427631356
30.6499208062031,46.3792176824377
30.7235706737513,46.410293340907
30.6602244649991,46.5125954449229
30.703937114236,46.4332474429653
30.7559851326098,46.4375978912156
30.6405156015259,46.3928951462916
30.7408801973234,46.3923751795652
30.7093615958955,46.4052412074551
30.6574252351145,46.349851257152
30.7455776062856,46.4548539495978
30.7442584886776,46.445170693815
30.7193017183428,46.4924228949716
30.7115116537289,46.4073552590242
30.6618551851916,46.4476715718414
30.64615041493,46.4405305755199
30.7624067425398,46.4320581765081
30.6937399196564,46.4842527603544
30.7119427039709,46.4055632629707
30.645020855561,46.4423855433222
30.7448583236529,46.4205559367794
30.7516252931142,46.4505664730964
30.8088459143916,46.5793490971071
30.638651179395,46.4445283819765
30.7163103335311,46.4182637651207
30.662379716209,46.4472883437697
30.7197847023489,46.4948913875272
30.7208285710072,46.4162576651211
30.7125425389462,46.4902386748824
30.6986658371806,46.3936490080851
30.7171958042089,46.4789001617007
30.7109351889475,46.3908602592068
30.6348392411106,46.4442621014385
30.7262478592902,46.4815953525522
30.6753397870383,46.4894686203534
30.7167102235146,46.4209769479004
30.6523902566857,46.3495687838785
30.7254948197109,46.4377238347133
30.6969650064066,46.3433669662116
30.7244197907942,46.4177096137307
30.7140226512228,46.4931713591867
30.7466007014382,46.4626462537219
30.7068194381431,46.4210255261067
30.8131382399938,46.5823915321738
30.7317865952307,46.4566855278934
30.6607697695221,46.4473837009894
30.6098383270764,46.4938424581104
30.6437277048351,46.4374539557896
30.6974376036598,46.4708451754243
30.7465072206628,46.4362448982113
30.6445690318134,46.4402714917531
30.7067701010673,46.4064790521185
30.7408983741408,46.4385244755203
30.7105716525988,46.3804339367873
30.7023998748189,46.4338609677185
30.7594361312337,46.4815521719244
30.6264727117153,46.5062730813366
30.6370620062138,46.4407734665513
30.7597477338183,46.4342603885256
30.6405181982141,46.4519860362352
30.6168961256166,46.5102762853717
30.6492560540227,46.4426158400038
30.643333008228,46.4431412043086
30.7489143506285,46.4355054299604
30.704939435883,46.4234850226981
30.6540339603193,46.3491927525781
30.6808577494732,46.3827926785805
30.7036021414576,46.4952026478859
30.6550726356011,46.3502038989457
30.7391585930437,46.4693860300434
30.702908825707,46.3752864461156
30.7941019187656,46.5784602958517
30.6393990255979,46.43830137561
30.7285225581575,46.4820505483369
30.6460647242192,46.3887282157094
30.676617357635,46.443281541349
30.6427461566937,46.4372110647582
30.6464100837505,46.4389184987489
30.7946835769235,46.5659019299348
30.7555203254211,46.4399332435021
30.7232486844139,46.5533111785472
30.6339875273795,46.4448594334563
30.7071933612446,46.4028033011775
30.6510036251845,46.3515946749992
30.7283278065422,46.4686429634068
30.7398778756764,46.4377418266415
30.6199835878919,46.417121277677
30.807861769562,46.5913083318133
30.799105736936,46.5772242503811
30.7083878378187,46.3994064251244
30.7083125338608,46.4051656413564
30.6523383229217,46.3498872410085
30.7987655707811,46.5766341151345
30.7216932681793,46.4125045488886
30.7751512882482,46.5761933128925
30.7475381058801,46.4508327536345
30.7991992177113,46.57371402518
30.7262478592902,46.4180100789324
30.7103093870902,46.4874895082461
30.6711721024699,46.5292037938882
30.7587298320421,46.4442962861021
30.7175255836109,46.4677613589227
30.6892190854921,46.4800426491445
30.7221580753679,46.4237818895142
30.722843601054,46.4654691872639
30.7089643026002,46.4012559953482
30.6953187060848,46.4321463369565
30.7558527015113,46.4380944684352
30.6527849532929,46.3497648958964
30.6786739346931,46.3402147803826
30.7647203917302,46.4318530685261
30.7475822495795,46.4458939693305
30.7203170234309,46.4996700436698
30.7407503629131,46.4605322021528
30.771596422096,46.5576904138826
30.7027686045439,46.433312213907
30.705611978128,46.4530187729166
30.7027426376619,46.375210880017
30.7329888618695,46.5306323529911
30.8057766289337,46.583733730021
30.7346299688148,46.4710628777561
30.7151106635806,46.3927961906862
30.7155702773928,46.4811005745254
30.7408801973234,46.4623637804484
30.7256376375622,46.4314284590195
30.7361334512853,46.4786572706694
30.704622639922,46.5127465771201
30.7056431383864,46.4738552250201
30.7291665368323,46.4524052481633
30.7188888449183,46.406022057141
30.6592948506219,46.3862867110462
30.7664705595801,46.4296850411723
30.6222401099417,46.5026764948799
30.6934750574595,46.3378146571544
30.7275306232633,46.3909736083547
30.6442314623468,46.4542098385666
30.7079749643942,46.4042642457512
30.7258401792421,46.4129705398302
30.7551152420612,46.4290211390199
30.6950148935649,46.4303237546251
30.6529251744559,46.5393080607921
30.7996432513943,46.5721127435659
30.6155250742445,46.5191427076122
30.7042253466267,46.4047428310426
30.705726232409,46.4591990002696
30.7055912046224,46.4034186251236
30.7250559794043,46.4130766922069
30.7452140699369,46.4374359638613
30.7020285484056,46.4458345959673
30.729582006945,46.4525941634099
30.7127087269913,46.3813389307781
30.7556138061965,46.4085409270957
30.6998551203783,46.5562690515511
30.6438289756751,46.4471012277159
30.6409232815741,46.4368746157
30.7263647102595,46.4730995640337
30.7265828320686,46.5043839288706
30.7417137342371,46.4374269678972
30.6154965106743,46.4837795726415
30.7012002048683,46.4788102020595
30.7117193887853,46.4467036061017
30.737411021882,46.4333697880774
30.7109299955711,46.4748357851096
30.7442532953012,46.3987821052142
30.8087004998521,46.5776326671523
30.6090567239268,46.5135742058195
30.7019818080179,46.3665063851308
30.7611083984375,46.4336162774944
30.7105976194809,46.430221200634
30.6403416234162,46.4430080640396
30.7409762747869,46.4809764302205
30.7442013615371,46.4705483086082
30.8012298278874,46.5992805552198
30.758005356033,46.4375852968658
30.7562941385061,46.452799271392
30.7053626960603,46.5125468667166
30.7076711518743,46.3966842463805
30.8119126031612,46.5787679578247
30.7207350902318,46.4169377600088
30.7590959650789,46.4815287824177
30.6799826655482,46.477100968876
30.7059599343474,46.4680006515683
30.7152508847436,46.4740765257376
30.7300338306926,46.3874849734675
30.7745280830791,46.5607148570211
30.7066117030868,46.3927746003723
30.6646855753347,46.4862750530894
30.6148057916118,46.489308492192
30.7130774567163,46.4156369435965
30.7272164239906,46.4431196139947
30.7466214749438,46.4458094072678
30.7409035675172,46.4398774685245
30.7977061219937,46.5743761281395
30.7471382158966,46.3992678872769
30.6541040709008,46.349430246031
30.7126905501738,46.3982333514026
30.7988668416211,46.5735017204266
30.6544000933561,46.3492881097979
30.6807175283101,46.4884898594567
30.7112623716613,46.478117512822
30.7070661235226,46.4014449105948
30.6205860195553,46.4583965602698
30.7195873540453,46.467655206546
30.7275436067044,46.3810006825271
30.7073543559133,46.4340318910369
30.8006559597941,46.5699087323556
30.7001381593926,46.4724590513881
30.6485783184013,46.4484020441282
30.616685793872,46.4896737283354
30.7266685227794,46.3675391218122
30.6891879252337,46.4777144936292
30.7588934233989,46.4852405172152
30.693620471999,46.4900461612501
30.7056405416982,46.4698034427788
30.6928933993017,46.5082881773004
30.6413699119453,46.444841441528
30.7338821226119,46.4468421439492
30.7496336332612,46.4384920900495
30.7247781337664,46.5520517435698
30.7587402187949,46.4543303844858
30.6398170923989,46.4383067731885
30.6583730263092,46.4444348239496
30.7106002161691,46.4066139915804
30.6439484233325,46.4368206399153
30.6407934471638,46.4443502618869
30.7330771492684,46.4716925952448
30.6943890917075,46.4044909440471
30.665628173153,46.4989665592753
30.8109284583317,46.5782911717261
30.6369815088794,46.4412466542642
30.7055184973526,46.5126728102143
30.664955630908,46.484400294166
30.7415008058043,46.4858990217891
30.7081099921809,46.4761078144367
30.7471408125848,46.3919631644083
30.6923532881551,46.4803647046601
30.6925090894474,46.3622962739209
30.7374551655815,46.4651273406272
30.7236355909564,46.3906605488032
30.775834217246,46.5653729672444
30.6552595971519,46.3491387767934
30.6713071302565,46.4813416663639
30.635503993291,46.398260339295
30.7486572784963,46.4453380187477
30.645236380682,46.4444168320214
30.6445949986954,46.4427543778513
30.6537327444875,46.3897231693415
30.7925594859721,46.5671703608763
30.6572668371341,46.5264780167587
30.645122126401,46.4447766705863
30.6929998635181,46.3400726441494
30.7143965743243,46.4500860886122
30.7106131996101,46.4762211635847
30.7049498226358,46.3874651823464
30.6830467576297,46.3926756447669
30.640783060411,46.4430872285239
30.7261362016974,46.4222075957926
30.7482937421476,46.4349998567766
30.7147756908022,46.4697422702227
30.634831451046,46.3990285946312
30.625556080779,46.4359066499603
30.7394624055636,46.444769473815
30.7411710264023,46.4607571012559
30.7032489918618,46.4247174697831
30.6444573742206,46.4373747913053
30.636620569219,46.4424898965061
30.6846541076284,46.4582292353371
30.7049861762707,46.4895585799946
30.7668730462518,46.55505819478
30.7412411369838,46.5486494699382
30.7196652546915,46.4177977741791
30.7256038806155,46.4683281046625
30.7437703112951,46.4846953617893
30.7922556734521,46.5787967449099
30.7227059765791,46.5040780660904
30.7462787121008,46.4366245278974
30.7108962386244,46.3594895331142
30.6903330647319,46.3698007071929
30.6436134505541,46.4405107843988
30.7499426391576,46.4405359730984
30.7126827601092,46.3885968746332
30.7233992923298,46.4225206553441
30.7645438169322,46.4764352675308
30.7116674550212,46.446494899734
30.6814238275018,46.3487699422643
30.6971182110106,46.4272687252086
30.7544193296224,46.4408454342642
30.6190617635792,46.4396579669999
30.7027114774034,46.460755302063
30.7307375331961,46.4695587525546
30.7070531400816,46.431833277405
30.6947162744213,46.4396129871793
30.6623952963382,46.538169171734
30.6837790237034,46.4451940833217
30.6819353750781,46.3914629888031
30.7067571176262,46.4636753920176
30.6466385923125,46.3889423196556
30.7147445305437,46.4183357328337
30.6962587072149,46.510036992726
30.6363349335165,46.4426464262818
30.7528093829355,46.4659009935419
30.7235758671277,46.424739060097
30.6901902468807,46.4955570888724
30.6816133857407,46.3530934026222
30.6182282266655,46.5045818400814
30.6155224775563,46.4663687836763
30.8058908832147,46.5749986488568
30.6372541611409,46.4390768277175
30.6764303960843,46.4550086801808
30.650642685524,46.5240131225888
30.6857213464805,46.3385397318627
30.7241081882096,46.4751488446611
30.6454103587917,46.4478442943526
30.808864091209,46.5803530467033
30.6471137862539,46.3382284715041
30.6110691572854,46.484965240713
30.7117479523555,46.4131126760634
30.654335176151,46.3507112713222
30.7107715975906,46.3595561032488
30.7115116537289,46.4809530407138
30.6855395783061,46.4809170568573
30.6239850844152,46.5093245123674
30.6570642954541,46.5271850995388
30.7238277458835,46.4297066314862
30.7060326416171,46.4445697634115
30.7156975151148,46.493394459097
30.6336941016124,46.4444492174922
30.640655822689,46.4449925737253
30.7451958931195,46.449359214711
30.6389965389262,46.4501490603611
30.7271489100973,46.4833369712066
30.7252403442668,46.4836932113859
30.7197665255315,46.4122346699649
30.6158003231942,46.488178599098
30.7774337771801,46.568919176302
30.7096524249744,46.4128248052114
30.7084138047008,46.51299486573
30.7271852637321,46.4724248667244
30.6853318432498,46.4874409300399
30.7959040203796,46.5757723017715
30.6835998522173,46.4486179472672
30.7470369450566,46.4677541621514
30.7563720391522,46.4527093117507
30.6931296979283,46.4786770617905
30.6809720037542,46.3483867141926
30.6448416840749,46.4401851304976
30.7653773538459,46.4314320574051
30.7392235102488,46.4347137851175
30.6823378617498,46.3817689378632
30.7115272338582,46.483497099368
30.7048900988071,46.4033196695182
30.7585324837385,46.4369825672695
30.711651874892,46.377449075891
30.7032697653674,46.502851016584
30.7489870578983,46.4622450337219
30.7042123631857,46.3874885718532
30.6360908448252,46.4441775393757
30.7263699036359,46.3687715688972
30.6201809361954,46.5163287700342
30.614566896297,46.5193837994507
30.734733836343,46.4467737746218
30.6399988605732,46.4519626467284
30.7000083249824,46.4725885932715
30.7226877997617,46.5531168657221
30.7289302382056,46.4631248390132
30.711093586928,46.4446021488823
30.7143861875715,46.4449188068195
30.7654968015033,46.5810583302906
30.7573198303469,46.4394996380313
30.7635934290493,46.4332672340864
30.7149912159231,46.4188628963313
30.704926452442,46.4710071027785
30.7264711744758,46.4170906913989
30.6543845132269,46.5368503633934
30.7913987663446,46.5790504310982
30.8080149741661,46.5832749358507
30.6354416727741,46.4380692797356
30.6368412877164,46.4418979620667
30.645503839567,46.4474178856531
30.7525185538566,46.4679718644832
30.7231474135739,46.4226897794696
30.6936801958277,46.3762849981334
30.6855421749943,46.4824625634938
30.7084579484003,46.4839702870809
30.79532495891,46.5730411270635
30.7290626693041,46.4531141301363
30.6970195368588,46.4456492791064
30.7529703776042,46.4691989139896
30.619692758813,46.4632867663675
30.6685234805012,46.5341695660846
30.725876532877,46.5038801548797
30.7958988270032,46.5752865197088
30.7126282296569,46.4876478372147
30.723770618743,46.398496033555
30.7541466773609,46.4039781740921
30.7320774243097,46.4824355756014
30.6814939380833,46.5440921145131
30.6964404753892,46.4284076142667
30.7923699277331,46.5787787529817
30.7290522825513,46.4716656073524
30.7327239996726,46.4889810390979
30.8067815472689,46.5788111384525
30.7116414881392,46.3811949953521
30.6410894696192,46.4429774777616
30.6476305272066,46.3378326490826
30.6772950932564,46.3384173867506
30.7127035336149,46.41560095974
30.7416202534617,46.4694615961421
30.7654993981915,46.5688256182751
30.7414229051581,46.4810268076196
30.7193250885367,46.4277958887063
30.7277149881259,46.5590254149586
30.8040654114068,46.5796981405151
30.8091419368469,46.5779601202464
30.7231058665626,46.4161695046727
30.7320904077507,46.4617034766817
30.6497676015991,46.5297849331706
30.7275617835218,46.3882586263822
30.6453402482102,46.4476589774916
30.7221295117977,46.4232493284381
30.7060404316818,46.4224648803665
30.6458933427977,46.4435190348018
30.7236226075154,46.387531752481
30.714456298153,46.3914395992963
30.6846203506817,46.4449385979406
30.7578547481171,46.4377760113052
30.6805773071471,46.3482049957173
30.7174087326417,46.4210705059273
30.7393741181647,46.4330639252972
30.7256973613909,46.4130533027002
30.7108598849896,46.3887588019874
30.7396987041903,46.4797871637634
30.6865886403408,46.4809458439425
30.6129907065568,46.4962209910247
30.7639258051395,46.5833073213216
30.6150498803031,46.4884196909366
30.7847590346053,46.5788992989009
30.7675975222609,46.4395698065515
30.6277866359468,46.5315769292241
30.7654864147505,46.4360110031441
30.7194990666464,46.4337494177634
30.7390027917514,46.4690981591915
30.644488534479,46.4368062463727
30.7390962725268,46.4689290350659
30.7106157962983,46.3975460597436
30.7078087763491,46.4794633090549
30.7976386081003,46.5780716702015
30.6455817402132,46.4428533334567
30.8086849197229,46.5791259971968
30.7062014263504,46.4067165455714
30.6409284749505,46.4373172171349
30.6280904484668,46.4820199620589
30.7072219248149,46.4210902970484
30.7368812974882,46.4828080085161
30.714152485633,46.4158510475427
30.6915872651347,46.4793571566782
30.7235447068692,46.4170295188429
30.7596750265485,46.456073802333
30.7167803340961,46.4209121769587
30.7283537734242,46.3777963201062
30.7212232676143,46.4523764610781
30.6485159978844,46.3660062095255
30.8019880608431,46.5700004911897
30.6564618637906,46.349748703161
30.7923595409803,46.567193750383
30.808116245006,46.5768608134305
30.7549516507043,46.4003348086219
30.7068350182724,46.4848698834933
30.709519993876,46.4798195492342
30.7337626749545,46.4466154456533
30.6452259939292,46.3883269957095
30.7383873766469,46.4727847052894
30.7605656906027,46.4331430897814
30.8071087299827,46.5751335883187
30.7198080725427,46.4839810822379
30.7518979453757,46.461494770314
30.6370386360199,46.4399746249371
30.7240017239932,46.426063266016
30.6740180727422,46.4902260805326
30.7044304849949,46.5140024137118
30.7315451032277,46.4301384377641
30.7098264030841,46.3925640948118
30.6312194577533,46.4091076728355
30.6362752096878,46.4437079500484
30.7716509525483,46.5571128729859
30.7240380776281,46.5006847884229
30.7215971907157,46.4978762484235
30.7477847912595,46.4485603730968
30.7006263367751,46.377479662169
30.6970506971173,46.4900497596358
30.7657694537648,46.5547757215065
30.71391099363,46.3935248637802
30.6356701813361,46.4443772497793
30.7949146821737,46.5663265394415
30.7539051853578,46.4651309390129
30.6433901353685,46.4395122323811
30.6301677990305,46.4779717782032
30.7472446801129,46.3926288657535
30.72228531309,46.5007009811584
30.7284862045226,46.4844704626862
30.712108892016,46.3928645600135
30.7132072911266,46.4734791937197
30.750075070256,46.4416226855645
30.6154991073625,46.4662536353355
30.7272164239906,46.4680978079809
30.6892164888039,46.4665073215238
30.717502213417,46.3984006763353
30.7422746188893,46.4288196294236
30.7297326148609,46.4713291582942
30.6897565999505,46.3728449414524
30.6860043854948,46.4821549015207
30.7125269588169,46.3812039913163
30.7331212929679,46.3857415556203
30.6933945601252,46.3377139023562
30.6951706948571,46.3949390293405
30.6455142263199,46.5333059535287
30.7093979495304,46.3885195093417
30.7046122531692,46.4683586909405
30.6516735707413,46.3893543348124
30.8110505026773,46.5808262344162
30.7232408943493,46.3816879741861
30.7257103448319,46.4765486166788
30.694534506247,46.5068848068971
30.6396353242246,46.4626570488788
30.6540651205777,46.3496137636991
30.741230750231,46.481053795512
30.7096913752975,46.4207772374969
30.7329602982992,46.4353057195568
30.7054068397598,46.4046636665583
30.7112805484787,46.4081361087101
30.6673757443147,46.4978186742531
30.7159052501712,46.4897151097704
30.7683271916464,46.5736186679602
30.6891126212757,46.4599996410766
30.7101691659271,46.4795496703105
30.6388822846452,46.444010214443
30.7600697231556,46.43100205032
30.61470711746,46.4865701207127
30.7247287966905,46.552049944377
30.687707812957,46.359019943787
30.6435329532197,46.4638283234077
30.6509439013558,46.4497316476257
30.7098108229549,46.4041706877243
30.7275436067044,46.4739937628676
30.7432302001486,46.4489759866393
30.7072764552672,46.4015690548997
30.6736026026294,46.4737094904013
30.72208277141,46.4074254275443
30.718694093303,46.4732668889664
30.7503710927113,46.4568042746199
30.7644840931035,46.4442063264609
30.6616656269527,46.4472793478056
30.6854383074662,46.4678135355146
30.6951732915453,46.4319304338176
30.7184448112353,46.4922267829537
30.7094914303057,46.4918867355099
30.7075646876579,46.3549771575097
30.6449533416677,46.4410127591969
30.7244950947521,46.4810861809828
30.6552829673457,46.3502884610084
30.6938385938082,46.4483138836798
30.7023193774845,46.3831345252172
30.700802911573,46.4726605609845
30.7070219798231,46.4333374026065
30.6495338996606,46.3936652008206
30.7174658597822,46.4888838826853
30.7270762028275,46.4142641594712
30.7111559074449,46.4090896809072
30.6468463273688,46.448168149061
30.7106521499332,46.3885932762476
30.6544208668618,46.3507130705151
30.7114311563946,46.446115270048
30.7399168259995,46.4578891878932
30.6629406008612,46.3590487308722
30.7094239164124,46.3693041299733
30.7038955672247,46.4938658476171
30.7128567382189,46.4839037169464
30.7470057847981,46.4736231291457
30.7055600443639,46.4720002572178
30.7080346882229,46.476474849773
30.8028994984029,46.5748475166596
30.6861004629583,46.4828188036731
30.7016987690036,46.4770200051989
30.8099884572016,46.5795164220398
30.7102210996912,46.4876568331789
30.6443249431221,46.4404352183002
30.6544260602382,46.3495184064794
30.7258531626831,46.4235102113977
30.7532170629836,46.4023840892493
30.7114103828889,46.4322668828758
30.6437095280176,46.452541986818
30.7325084745516,46.4464679118416
30.7586960750954,46.4540317184769
30.7039059539775,46.3679205506911
30.7562629782476,46.4526787254727
30.701831200102,46.3716538758024
30.7476082164616,46.3756390879093
30.7065857362047,46.5126026416942
30.7152950284431,46.4896755275282
30.6434914062085,46.4433211235911
30.7130566832107,46.4009663253034
30.6412478675996,46.4545013078042
30.7462397617777,46.428229494177
30.705269215285,46.4684522489674
30.7100211546995,46.4069180551677
30.7090110429879,46.4660863104028
30.636545265261,46.4436539742637
30.7288367574303,46.5589030698465
30.7220308376459,46.4792204180236
30.7016052882282,46.4255181105901
30.7514954587039,46.4504693166839
30.7405374344804,46.4762139668134
30.6742465813042,46.5333041543358
30.7980644649659,46.5670893971992
30.7141784525151,46.4619679580269
30.6955056676355,46.4325979343555
30.8135822736768,46.5814631486762
30.7240121107461,46.4773132736293
30.7666029906785,46.4296886395579
30.6986320802339,46.4059446918495
30.7254662561406,46.4750390938988
30.708873418513,46.4759206983829
30.752409492952,46.4248470116665
30.641530906614,46.4445553698689
30.6963885416251,46.4743464046613
30.7615030950446,46.4313169090643
30.7067571176262,46.4632255938114
30.6405935021721,46.4368656197359
30.7633000032822,46.4337206306782
30.8096093407237,46.5823987289451
30.7036748487273,46.3865511923915
30.6462750559638,46.4419591346228
30.7425602545918,46.4725058304015
30.719862602995,46.4277005314865
30.7110624266695,46.4811707430456
30.7162817699608,46.4981317338046
30.7093823694011,46.4877701823268
30.7021973331389,46.4784377691448
30.7284212873175,46.5139556346984
30.7348169303655,46.481433425198
30.6152082782835,46.4682327474427
30.6655450791304,46.5334211018695
30.7582286712186,46.552265847516
30.7255805104217,46.4780581394588
30.705079657046,46.4217038218016
30.7463851763172,46.3845037109569
30.7302441624372,46.4374683493322
30.7060014813587,46.4748843633159
30.6411491934479,46.4365111787494
30.7230461427339,46.4634055130939
30.7099796076882,46.4748915600872
30.6340524445846,46.4448738269989
30.7213297318307,46.5016923364048
30.7409425178403,46.4844218844799
30.7388028467597,46.4571479204494
30.7388314103299,46.457326040539
30.7483093222768,46.4325349626067
30.6343692405456,46.4432023768647
30.7141914359561,46.3936418113138
30.7257233282729,46.421658841981
30.7285225581575,46.4719732693254
30.7031009806341,46.4381142595563
30.6799385218487,46.3472280340135
30.7329836684931,46.4715954388322
30.7119401072827,46.3895522460232
30.7094576733591,46.4127618334626
30.6426968196178,46.5344610353222
30.646391906933,46.3885482964269
30.7062325866089,46.4753251655579
30.7405192576629,46.4710880664556
30.7099744143118,46.3801856481775
30.7226021090509,46.4777018992795
30.6397989155815,46.4411135139951
30.6526758923883,46.3462816585877
30.7143732041304,46.3895972258438
30.7325292480573,46.4478460935454
30.6325775256844,46.4429540882549
30.8159634367605,46.5826776038329
30.6441301915068,46.3885015174135
30.7993498256272,46.5728450150456
30.7085955728751,46.4311747728312
30.6155328643091,46.4835060953321
30.7083488874957,46.4476211944423
30.73842632697,46.4521551603607
30.7059936912941,46.4443952417075
30.6910004136005,46.4945531392762
30.7912533518051,46.5696334558534
30.7066999904857,46.3968011939141
30.6187553543711,46.4862102821477
30.6991695946923,46.3478253660313
30.7113298855546,46.421772191129
30.7064896587412,46.5126854045641
30.674243984616,46.5107818585555
30.6353689655043,46.4435064404521
30.62567033506,46.5076872468969
30.710548282405,46.4796018469024
30.6537171643583,46.3896332097003
30.7973062320101,46.5782335975558
30.6587365626579,46.3891348332878
30.7036177215868,46.5126242320081
30.7113298855546,46.4460019209
30.7096576183508,46.4448180520213
30.7587843624943,46.4544149465486
30.7590180644328,46.4771639406249
30.6484069369798,46.449647085563
30.7166608864387,46.4203742183041
30.6591935797819,46.4479900289714
30.7104833651999,46.407675515347
30.6904291421955,46.348496464955
30.701475453818,46.3485972197531
30.7221762521854,46.411997176512
30.7052328616501,46.3965007287124
30.6863341648968,46.5462565434813
30.6406662094418,46.3918965942738
30.7090240264289,46.391185913108
30.7070661235226,46.557326976932
30.7260401242339,46.4129147648527
30.6447637834287,46.4390462414395
30.7406257218793,46.4683622893261
30.6953316895258,46.4039439894284
30.673241662969,46.449503150137
30.686261457627,46.4871962398157
30.6965780998641,46.4582112434088
30.6983776047899,46.4439202548018
30.7503139655708,46.4275296081682
30.8081603887055,46.5830950165683
30.7248716145418,46.5031442850144
30.703137334269,46.4725202239441
30.6552544037755,46.4732309051099
30.7968829718328,46.5709990432074
30.7222827164018,46.3888523600143
30.6976790956628,46.4765126328223
30.636760790382,46.4413797945332
30.7995731408128,46.5720893540592
30.729239244102,46.489862643582
30.7650293976265,46.4430080640396
30.7021531894394,46.3577353201101
30.723072109616,46.4756508194592
30.657240870252,46.3900344297002
30.7244094040414,46.4226879802768
30.7091434740863,46.4455431267297
30.7260271407929,46.4679754628688
30.7425706413446,46.4644202578471
30.7076945220681,46.4802279660054
30.6776534362287,46.4882181813402
30.644831297322,46.4428893173132
30.7226955898263,46.4783783957816
30.6724029326789,46.3293872379632
30.7980307080192,46.5747755489466
30.8017543589047,46.5743995176462
30.740786716548,46.460632956951
30.7305220080751,46.4371354986596
30.7568913767932,46.4089727333736
30.6830545476943,46.4502804014373
30.7614174043339,46.4336252734585
30.7162817699608,46.4185714270937
30.6427461566937,46.4450501478957
30.7719755385739,46.5623845079624
30.7157754157609,46.4980075894997
30.6437199147705,46.4368278366866
30.6560022499784,46.3495723822642
30.6471059961893,46.3383166319525
30.7092187780442,46.4053275687107
30.8149637118017,46.5817762082277
30.6442833961109,46.4373442050273
30.6165897164084,46.4766781585622
30.644106821313,46.3507760422639
30.7575275654033,46.4401671385693
30.7123322072016,46.4897420976627
30.7287095197082,46.3683199714982
30.7312127271375,46.4824949489646
30.7065363991288,46.5562978386363
30.7139006068772,46.4776695138086
30.7018286034138,46.4248542084378
30.7120413781227,46.4468349471779
30.6936360521282,46.4836878138074
30.6323178568639,46.4429342971338
30.6349846556501,46.443270746192
30.8146261423351,46.5812616390798
30.6943709148901,46.4468799269985
30.6451299164656,46.5355009687749
30.6498065519221,46.4770164068132
30.7060793820048,46.3942823239595
30.6614630852727,46.4476715718414
30.6448806343979,46.4382168135473
30.7359309096053,46.4652173002684
30.6868379224085,46.4896251501291
30.7317891919189,46.4846449843902
30.6839322283075,46.3810096784912
30.7118777867658,46.4395428186591
30.7114285597064,46.3955849395646
30.6829558735425,46.457572529956
30.7497478875422,46.4514498767734
30.7652241492418,46.4331143026962
30.7265958155097,46.5131639898555
30.7152820450021,46.3933341493408
30.722311279972,46.4162360748072
30.6881830068985,46.46553035982
30.7123166270724,46.410426481176
30.7318878660707,46.4824409731799
30.6947578214326,46.4466190440389
30.7553904910109,46.4562195369518
30.6454804693732,46.4382060183903
30.7263776937005,46.4184202948964
30.7177956391841,46.3915709403725
30.6382123390884,46.461053968072
30.6546831323704,46.3472856081839
30.69756743807,46.4607840891482
30.6192149681833,46.4686987383844
30.7371539497497,46.4677289734518
30.7342742225308,46.4706436658279
30.6424345541092,46.4529791906744
30.8085395051834,46.5787409699323
30.7186888999265,46.4951000938949
30.7409217443346,46.4765504158716
30.7101016520338,46.4055074879931
30.6405623419136,46.4440803829632
30.6157561794947,46.488291948246
30.7029815329767,46.4769210495935
30.7319268163938,46.4731337486974
30.7050199332173,46.422243579649
30.6864406291132,46.4790656874406
30.6923844484136,46.4751272543472
30.7198418294894,46.4798015573059
30.7247963105839,46.5098264871655
30.7122672899965,46.4811167672609
30.6942255003507,46.3656355758036
30.7023479410548,46.3653423073732
30.6539352861675,46.3499322208291
30.636721840059,46.4425474706765
30.80474055034,46.5742393894848
30.7653358068346,46.4351509889739
30.7055808178695,46.5127123924565
30.7528379465057,46.4701614821509
30.7039449043006,46.4608200730047
30.75725750983,46.4386486198252
30.6544753973141,46.3653602993014
30.6369010115451,46.4690963599986
30.7456658936845,46.4472325687921
30.6441120146894,46.4403902384796
30.7468681603233,46.4440983748914
30.7337081445022,46.4272579300517
30.6397365950645,46.4448144536357
30.7204598412821,46.4163674158834
30.7585818208144,46.4358472765971
30.7239965306168,46.3966806479949
30.7066973937975,46.4625077158744
30.7334225087997,46.4926459948819
30.6818990214432,46.4596128146193
30.7274838828757,46.4698790088774
30.7096576183508,46.3630501357144
30.7575561289736,46.4380782756998
30.7097588891908,46.3893813227048
30.7367670432072,46.4667987907614
30.7043733578544,46.5142668950571
30.7092707118083,46.4722107627783
30.7670989581256,46.5568951706541
30.7607630389063,46.4765881989209
30.7207195101026,46.5527912118208
30.7517395473952,46.399667308084
30.7263257599364,46.497316699455
30.7523861227581,46.5489121520906
30.690372015055,46.4626408561434
30.7144277345827,46.4856903154214
30.6266570765778,46.4308689100509
30.7148821550185,46.4175746742688
30.7241938789204,46.5005786360463
30.7027582177911,46.3814450831548
30.6840257090828,46.3928051866503
30.7027841846731,46.4486143488816
30.8121930454873,46.5830374423979
30.7114051895125,46.4881300208918
30.7264426109056,46.3878646031535
30.7234200658354,46.4927143642093
30.6726184577999,46.4466478311241
30.7371409663087,46.483178642238
30.6819327783899,46.465201107533
30.7098393865251,46.3985644028824
30.7258999030708,46.4211118873623
30.6502116352821,46.4714281138995
30.7460320267214,46.4507032117511
30.7114441398356,46.4219629055684
30.7373642814943,46.4674123155147
30.7668392893051,46.436032593458
30.6427721235758,46.4517575387464
30.7261206215682,46.4879698927304
30.6710890084473,46.4697368726442
30.7005250659351,46.3955561524794
30.6405130048377,46.4426644182101
30.7494129147638,46.3795523323031
30.712895688542,46.4145520303232
30.7062481667381,46.4669751116582
30.6930258304001,46.3432446210995
30.6765991808176,46.513086624564
30.7292106805317,46.4526355448449
30.630250893053,46.4702082611643
30.6452052204235,46.4510306648452
30.7298053221306,46.3873410380415
30.6839192448665,46.489904025017
30.736104887715,46.4713651421507
30.7038124732022,46.4004031779493
30.7079152405655,46.4915898686938
30.766545863538,46.5826776038329
30.7026984939624,46.5133061260886
30.7143887842597,46.3934708879955
30.758246848036,46.4563130949787
30.7381692548377,46.4688570673529
30.682098966435,46.3925568980405
30.7310958761683,46.3902737223459
30.7272657610665,46.428270875612
30.811312768186,46.5779457267038
30.7226306726212,46.3877548523912
30.6348054841639,46.3990771728374
30.7379667131578,46.5492593963058
30.7139862975879,46.393598630686
30.7581637540134,46.4403542546231
30.7242120557378,46.444071386999
30.6232632050943,46.4448900197343
30.675259289704,46.4684360562319
30.7495193789802,46.4386468206324
30.7423577129118,46.4560342200909
30.7245002881285,46.423866451577
30.7325526182511,46.4479612418862
30.7069986096293,46.494862600442
30.7012858955791,46.4249567624288
30.6834933880009,46.3471650622646
30.6356675846479,46.4393305139058
30.6588560103153,46.441464356596
30.6933997535016,46.42885561328
30.7225995123627,46.4158528467355
30.7344507973287,46.4330837164182
30.7105976194809,46.4303417465533
30.7064610951709,46.3959753644076
30.8034396095495,46.5736240655387
30.6994889873415,46.3646082367007
30.6266311096957,46.4342999707678
30.709203197915,46.4454909501378
30.6433433949808,46.4509928817959
30.633359128834,46.4453542114831
30.7367878167129,46.4713381542583
30.6419775369851,46.4428083536361
30.6609749078903,46.4472667534558
30.7113766259423,46.4833657582918
30.6405986955485,46.4528478495982
30.6602893822043,46.4857964677981
30.7990797700539,46.5775930849101
30.6398326725281,46.4408472334571
30.7720923895431,46.5669130763024
30.6403052697814,46.4542440232302
30.6642285582107,46.4704979312091
30.7236381876446,46.4782074724632
30.7070791069636,46.4012775856621
30.6890788643291,46.3490596123091
30.7966544632708,46.5711411794405
30.6448001370636,46.4371319002739
30.7965609824954,46.5699519129834
30.6900993627935,46.494452384478
30.7456321367379,46.475181230132
30.6372489677645,46.4397065452062
30.7629935940741,46.4487007101371
30.7479250124226,46.4456996565054
30.6555737964246,46.351330193654
30.711664858333,46.4410793293315
30.7050614802286,46.4719013016124
30.6465087579022,46.4362628901396
30.7147575139847,46.4698124387429
30.7322332256019,46.4820829338077
30.7279616735053,46.4291452833248
30.7459021923111,46.3875029653958
30.7325266513691,46.4843067361391
30.748870206929,46.4578747943506
30.7392806373893,46.4710952632269
30.6402974797168,46.4429396947123
30.7379329562111,46.4695479573976
30.6848047155442,46.4823636078884
30.7219529369998,46.5104184216049
30.7122153562324,46.4206908762413
30.7463254524885,46.4502534135449
30.6617123673404,46.4479846313929
30.6989514728831,46.3504719786765
30.6822651544801,46.3350043179621
30.6642233648343,46.5265949642923
30.7246015589685,46.4747008456478
30.6139410944397,46.5152978325456
30.7245262550106,46.50727523174
30.8100455843421,46.5824005281379
30.6863809052844,46.3492737162553
30.7495972796263,46.468846272196
30.7267282466081,46.5238583920058
30.6906109103698,46.4943264409802
30.7369981484574,46.4670668704923
30.7645619937497,46.431340298571
30.7100808785282,46.4505970593744
30.8100377942775,46.5948689344135
30.6146240234375,46.5099902137126
30.7028854555131,46.40362013472
30.736193175114,46.4714856880699
30.6945994234521,46.4887309512952
30.6547272760699,46.3503550311429
30.7097978395139,46.4452354647567
30.7470083814863,46.4351851736375
30.7031710912156,46.4023103223435
30.6922312438095,46.4804150820592
30.7467409226012,46.4699437798191
30.8003080035747,46.5716593469741
30.643447262509,46.4548377568624
30.7107715975906,46.4068478866476
30.7129268488005,46.4686519593709
30.7059183873361,46.4607589004487
30.6554128017559,46.350333440829
30.7168919916889,46.4862030853764
30.6431798036239,46.4447856665505
30.7607786190355,46.5529261512827
30.7651592320367,46.4365291706776
30.6940463288645,46.4060076635984
30.7029373892772,46.442921702784
30.7067726977555,46.4767843109388
30.6448261039456,46.4411962768651
30.7057833595495,46.5139790242051
30.6953368829022,46.44632037803
30.7247989072721,46.4916240533574
30.7117453556673,46.4292514357015
30.7647385685476,46.4320779676292
30.7218594562244,46.498261275688
30.7633129867232,46.5746981836551
30.6493469381099,46.4484362287919
30.7240796246394,46.4778170476202
30.6892346656213,46.3519581119498
30.724315923266,46.4779285975754
30.6851267048816,46.3777081596578
30.716486908329,46.4183699174973
30.7326902427259,46.4474574678952
30.7262504559784,46.4388159447579
30.7149366854708,46.3958026418964
30.6409154915095,46.3916573016281
30.7238537127656,46.4979859991858
30.7516746301901,46.4688138867251
30.6466931227648,46.4357321282563
30.8120865812709,46.5821270508285
30.7231292367565,46.4633407421522
30.6392691911877,46.451525442872
30.7100678950871,46.450663629509
30.6444521808442,46.4412448550713
30.7645230434266,46.4309102914859
30.7297949353778,46.489821262147
30.7608123759822,46.4333913783913
30.6335460903847,46.443250955071
30.7967089937231,46.566157415316
30.7266737161558,46.504236395059
30.7064481117299,46.4602083474443
30.7113818193187,46.4460684910345
30.7201768022678,46.4696091299537
30.6419385866621,46.4431933809006
30.6440159372258,46.4374503574039
30.7115064603525,46.4413078268202
30.7621626538486,46.4506618303161
30.7207454769846,46.4102249715797
30.6133152925824,46.4704763408952
30.7138538664895,46.4010868712227
30.7020571119758,46.4240535676308
30.7472862271242,46.4655987291473
30.7535805993323,46.4530061785668
30.6365946023369,46.4425600650262
30.6549557846319,46.3498296668381
30.706170266092,46.421021927721
30.7140590048577,46.4337260282567
30.7023920847542,46.3831381236029
30.7227371368376,46.3861517715844
30.726359516883,46.416442981982
30.655451752079,46.3502956577797
30.7742294639355,46.5609127682318
30.7445908647678,46.4638247250221
30.7602540880182,46.4766403755128
30.6287811675292,46.5061273467178
30.6492171036997,46.5297057686863
30.6993253959846,46.4735961412534
30.6581834680703,46.4948464077066
30.7307972570248,46.4375025339958
30.7167050301382,46.3602811779571
30.7198989566299,46.4045071367826
30.6929687032596,46.4779645814319
30.7418929057232,46.4680474305818
30.7008626354017,46.437614083951
30.8072801114042,46.5772944189012
30.6429331182445,46.4450105656536
30.726307583119,46.4168693906815
30.7804926758851,46.5585126450036
30.7647645354296,46.4755428678897
30.6939840083476,46.4903286345236
30.8144807277956,46.5816142808735
30.7798201336401,46.574431903117
30.7115687808694,46.4172382252106
30.7592543630594,46.4436395807211
30.689927981372,46.4942724651955
30.723440839341,46.4982252918315
30.6345977491076,46.4369861656551
30.6482796992578,46.3636726564318
30.6522318587053,46.3490308252239
30.7038202632668,46.4933116962271
30.6665967378533,46.4695209695053
30.7146770166504,46.486577317484
30.7606513813135,46.4298847515758
30.8130239857128,46.5936958606917
30.6409466517679,46.4406205351612
30.729911786347,46.471073672913
30.7071881678682,46.4765612110286
30.799892533462,46.5819939105595
30.7361360479735,46.4508471471771
30.706970046059,46.4777108952436
30.7137681757788,46.3935410565157
30.7323708500768,46.4620723112108
30.6481316880301,46.4484956021551
30.720610449198,46.4167938245829
30.7226929931381,46.4113584630593
30.6944098652132,46.3428218107857
30.6448209105692,46.4412412566857
30.7526042445673,46.5473180672479
30.6619278924614,46.4478784790162
30.6611670628174,46.447182191393
30.7208363610718,46.4241003466442
30.7237965856251,46.4776263331808
30.7142018227089,46.4158510475427
30.7251416701151,46.4835906573949
30.7236381876446,46.4717195831371
30.6472747809226,46.4294025678988
30.6870508508412,46.4803629054673
30.6127466178655,46.4688804568597
30.7447934064478,46.442223615968
30.6411777570181,46.4444834021559
30.7071102672221,46.4331035075393
30.7220645945926,46.4713939292358
30.7191822706854,46.4956344541638
30.6918027902557,46.3494320452238
30.7403063292302,46.4739757709394
30.6952356120623,46.4675976323756
30.6467112995822,46.3885932762476
30.6369113982979,46.4393215179417
30.702275233785,46.4910663035818
30.6943605281373,46.5140743814248
30.696855945502,46.4330189454765
30.64077007697,46.443024256775
30.6484718541849,46.3888649543641
30.7017481060795,46.3688957132021
30.6927401946976,46.4435424243086
30.7493324174295,46.4458597846669
30.7002783805557,46.4268603084374
30.7038540202135,46.5126278303937
30.7126282296569,46.4144962553456
30.8112919946803,46.5808658166584
30.7938682168272,46.5795685986317
30.7240770279512,46.3948382745423
30.7178553630129,46.422459482788
30.704381147919,46.5021205442971
30.6890243338768,46.4458759774023
30.7259985772226,46.4875614759591
30.7724221689451,46.5617583888594
30.7069804328118,46.5572082302056
30.7059080005833,46.4546812270867
30.7052796020378,46.39647374082
30.740012903463,46.4378695693321
30.7109507690767,46.4796396299517
30.6864484191778,46.4810178116555
30.7290704593687,46.4247030762405
30.6489314679972,46.442572659376
30.7290392991102,46.3864540359789
30.6767965291211,46.3895072662025
30.7078113730373,46.4806363827766
30.6910445573,46.3942643320312
30.7020129682764,46.3476292540134
30.6402143856942,46.4391955744439
30.7397895882774,46.4584397408976
30.6408921213156,46.4441703426044
30.7217971357075,46.4234724283484
30.645592126966,46.442716594802
30.6556023599949,46.537850714604
30.7062819236848,46.3898976910455
30.7438222450592,46.3757236499721
30.7090707668166,46.4209535583937
30.744681748855,46.4207052697839
30.764400999081,46.429985506374
30.771697692936,46.5796225744165
30.7056768953331,46.442131857134
30.6548259502217,46.3503424367932
30.799448499779,46.5719418202476
30.6414140556447,46.4366227287045
30.7236226075154,46.3874867726603
30.636747806941,46.4442081256537
30.7188914416065,46.4040177563342
30.7575379521561,46.4638031347082
30.801149330553,46.5748133319959
30.6996707555158,46.4530691503157
30.7518538016762,46.4687293246624
30.7147886742432,46.4054319218945
30.6795464219298,46.3899120845881
30.7097536958144,46.4500105225136
30.6427046096824,46.4539669475352
30.766963930339,46.5556177437485
30.6424605209912,46.4373747913053
30.7119686708529,46.5080164991838
30.7956157879889,46.5753189051796
30.7439235158992,46.4418529822461
30.6946799207865,46.4398037016187
30.7110078962172,46.4003384070076
30.7330771492684,46.471597238025
30.7413476012002,46.4651651236765
30.7222333793259,46.4120709434179
30.7224982415227,46.4242730691554
30.649183346753,46.4432725453848
30.6370620062138,46.4386540174037
30.6389783621088,46.4544455328266
30.7068194381431,46.5128761190035
30.698252963756,46.3789675946351
30.6527460029698,46.4505862642175
30.7271489100973,46.4316731492436
30.808521328366,46.5840539863439
30.7316827277026,46.4861724990984
30.6858667610199,46.3751029284475
30.7224592911997,46.423825070142
30.7249209516177,46.4851667503094
30.7010002598766,46.5561593007888
30.7400778206681,46.4772862857369
30.7226462527504,46.5008143303063
30.7018675537369,46.3667078947272
30.6904888660242,46.4659873547974
30.7976775584234,46.5787157812328
30.6500636240544,46.3618932547281
30.694407268525,46.343300396077
30.6456466574183,46.447264954263
30.7361983684904,46.4812553051084
30.725014432393,46.4914675235817
30.7134851367645,46.4200377692459
30.7094239164124,46.4722431482491
30.6546182151653,46.3494824226229
30.7015221942057,46.3717672249504
30.6367737738231,46.4421768369546
30.6750385712066,46.4896809251067
30.7347286429666,46.4630582688787
30.7214751463701,46.415611754897
30.7486365049906,46.431905245118
30.7057106522798,46.4688264810749
30.7702669177353,46.5871899794374
30.728579685298,46.4911184801737
30.7283174197893,46.4687419190122
30.7049446292594,46.3857379572347
30.7365333412688,46.4665882852009
30.7068324215842,46.3956335177708
30.6737376304161,46.3274674992192
30.6537015842291,46.4872610107574
30.7022466702148,46.3830895453966
30.8077085649579,46.5833343092139
30.7977035253055,46.5713426890369
30.6607438026401,46.5376510042005
30.6547376628227,46.4741736821501
30.6917638399327,46.3438635434312
30.7118622066366,46.4106099988442
30.6543845132269,46.3496389523987
30.7146017126924,46.4177599911297
30.7220516111515,46.5531762390853
30.6448858277743,46.4468871237698
30.729670294344,46.4527003157866
30.642026874061,46.4550212745305
30.8094405559904,46.5849715746845
30.679865814579,46.4850336100404
30.7306518424853,46.4362988739961
30.6990241801528,46.363291227553
30.7232279109082,46.425498319469
30.7149418788473,46.4699383822406
30.7110130895936,46.4661438845732
30.710891045248,46.4726875488768
30.7531625325313,46.5490542883238
30.6175427009795,46.4668635617031
30.7471953430371,46.4496129008993
30.7225164183402,46.4230424212632
30.7468837404525,46.3866627423466
30.7498777219524,46.4385298730988
30.7012443485678,46.5565749143313
30.7093979495304,46.4796828105795
30.6594818121726,46.4858342508474
30.7312984178483,46.4208707955238
30.7272683577547,46.4680096475325
30.7427679896481,46.4848446947938
30.646506161214,46.4394510598251
30.6657372340576,46.3329244510567
30.697110420946,46.4883855062729
30.7480132998215,46.4350250454761
30.8058337560742,46.5836221800659
30.73159963368,46.4863452216096
30.708403417948,46.4171032857487
30.7653072432644,46.4345572553417
30.6908004686087,46.4935725791867
30.7069648526826,46.401864122523
30.6986814173098,46.4108330987544
30.7435625762388,46.421351180008
30.7664783496447,46.4304335053874
30.6742050342929,46.4605232061886
30.7565797742086,46.4596577944399
30.6124298219046,46.516064288689
30.7435340126685,46.477962782239
30.7058171164962,46.4607481052917
30.6501467180769,46.4433373163265
30.7303168697069,46.4793553574854
30.6372022273768,46.4393503050269
30.6693751942323,46.4705770956934
30.6945396996234,46.3433273839694
30.6959419112539,46.455508855786
30.6447378165467,46.4413851921117
30.7069051288539,46.5126854045641
30.8037044717464,46.5725895296645
30.701259928697,46.4658164314791
30.7062663435556,46.4747566206253
30.7034697103592,46.4003456037789
30.755772204177,46.429071516419
30.7328460440182,46.4809854261846
30.6328190176874,46.4742204611635
30.7537026436779,46.5495580623147
30.7431782663845,46.4546002634095
30.7010470002642,46.4924570796353
30.6975622446936,46.4048183971412
30.7488987704993,46.4609694060092
30.7096368448452,46.4260722619801
30.7025115324117,46.433835779019
30.7128125945195,46.4772359083378
30.7213115550132,46.5531492511929
30.7316100204328,46.4825381295924
30.8091782904817,46.5779151404258
30.6431875936885,46.4425636634119
30.7064143547832,46.5127573722771
30.7298416757655,46.4898482500394
30.7333446081535,46.4926891755097
30.6346990199476,46.4431843849364
30.6979205876659,46.45925657444
30.6862432808096,46.3510693106944
30.7484936871394,46.5451824253649
30.7068505984016,46.4721100079801
30.7067597143144,46.5124928909318
30.7645204467384,46.4309642672707
30.7500517000622,46.4703324054692
30.6915327346824,46.4796288347948
30.758462373157,46.4338339798262
30.6552310335816,46.5374926752319
30.7224021640592,46.3877764427051
30.7046563968687,46.5138368879719
30.7030386601172,46.3757740273711
30.7058690502603,46.5138728718284
30.6409700219617,46.4542997982078
30.7967089937231,46.5695309018624
30.7361646115438,46.4664011691471
30.7585298870503,46.4443250731873
30.7219010032357,46.4704259634961
30.6430317923962,46.4365939416193
30.7248274708423,46.5037416170322
30.6995902581814,46.4272705244014
30.7950575000249,46.5714596365705
30.6517281011936,46.3681022691664
30.7589583406041,46.4588301657405
30.6947318545506,46.4416892556991
30.7306570358617,46.4296472581229
30.7324357672819,46.4701434902226
30.7081359590629,46.3883809714942
30.6150914273143,46.488261361968
30.7235992373215,46.3918246265608
30.7188135409604,46.4952962059128
30.7117375656027,46.4748033996388
30.6448728443333,46.388249630418
30.7290860394979,46.4561187821536
30.7188732647891,46.4039511861997
30.7513967845522,46.4057935596523
30.6391419534657,46.4661366878019
30.7522666751007,46.450159855518
30.7521965645192,46.467644411389
30.7360243903807,46.4824445715655
30.7263413400656,46.3903870714938
30.6443509100042,46.4406133383899
30.7292470341666,46.4622864151569
30.7285017846519,46.4719372854689
30.7175749206868,46.422572831936
30.7726974178948,46.5606950659
30.7267282466081,46.4209553575865
30.715115856957,46.3922006578612
30.7979242438028,46.5760619718163
30.7573665707346,46.4328138374945
30.7503633026467,46.4303021643112
30.7068765652837,46.4753593502216
30.7601943641895,46.4815683646599
30.6539508662967,46.3497828878247
30.7120595549401,46.4097247959744
30.7045447392759,46.5585864119094
30.7012677187616,46.3792986461148
30.7572263495716,46.4332672340864
30.698252963756,46.4357699113056
30.6830571443825,46.4511979897779
30.7483223057179,46.4610791567715
30.7151028735159,46.4857928694124
30.6878662109375,46.4591000446643
30.6363998507216,46.4436233879857
30.6947396446152,46.4416370791071
30.6910185904179,46.4952026478859
30.6480434006312,46.4485009997336
30.7127554673789,46.4935042098593
30.7433184875475,46.4492368695989
30.7167985109136,46.4055146847644
30.6439847769673,46.4419699297797
30.7068869520365,46.4017489741822
30.7494492683987,46.4285839351635
30.6724886233896,46.3607021890781
30.7647541486768,46.4726479666347
30.7346896926435,46.4710412874422
30.6805461468886,46.3475051097085
30.7659382384981,46.4423387643088
30.6433356049162,46.4542206337235
30.718161772221,46.4031037663793
30.7334432823053,46.3929221341839
30.7585532572441,46.4392729397354
30.6549505912555,46.3502236900667
30.7043240207785,46.4021160095185
30.6140060116448,46.4924534812497
30.7265672519394,46.5047347714715
30.7936552883944,46.5659954879617
30.6398326725281,46.4538607951586
30.7568731999757,46.4366982948032
30.721181720603,46.410293340907
30.6636702702467,46.3598835563429
30.8083421568799,46.593364809212
30.6167559044535,46.4995333050151
30.7291042163153,46.3906587496104
30.6784246526254,46.3266308745556
30.6932699190913,46.4785493190999
30.7120933118868,46.4468565374918
30.7158325429014,46.4796378307589
30.7211479636563,46.4514012985671
30.739187156614,46.471156435783
30.6206405500076,46.4848464939866
30.7523913161345,46.4367486722023
30.6982036266802,46.4714263147067
30.7155832608338,46.3927907931077
30.7061235257043,46.4453002356983
30.7105976194809,46.3920783127491
30.7230487394221,46.5532787930763
30.6944046718368,46.4298469685265
30.7221502853033,46.415858244314
30.7278084689012,46.5559362008785
30.7208779080831,46.4071429542708
30.7079308206947,46.4768292907594
30.7581144169376,46.4521137789257
30.6408375908633,46.4365021827853
30.6543845132269,46.3495166072866
30.6460153871434,46.4438195000036
30.7213427152717,46.497377872011
30.7719469750037,46.5665100571096
30.7645749771907,46.431916040275
30.6422112389236,46.4374935380317
30.692846658914,46.4088503882615
30.7208779080831,46.5531204641077
30.7294859294814,46.5139232492275
30.7059365641536,46.5137757154159
30.6958614139196,46.3776523846802
30.7532560133067,46.4710107011642
30.7106521499332,46.475807349235
30.7642945348646,46.4733964308498
30.7350428422394,46.4923005498596
30.7131293904804,46.4839648895024
30.7019272775656,46.4250107382135
30.6239461340921,46.4710178979355
30.6810057607008,46.3475231016368
30.7464864471572,46.4706670553346
30.722641059374,46.410498448889
30.7269983021814,46.3881794618979
30.675145035423,46.5042327966734
30.6419645535441,46.4422038248469
30.7228851480652,46.4645426029592
30.7080320915347,46.4819138096822
30.7964207613324,46.5734459454491
30.7642555845415,46.452993584217
30.7045577227169,46.4046726625224
30.7480366700154,46.4382779861033
30.7308310139714,46.3870297776828
30.6441977054001,46.4412772405422
30.731269854278,46.4752693905804
30.71421480615,46.4195897702325
30.7119401072827,46.4394546582107
30.6505751716307,46.3515586911427
30.6958769940488,46.4693482469941
30.7149211053416,46.4189330648515
30.6170752971027,46.4876748251071
30.743920919211,46.4779411919251
30.7035450143171,46.460755302063
30.7104028678655,46.3953168598337
30.7073180022784,46.5593150850034
30.7666289575606,46.431093809154
30.692262404068,46.4828889721932
30.7951587708649,46.5753746801572
30.6624965671782,46.5229623939791
30.637090569784,46.4387241859239
30.6432888645285,46.3990735744518
30.6927064377509,46.4514030977599
30.7094394965416,46.487840350847
30.7442299251074,46.4627038278923
30.8146650926581,46.5894155809616
30.7406646722024,46.4761941756923
30.7495245723566,46.4596595936328
30.6809797938188,46.4515002541725
30.7097770660082,46.3900740119423
30.7312958211601,46.4825759126417
30.7074114830538,46.4646793416138
30.711462316653,46.4704493530028
30.6968247852435,46.4457806201826
30.7754654875209,46.5766467094843
30.7393948916703,46.4675688452904
30.7215608370809,46.5531600463499
30.7339106861821,46.378105781272
30.7180630980692,46.4194944130128
30.7260557043631,46.3679331450408
30.7529392173457,46.4668401721964
30.7257051514555,46.4234328461062
30.7825674297606,46.5621847975589
30.7993835825739,46.5760295863454
30.8048911582559,46.5746496054488
30.6585833580538,46.4918183661825
30.7075179472702,46.40504689463
30.7054146298244,46.3860006393871
30.7091201038925,46.4210003374071
30.6501051710657,46.5238817815126
30.7270580260101,46.4241993022496
30.6482771025696,46.3660655828887
30.6380513444197,46.4461584506758
30.8117879621274,46.5899157565669
30.7474420284165,46.4721783773074
30.7243211166424,46.4227221649404
30.7292833878015,46.4855014001748
30.7259700136523,46.4207052697839
30.7439494827813,46.375950348268
30.7109066253772,46.4819461951531
30.710408061242,46.3974381081741
30.755138612255,46.5634658228501
30.7097718726318,46.4430170600037
30.6485964952188,46.4477021581194
30.642369636904,46.4444959965057
30.7383302495064,46.4526373440377
30.7327343864254,46.4477345435903
30.7460190432804,46.450796769778
30.7068272282078,46.5129300947883
30.7508410932764,46.4565685803598
30.7526094379437,46.4156747266458
30.6542962258279,46.3504719786765
30.72911200638,46.4531483148
30.7643205017466,46.4318224822481
30.727779905331,46.3884277505077
30.703290538873,46.5128347375685
30.7348143336773,46.3875551419877
30.646506161214,46.3972204058423
30.6520267203371,46.4506366416166
30.717260721414,46.4526805246655
30.6541767781705,46.5367945884159
30.749428494893,46.4622450337219
30.6443041696165,46.3507940341922
30.6926103602874,46.466012543497
30.6230710501672,46.4448702286132
30.7386236752735,46.4541594611675
30.6851994121513,46.4840854354217
30.7256636044442,46.3857505515844
30.7154222661651,46.4897259049273
30.6411024530602,46.4373190163277
30.7308803510473,46.4533408284322
30.6923792550372,46.4296382621588
30.7606643647545,46.5939369525303
30.7150041993642,46.3922402401033
30.731929413082,46.4718005468142
30.7981475589884,46.5782479910984
30.7063442442017,46.4598844927359
30.6420814045133,46.4446849117523
30.6915509114999,46.4816277380231
30.7144666849058,46.3914683863815
30.7112831451669,46.4749095520154
30.7406750589552,46.4762877337192
30.6923454980905,46.5067750561348
30.7091460707745,46.4473495163258
30.6408505743043,46.442819148793
30.7180449212518,46.4058565314011
30.7611006083729,46.5757759001571
30.7115557974284,46.3955021766946
30.7110104929054,46.4840296604441
30.7307531133253,46.4575257509426
30.6804656495543,46.4875470824165
30.7057236357208,46.4680798160526
30.7306025054094,46.4278372701412
30.7407373794721,46.4606599448433
30.718592822463,46.4947618456438
30.7084579484003,46.4035967452132
30.7224203408766,46.5002439861809
30.6710240912422,46.4697836516577
30.6443457166278,46.4552821574901
30.7455905897266,46.4325385609923
30.7210830464512,46.4800390507588
30.7407971033008,46.4810969761398
30.7080476716639,46.4059878724773
30.7983397139156,46.5762778749552
30.6941242295107,46.4876406404434
30.7027867813613,46.4038720217154
30.7050770603578,46.3858962862032
30.7264244340882,46.4305108706788
30.6455635633958,46.4477975153391
30.7045317558349,46.3868264688936
30.7240952047686,46.4636052234975
30.7247313933787,46.4690207939
30.7464345133931,46.3871323316739
30.6855941087584,46.4824067885162
30.6346600696245,46.4366857004534
30.7030074998587,46.4429235019768
30.7524172830166,46.4008241890703
30.75890640684,46.4360865692428
30.7486832453783,46.4609802011661
30.7110857968634,46.4723546982043
30.7066506534098,46.4615109630494
30.7110572332931,46.3751910888959
30.7243055365132,46.5533471624037
30.6543637397213,46.3499682046856
30.710750824085,46.4749059536298
30.6449169880328,46.4435514202727
30.666744749081,46.4994397469882
30.7251676369971,46.4239941942675
30.6148343551821,46.4935293985589
30.7112441948439,46.4212126421605
30.7427212492605,46.4451419067298
30.6091553980785,46.4870199189189
30.7021038523635,46.3533596831603
30.6945526830644,46.406227165123
30.7047291041384,46.5587987166627
30.7974905968727,46.5758244783634
30.7309556550052,46.4747512230469
30.6537846782516,46.4872610107574
30.6183580610758,46.469441805021
30.6400819545958,46.4517449443966
30.7243211166424,46.4886949674387
30.6437952187284,46.5259400581041
30.6959211377483,46.4392207631435
30.7049238557538,46.5145043885099
30.7058742436367,46.4689200391018
30.7570835317203,46.4384687005427
30.8080539244891,46.5782839749548
30.6727197286399,46.5422119580112
30.7112364047792,46.3948166842284
30.7512513700127,46.4400286007218
30.7265724453158,46.3877440572343
30.7263257599364,46.4216750347164
30.7030100965469,46.4744345651097
30.7589375670984,46.4363528497808
30.7172009975853,46.4207718399184
30.6463062162223,46.4434236775821
30.7316307939385,46.4569680011669
30.7028101515552,46.3586277197512
30.673786967492,46.4836392356012
30.6400170373906,46.4691485365905
30.712794417702,46.4936139606216
30.7280525575925,46.449749639554
30.7337938352129,46.427356885657
30.756343475582,46.4350304430546
30.612003965039,46.4986966803516
30.7465747345561,46.4625293061883
30.7383042826244,46.4505844650247
30.7009561161771,46.4733046720157
30.6372593545173,46.4643842739906
30.6217778994413,46.4820271588302
30.6453480382748,46.4368638205431
30.6968793156958,46.4706544609849
30.7581767374545,46.462727217399
30.7523731393171,46.5486134860817
30.6427409633173,46.4365993391978
30.8004456280496,46.5802882757616
30.7512903203358,46.4464283295995
30.7117583391084,46.4795892525526
30.7261569752031,46.4221086401872
30.7241860888558,46.4979788024145
30.693519201159,46.3378542393965
30.713682485068,46.4928223157787
30.7112026478326,46.4148452987536
30.6443950537037,46.3878646031535
30.6909588665892,46.4509137173116
30.70573921585,46.4697818524649
30.6957445629504,46.3759035692545
30.6843528917966,46.3767168044113
30.761710830101,46.414113027274
30.7233369718128,46.4172526187532
30.7652864697588,46.5750328335205
30.7790774808136,46.5705996224003
30.7448531302765,46.3758244047702
30.7221424952387,46.4626300609864
30.7064429183535,46.4611115422423
30.7503087721944,46.4574681767722
30.7063935812776,46.4582472272653
30.6487652799521,46.3648889107813
30.7573302170998,46.4406457238607
30.7461722478844,46.4365759496911
30.7061365091453,46.380498707729
30.7095251872524,46.4051980268273
30.6374463160681,46.3952197034212
30.7059910946059,46.4023481053929
30.6390640528195,46.4518924782083
30.7680597327613,46.5554054389952
30.6567189359229,46.4708811592808
30.745278987142,46.4549205197323
30.688037592359,46.3491441743719
30.7067649076909,46.4631770156052
30.7024518085829,46.3535845822634
30.7966492698944,46.5774275591703
30.7212881848194,46.5017085291402
30.6859914020538,46.4534091977595
30.7144407180238,46.4742780353339
30.7076399916158,46.4024974383973
30.6374125591214,46.4498360008096
30.7233110049308,46.4168783866456
30.6922546140033,46.4821710942562
30.7198340394248,46.3793634170565
30.6465840618602,46.4372632413501
30.8084979581721,46.5779619194392
30.7092187780442,46.4707012399983
30.6600037465017,46.4916474428642
30.6722834850215,46.4907316537164
30.7072063446856,46.4335101251177
30.7211323835271,46.4851181721031
30.7910715836308,46.578847122309
30.6614449084553,46.4472271712137
30.6548389336627,46.3488509059414
30.6446365457067,46.3728557366094
30.7501373907729,46.4414337703179
30.6950330703823,46.4673961227792
30.6257690092118,46.5230433576562
30.6796165325114,46.4974642332666
30.6954848941299,46.3434065484537
30.7125347488816,46.3983161142726
30.7283122264129,46.4293755800064
30.6831947688574,46.4570075834091
30.6511256695301,46.3505619383178
30.7078139697255,46.4807407359605
30.7615524321205,46.431279126015
30.6558724155682,46.4283716304102
30.6435433399725,46.4432419591068
30.7552892201709,46.4085805093378
30.7730401807378,46.5680033871542
30.7219659204408,46.5531456528073
30.676934153596,46.4666008795507
30.6367088566179,46.3498044781386
30.7187044800558,46.3985122262905
30.6387420634822,46.4601669660093
30.7062118131033,46.4055938492487
30.7905678261191,46.5775732937891
30.7074971737646,46.3523161513219
30.6195109906386,46.4399584322016
30.68959820197,46.333834842626
30.6500013035375,46.4670003003578
30.6403442201044,46.4448756261917
30.6545481045838,46.3499682046856
30.7402569921543,46.4682183539001
30.7073205989666,46.4847385424171
30.6944410254716,46.3551372856711
30.7108988353126,46.3888397656645
30.6649608242844,46.4708757617023
30.7638453078052,46.4777936581135
30.7248845979828,46.5038729581084
30.6734623814664,46.474862773002
30.7396259969205,46.4341380434135
30.7418435686473,46.410005470055
30.7070089963821,46.4470760390164
30.6953992034192,46.3717384378652
30.7242302325552,46.4768778689657
30.7211323835271,46.4664389521965
30.7062533601145,46.466915738295
30.731485379399,46.4775039880687
30.6957341761976,46.4928690947922
30.7246560894208,46.391268675978
30.7692152590124,46.439287333278
30.640427314127,46.4430026664611
30.6950304736941,46.3704844004664
30.6498662757508,46.4499565467288
30.7228332143011,46.4660071459185
30.7591011584553,46.4816223404446
30.6688324863975,46.472491436859
30.6548103700925,46.3497882854031
30.7067571176262,46.4644598400892
30.7222385727023,46.499441546181
30.7280655410335,46.449616499285
30.7643776288871,46.4768292907594
30.7496881637135,46.4264464940877
30.7253545985478,46.4814658106689
30.8047483404046,46.5728144287676
30.6378591894926,46.4444492174922
30.7121634224683,46.3831435211814
30.7067467308734,46.3956299193852
30.6427799136404,46.4426770125598
30.7064896587412,46.4055434718496
30.658889767262,46.4923365337161
30.6412738344817,46.4705986860073
30.6547090992525,46.3496011693494
30.645262347564,46.4368602221574
30.6456025137188,46.4440318047569
30.7582520414124,46.575182166525
30.7554891651627,46.4503775578498
30.6633197173391,46.4976837347912
30.7488754003055,46.4607391093276
30.7071024771575,46.3805742738276
30.7066506534098,46.4213763687075
30.6614864554666,46.4472847453841
30.7582806049827,46.5752181503815
30.7106157962983,46.4810609922833
30.7023739079368,46.4787688206245
30.7057807628613,46.5128563278824
30.6946201969578,46.4408742213494
30.715269061561,46.491372166362
30.7091720376566,46.3885968746332
30.7296858744732,46.4530187729166
30.6163040807059,46.4797853645705
30.7147471272319,46.4312467405441
30.7499556225986,46.4429163052055
30.7038644069663,46.5585954078735
30.8114348125316,46.5813803858063
30.6689233704847,46.4642511337215
30.7082761802259,46.3883000078171
30.7955430807192,46.5703711249116
30.6919040610957,46.349430246031
30.7329083645351,46.4865737190983
30.718021551058,46.4215490912187
30.7413424078238,46.4808954665434
30.6468541174335,46.435827485476
30.8118554760207,46.5817438227569
30.6317595688999,46.4065096383965
30.6418373158221,46.4509173156973
30.7449933514395,46.3876738887141
30.6461659950592,46.4448450399137
30.7057158456562,46.5135921977478
30.779882454157,46.5744103128031
30.645148093283,46.4402499014393
30.8016582814411,46.5744642885879
30.712249113179,46.4895819695013
30.732259192484,46.4731607365898
30.6469761617791,46.392767403601
30.7313425615477,46.482439173987
30.7087487774792,46.3968677640486
30.7477380508718,46.4486377383883
30.6412972046755,46.4402229135469
30.6917326796742,46.4804906481578
30.6406168723659,46.4458184032319
30.7489558976398,46.4606851335429
30.7607604422181,46.4333230090639
30.7049186623774,46.3857811378625
30.8034603830551,46.579955425089
30.7342534490251,46.4467215980299
30.7187875740783,46.4255217089758
30.7024050681953,46.5588023150483
30.7038747937191,46.3852971549926
30.7560604365677,46.4274000662848
30.6746828249226,46.4898230613399
30.76294166031,46.4536556871765
30.7229916122816,46.4769102544366
30.7497946279299,46.4514930574012
30.7289198514528,46.3809880881773
30.7276344907915,46.4285299593788
30.728452447576,46.3894137081757
30.7023531344312,46.3515442976001
30.7645230434266,46.4310110462841
30.611318439353,46.5042795756868
30.6412244974058,46.4539723451137
30.7114129795772,46.4072149219838
30.6136294918551,46.5231746987324
30.7693554801754,46.5557184985467
30.6589391043378,46.4920450644784
30.7012131883093,46.3728971180444
30.7457567777717,46.437716637942
30.7243133265778,46.4146060061079
30.7526016478791,46.4153580687087
30.7436846205844,46.382274511047
30.7035787712638,46.4953070010697
30.6543118059572,46.3828160680873
30.7573120402823,46.4489525971326
30.8093652520325,46.5826398207836
30.7049030822481,46.5021943112029
30.713137180545,46.4703432006262
30.62422397973,46.5220609983739
30.8017699390339,46.5993129406906
30.709748502438,46.4975559921007
30.6444599709088,46.4434416695104
30.7490831353618,46.4384201223365
30.7222619428961,46.3856390016293
30.7641075733139,46.5541388072466
30.7160117143876,46.3909592148121
30.6975570513172,46.4064304739122
30.7301584717264,46.4792456067231
30.7220022740757,46.4990295310242
30.7651670221013,46.4759350919255
30.643447262509,46.4368296358794
30.741472242234,46.4670380834071
30.8036057975946,46.5799068468828
30.6613332508625,46.4473207292406
30.7499971696099,46.4448126544428
30.6454752759968,46.4370365430542
30.7326383089619,46.4530205721094
30.745125782538,46.446741389151
30.6959652814478,46.4391218075381
30.7298728360239,46.4621046966816
30.6410167623494,46.4417036492417
30.6374385260034,46.4381880264621
30.7970984969538,46.5776740485872
30.7312335006431,46.4749455358719
30.8073839789323,46.5729097859873
30.7986435264355,46.5749734601573
30.7834399169974,46.57665030787
30.7412748939305,46.4709963076216
30.7073283890313,46.3887102237812
30.7585948042554,46.4338321806333
30.7189511654352,46.4681247958733
30.7131423739214,46.4886140037616
30.6144604320806,46.4757749637641
30.6445508549959,46.3508156245061
30.7589090035282,46.4386953988387
30.7424226301169,46.4848680843005
30.7413398111356,46.4660395313894
30.7308543841653,46.3872060985797
30.7652916631352,46.4367990496014
30.6921922934864,46.479297783315
30.6763836556966,46.4654871791922
30.7393455545944,46.4811293616106
30.6454025687271,46.4438320943533
30.752448443275,46.547409826082
30.7118362397545,46.4172184340895
30.723783602184,46.4689758140794
30.7084683351531,46.3993398549899
30.7111143604336,46.4665379078018
30.7214777430583,46.4831696462739
30.7069960129411,46.5127663682412
30.7309322848114,46.5292271833949
30.643434279068,46.4410829277171
30.6986476603632,46.3432356251354
30.7934787135965,46.5671307786342
30.7498387716294,46.4387889568655
30.7072271181913,46.5591765471559
30.6880635592411,46.3616449661183
30.7492986604828,46.4308743076294
30.8120216640658,46.5830086553127
30.7143030935489,46.4152663098746
30.7988642449329,46.5700940492165
30.7184811648702,46.4686141763216
30.7293846586414,46.5136677638464
30.7121374555862,46.3877746435123
30.7029114223952,46.4458831741736
30.7196860281971,46.451135018029
30.7069181122949,46.5128905125461
30.6024663292634,46.5159239516487
30.7000992090695,46.3648853123957
30.6848696327493,46.340344322266
30.7586960750954,46.4334525509473
30.7323448831947,46.4277023306794
30.725762278596,46.4875092993672
30.7465591544269,46.4381250547132
30.7141992260207,46.3887552036018
30.7100575083343,46.4050612881726
30.6461114646069,46.4476733710342
30.6410505192961,46.4443088804519
30.7102159063148,46.4350754228752
30.6600686637069,46.3584442020831
30.7019168908128,46.3675715072831
30.644221075594,46.4754619042126
30.7029685495357,46.4036795080832
30.7487247923896,46.4594742767718
30.7473433542647,46.3791259236037
30.6573810914151,46.3498710482731
30.7576132561141,46.4399296451164
30.8005339154485,46.5710926012343
30.7050433034112,46.5144198264472
30.7046434134277,46.485704708964
30.715141823839,46.4803629054673
30.6161560694782,46.4958503573028
30.7205247584872,46.4097068040461
30.6915535081881,46.48846646995
30.6975596480054,46.404697851222
30.6582146283287,46.4349782664627
30.678152000364,46.4958107750607
30.7312750476544,46.4695497565905
30.6427072063707,46.4416766613493
30.7545595507854,46.4659927523759
30.730610295474,46.4718995024196
30.8092172408048,46.5782479910984
30.7044175015539,46.5144162280615
30.7076270081748,46.447716551662
30.7445778813268,46.4489418019757
30.7290808461215,46.4899831895013
30.7529729742924,46.4666512569498
30.7556917068426,46.5511593439288
30.7257674719724,46.4933170938056
30.6272387347356,46.4727523198185
30.6400507943373,46.4393467066412
30.634704213324,46.4431537986584
30.6303833241514,46.466946324573
30.6524603672673,46.3493114993046
30.6110925274792,46.5066958916505
30.6543767231623,46.349820670874
30.721270008002,46.4664191610754
30.6463815201802,46.4392099679865
30.7340457139688,46.4511907930066
30.6773963640964,46.3262008674705
30.7074815936353,46.4033250670967
30.7247365867551,46.3868750470999
30.6144318685104,46.4994955219658
30.7363307995888,46.4261028482582
30.6443768768862,46.4420059136362
30.7372266570195,46.45163879202
30.8084122674614,46.5828485271513
30.7973321988922,46.5718698525346
30.6460595308428,46.4427201931876
30.726003770599,46.4818868217898
30.7089149655243,46.4761761837641
30.7248638244772,46.5032864212475
30.7065467858817,46.4067219431498
30.6766121642586,46.4433481114835
30.7330537790746,46.3851981993872
30.7602203310715,46.4561979466379
30.6360467011258,46.4381970224262
30.731586650239,46.5277626404356
30.6899383681248,46.4937183138055
30.7201586254504,46.3965025279052
30.7340275371513,46.4815683646599
30.6165014290095,46.4872718059144
30.6375943272957,46.3949498244974
30.6423644435276,46.4433661034117
30.725533770034,46.4235318017116
30.7259959805344,46.4310902107684
30.7281408449914,46.4906884730886
30.6693570174148,46.3298496305191
30.7386184818971,46.453722257311
30.7001459494572,46.4440120136358
30.6548129667807,46.3491747606499
30.6420995813308,46.4368764148928
30.7110104929054,46.4663292014341
30.7598490046582,46.4732309051099
30.6684481765432,46.4929554560478
30.694750031368,46.4514084953384
30.6227776244001,46.421863949963
30.6424345541092,46.4392315583004
30.6403831704275,46.4523008949795
30.7408594238177,46.4809944221488
30.7383769898941,46.4715414630475
30.7595166285681,46.552481750655
30.6855291915533,46.4456672710346
30.7255000130873,46.4170942897846
30.7008055082612,46.476854479459
30.6376280842424,46.4132692058391
30.6404351041916,46.4765540142573
30.7491246823731,46.4677649573083
30.7664212225042,46.5549826286814
30.707832146543,46.4938334621463
30.7657668570766,46.5640001831191
30.7419396461109,46.4158996257489
30.6618162348686,46.4471354123796
30.7369384246287,46.4316191734589
30.8097028214991,46.584678306254
30.7718145439052,46.574545252265
30.7274553193054,46.4644076634973
30.722210009132,46.4119989757049
30.6369815088794,46.3960977095196
30.6630756286478,46.5251933930818
30.6959081543073,46.5530502955876
30.7162142560675,46.4667034335417
30.7097069554267,46.4129543470948
30.6122558437949,46.5149271988237
30.7124023177831,46.4898770371246
30.7618095042528,46.4309858575846
30.6558542387507,46.3900092410006
30.7053782761896,46.3891510260232
30.7567199953717,46.4684522489674
30.7630922682258,46.4373819880766
30.7312750476544,46.4701434902226
30.7112857418551,46.4472631550702
30.6549479945673,46.3497918837888
30.6358649329514,46.4406817077172
30.6223413807817,46.4444762053846
30.711867400013,46.3815854201951
30.8112738178629,46.5808028449095
30.7066766202919,46.3959303845869
30.7462449551542,46.450334377222
30.7635233184678,46.5583057378287
30.7509397674281,46.4271355849396
30.6577809813986,46.3501481239681
30.7127191137441,46.4846143981122
30.7187252535614,46.4731949212534
30.6155224775563,46.4864063941656
30.7102756301435,46.4795838549742
30.7112493882203,46.3948490696993
30.7473641277704,46.4705411118369
30.7411087058854,46.4692348978461
30.64325770427,46.4517215548899
30.7064766753001,46.4287134770469
30.7200158075991,46.4899490048376
30.690499252777,46.3403587158086
30.713124197104,46.3931254429731
30.6945734565701,46.4420616886138
30.7642426011005,46.5556249405198
30.7999626440435,46.5719022380054
30.7243782437829,46.4766259819703
30.7118050794961,46.422788735075
30.728210955573,46.4289491713069
30.7046563968687,46.4031739348994
30.70718557118,46.4047194415359
30.752422476393,46.4320329878086
30.8067374035694,46.5739767073324
30.7017948464672,46.4798393403553
30.6272828784351,46.4823959933593
30.7331836134848,46.4889144689634
30.7528405431939,46.5471561398937
30.8149117780376,46.5829150972858
30.751622696426,46.4688444730032
30.6368464810928,46.4413959872686
30.6410531159843,46.4373729921125
30.7604306628161,46.4334579485258
30.6489392580618,46.4438320943533
30.7655928789669,46.4359840152517
30.7019168908128,46.3685520673726
30.7187668005727,46.422069057945
30.71111955381,46.3998184402812
30.7305609583981,46.468846272196
30.7478445150882,46.4444852013487
30.7567485589419,46.4337836024271
30.7354816825459,46.4535747234994
30.719405585871,46.4313564913065
30.697897217472,46.4591000446643
30.7415397561274,46.4642907159637
30.7080944120516,46.4486143488816
30.7423629062882,46.4552605671762
30.6462698625874,46.4446615222456
30.7046719769979,46.4500537031414
30.7098861269128,46.4472109784782
30.7296365373973,46.4931659616083
30.7106911002563,46.4760160556027
30.7336665974909,46.446608248882
30.6458362156572,46.4420742829636
30.7274579159936,46.4143091392919
30.7093252422606,46.3705941512287
30.6868353257203,46.4779753765888
30.7195042600228,46.4122904449425
30.7151625973446,46.3642519965214
30.7480652335856,46.4612968591033
30.8009364021202,46.5803368539679
30.6483653899686,46.3829204212711
30.6947162744213,46.4395428186591
30.6835167581947,46.3928069858432
30.740355666306,46.4356277750724
30.6910056069769,46.4609388197312
30.745266003701,46.4450645414383
30.7055314807936,46.3874957686245
30.6445586450606,46.4401311547128
30.7106235863629,46.4797008025078
30.7026984939624,46.43838413848
30.6999875514767,46.5564111877842
30.7234590161585,46.4173479759729
30.7732738826762,46.5634244414152
30.6401364850481,46.4516028081635
30.6943735115783,46.3432410227138
30.7187849773901,46.4508327536345
30.7128333680251,46.4687563125547
30.6910471539882,46.4462843941735
30.6726989551342,46.4695677485187
30.7997237487287,46.5778737589908
30.7149366854708,46.4740585338093
30.7930710335484,46.5704358958532
30.7092707118083,46.4713237607157
30.6140163983976,46.4914477324606
30.7066065097104,46.3927458132871
30.7295404599337,46.4442405111246
30.7079515942004,46.472131598294
30.7170503896694,46.4860987321926
30.7215270801342,46.4156585339104
30.6903694183668,46.4963343401727
30.8090770196418,46.579340101143
30.7999522572907,46.5750094440138
30.7026076098752,46.4772556994589
30.7676390692722,46.4395176299596
30.7080217047819,46.4939108274377
30.7127191137441,46.3814594766974
30.6822184140924,46.4569662019741
30.7041214790985,46.4027331326574
30.8110037622896,46.5818481759407
30.8146443191525,46.5813102172861
30.6144708188334,46.4889612479768
30.7062585534909,46.466187065201
30.6905823467996,46.496588026361
30.7177722689903,46.4526787254727
30.6343354835989,46.443794311304
30.7067726977555,46.5127591714699
30.7616796698425,46.4335964863733
30.747270646995,46.4381016652065
30.6649790011018,46.3292433025372
30.6638961821205,46.3584388045046
30.7126515998508,46.3875173589384
30.8113335416916,46.5789514754928
30.7112390014674,46.4657426645733
30.7039319208596,46.4788695754227
30.6413621218807,46.4430494454746
30.6874559342012,46.4592601728257
30.747969156122,46.3939386781299
30.7014728571298,46.3681868312291
30.731625600562,46.4717609645721
30.7119167370888,46.4103850997411
30.7464189332639,46.4677667565011
30.6392380309293,46.4439616362367
30.728795210419,46.4903520240303
30.6353533853751,46.4379019548029
30.7064221448478,46.460868651211
30.752105680432,46.4676426121962
30.8114088456495,46.5833253132498
30.7358815725294,46.465724672645
30.6383915105745,46.453240073634
30.6425565984548,46.4419249499591
30.7062923104376,46.4600536168614
30.7045031922646,46.3866555455753
30.799017449537,46.5751209939689
30.772712998024,46.566814120697
30.6433174280987,46.4434056856539
30.7313685284298,46.469472391299
30.6941164394461,46.3432590146421
30.7404855007163,46.4611781123769
30.7037683295027,46.4440425999138
30.6470203054786,46.4455359299584
30.7074867870117,46.3964917327483
30.6403026730932,46.4531950938134
30.6343796272984,46.5318665992689
30.695778319897,46.4956164622356
30.7110468465403,46.483363959099
30.7135760208516,46.3892373872788
30.7270086889342,46.5055731953278
30.6608814271149,46.4491702994644
30.629134317125,46.4807173464538
30.6362388560529,46.3496479483628
30.7125477323226,46.399143742972
30.7127346938733,46.3948112866499
30.6228373482288,46.4841196200854
30.7149886192349,46.4421750377617
30.6607775595867,46.4720938152447
30.7121504390273,46.4824589651081
30.6383707370689,46.4441217643981
30.7234434360292,46.5533345680539
30.6540157835018,46.4740837225089
30.743666443767,46.4779537862749
30.7562889451297,46.4526895206296
30.7184214410415,46.4884232893222
30.6538002583809,46.4749833189212
30.690930303019,46.4623313949775
30.7215868039629,46.4236163637743
30.6540313636311,46.3494806234301
30.7667250350241,46.5571200697572
30.7016390451749,46.4249315737292
30.7090422032463,46.3954086186678
30.6835505151414,46.4483174820655
30.6973233493788,46.4274612388409
30.6442288656586,46.4530475600018
30.7264036605825,46.4160867418027
30.7139265737592,46.393897296695
30.8106428226292,46.5782785773764
30.6544546238084,46.4947726408008
30.7005328559997,46.4251942558817
30.7496985504663,46.4285137666433
30.6729066901906,46.3606608076432
30.7125762958928,46.3872600743644
30.6944384287834,46.4052538018048
30.7324279772173,46.4315795912167
30.6834544376778,46.4514318848451
30.6146889406426,46.48782955569
30.7144666849058,46.4304856819793
30.7134020427419,46.4933494792764
30.7074660135061,46.4034492114016
30.7320202971692,46.4859997765872
30.6369191883625,46.4408544302284
30.7212258643025,46.4077007040465
30.7246275258506,46.4296724468225
30.8058778997737,46.5764739869731
30.7207402836082,46.4115077960637
30.6546311986063,46.3505943237886
30.7270008988696,46.5053500954175
30.8087290634223,46.5781544330715
30.7647463586122,46.5778827549549
30.740900970829,46.4601561708524
30.7057418125382,46.51323055999
30.7093849660893,46.4113746557947
30.6171454076842,46.4888838826853
30.6616396600707,46.4476733710342
30.6417490284231,46.4446543254743
30.7406231251911,46.4371301010811
30.6395054898143,46.4545678779387
30.6931972118216,46.4964225006211
30.6530757823718,46.3680518917673
30.7618458578876,46.4309642672707
30.8058597229562,46.572933175494
30.6228892819929,46.5088747141613
30.6971675480865,46.4052178179483
30.7613135368057,46.4533138405398
30.7186291760978,46.4923959070793
30.7221269151095,46.406905460818
30.7227189600201,46.4250125374064
30.7358815725294,46.4799400951535
30.6335408970083,46.4038936120293
30.7363100260832,46.4813254736285
30.6566462286531,46.4707264286979
30.709849773278,46.4124145892474
30.7096394415334,46.3954284097888
30.7398960524938,46.4628423657398
30.7487221957014,46.4469698866397
30.6454441157383,46.4365507609915
30.7187979608311,46.4049839228811
30.7020674987287,46.4333985751626
30.726562058563,46.5042255999021
30.7084501583357,46.470098510402
30.8077812722277,46.5931974842793
30.7048563418604,46.3864144537368
30.7472005364135,46.4654386009859
30.8120917746473,46.5785646490355
30.6409907954674,46.4448342447567
30.6956173252283,46.4326303198264
30.6152238584128,46.4847925182018
30.7110494432285,46.3957540636901
30.7242302325552,46.3947465157082
30.6545195410135,46.3494878202014
30.6396483076656,46.4413024292417
30.7077931962199,46.4804618610726
30.7344066536292,46.4920882451062
30.7260453176103,46.481813054884
30.7609058567575,46.4336774500504
30.6787310618336,46.3854320944545
30.6695543657184,46.4693302550658
30.7486962288193,46.4581194845748
30.7341911285082,46.4726407698634
30.7050926404871,46.3896889846778
30.8049378986436,46.5785160708292
30.7969816459846,46.5773016156725
30.7203871340124,46.484297740175
30.6451195297128,46.4403074756096
30.7117038086561,46.3811500155315
30.7963792143211,46.57752291639
30.6913795300784,46.4798447379337
30.7333705750356,46.4458921701377
30.7410775456269,46.4765252271721
30.7219763071936,46.4099460966918
30.716829671172,46.4711852228682
30.6366413427246,46.4382725885248
30.7126775667328,46.3895774347227
30.7407763297952,46.4605843787447
30.7171932075207,46.5256809743373
30.6444340040267,46.4444114344429
30.7239809504876,46.398609382703
30.7057937463023,46.5132737406178
30.7767560415586,46.5673412841947
30.7274734961228,46.4705411118369
30.742105834156,46.4848950721928
30.7589479538512,46.4444708078061
30.7284083038765,46.4720542330025
30.7647956956881,46.4763039264546
30.7256895713262,46.4896521380215
30.692301354391,46.4828547875296
30.6710838150709,46.332006862716
30.7103535307897,46.3928969454844
30.7378057184891,46.4548845358758
30.6341615054892,46.4416838581206
30.70594175753,46.4437889137256
30.7130566832107,46.4924210957788
30.7169283453238,46.4899849886941
30.7573873442403,46.4405539650266
30.6182749670532,46.4673313518375
30.7414203084699,46.4664461489678
30.7306726159909,46.4370545349825
30.7219659204408,46.498743459365
30.7253649853007,46.426916083415
30.7496985504663,46.4686501601781
30.7199924374053,46.4112667042252
30.6410141656612,46.442849735071
30.7051783311978,46.5135112340707
30.7081852961388,46.4312845235935
30.7026673337039,46.4333445993778
30.710306790402,46.4511440139932
30.7652916631352,46.4758847145265
30.7011223042222,46.4657570581159
30.6107887149593,46.5071079068073
30.7095719276401,46.4645012215242
30.7038176665786,46.379922966025
30.6404610710736,46.3920927062917
30.731612617121,46.4701938676217
30.714482265035,46.4857155041209
30.687123558111,46.4790674866334
30.7756212888132,46.5661826040155
30.7340379239042,46.4466946101375
30.642774720264,46.4517035629617
30.7021324159338,46.4239905958819
30.6602140782463,46.4492926445765
30.6933062727262,46.4847673295023
30.6632444133811,46.5257835283283
30.6441847219591,46.4395410194663
30.706614299775,46.3957072846767
30.7350843892506,46.4342495933687
30.6441977054001,46.4448630318419
30.6732156960869,46.5135724066267
30.7966934135939,46.5693221954947
30.7112182279618,46.3931956114933
30.6978141234495,46.4852207260941
30.7224904514581,46.4157305016234
30.726092057998,46.4656113234971
30.7200054208463,46.4716134307605
30.7344793608989,46.46306546565
30.7134929268291,46.4611529236773
30.6442184789058,46.49695686089
30.7066194931514,46.463497271928
30.7080918153634,46.3982027651246
30.6695699458476,46.3312494025368
30.7112597749731,46.4795928509383
30.7204702280349,46.4255343033255
30.764730778483,46.4438824717524
30.6459972103259,46.4365381666418
30.6411414033833,46.4539993330061
30.7127710475082,46.3895954266509
30.7277747119546,46.4232349348955
30.798433194691,46.5703117515483
30.7202443161611,46.3832514727508
30.7025764496168,46.4034438138231
30.7897732395285,46.5678288654502
30.6543144026454,46.3507418576003
30.7951925278116,46.5715513954046
30.7350610190568,46.5562762483224
30.7422434586308,46.4625311053811
30.6509932384316,46.4684522489674
30.7116285046981,46.4805338287856
30.7578703282463,46.4380225007222
30.6899695283833,46.5483490047365
30.69363345544,46.3432554162564
30.72457039871,46.4245267553437
30.7584338095867,46.4341650313059
30.7289951554108,46.5588113110125
30.7284888012108,46.3893633307766
30.6350963132429,46.443877074174
30.7230824963688,46.4766619658267
30.7991394938826,46.5730195367496
30.7573873442403,46.4489615930967
30.7964311480852,46.5688795940598
30.7005640162582,46.3790233696127
30.706411758095,46.4307825487954
30.7078762902424,46.4809530407138
30.7049783862061,46.3873338412702
30.7222281859495,46.412151907095
30.7066298799042,46.4033574525675
30.7198288460484,46.4168855834169
30.7461826346372,46.4660611217033
30.7129554123707,46.4688210834964
30.686222507304,46.4902206829541
30.7441078807617,46.4808019085165
30.7350142786691,46.4769228487863
30.6864717893716,46.4896377444789
30.7501347940847,46.4368080455655
30.6308143743934,46.4831012769466
30.716016907764,46.4696739008954
30.7009067791012,46.4376824532783
30.7485040738922,46.4384417126504
30.7231837672088,46.4729592269934
30.7409191476464,46.4607463060989
30.7109767359588,46.4077043024322
30.7194289560649,46.497737710576
30.7189693422526,46.4039673789351
30.7401037875502,46.5583651111919
30.7275332199515,46.4660827120172
30.7039215341068,46.3823230892533
30.8082980131804,46.5765909345067
30.7080346882229,46.4799436935391
30.7107222605147,46.4125945085299
30.7735958720136,46.5800435855375
30.7369462146934,46.4522721078943
30.610557609709,46.4868741843001
30.7049082756245,46.3877530531984
30.6471631233298,46.4460307079852
30.6505336246194,46.4714712945273
30.7464293200167,46.3872762670998
30.6343562571045,46.443968833008
30.7261232182564,46.4880940370353
30.7472394867365,46.387736860463
30.7171490638212,46.4194008549859
30.7036618652863,46.4788749730012
30.7291146030682,46.5257043638441
30.7281668118735,46.4504729150695
30.7069362891124,46.3968695632415
30.7071907645564,46.4047734173206
30.7446635720375,46.3872150945438
30.6249043120397,46.4768580778446
30.7540999369732,46.4408130487934
30.6286435430543,46.505438255866
30.7131060202866,46.3825174020783
30.7305817319038,46.4701039079805
30.7083878378187,46.5593456712814
30.7188888449183,46.4222921578553
30.740241412025,46.4580079346196
30.7483171123415,46.4383373594665
30.6516813608059,46.3470948937445
30.6540183801901,46.349255724327
30.7053782761896,46.4509119181188
30.7109949127762,46.3882892126602
30.7137422088967,46.4735565590112
30.7121114887042,46.3878214225257
30.6411803537063,46.4441721417972
30.7214310026706,46.4972681212487
30.6858693577081,46.4813506623281
30.7030049031705,46.4003671940928
30.716689450009,46.4692187051107
30.6979257810423,46.4871062801745
30.7319397998348,46.4434092840395
30.7190991766629,46.4223605271827
30.7026465601983,46.4550464632301
30.644119804754,46.4446111448465
30.7495505392387,46.4598665008076
30.6429045546742,46.4368278366866
30.7196263043684,46.4122922441353
30.71256590914,46.4925650312048
30.7523601558761,46.43568355005
30.700231640168,46.3483453327577
30.8083785105147,46.5726399070636
30.7553567340642,46.4562537216155
30.7342508523369,46.4818058581127
30.6397158215589,46.395539959744
30.6984529087478,46.4299783096027
30.7070765102754,46.5127933561336
30.7060741886284,46.4321085539072
30.7605553038499,46.5562366660802
30.7262270857846,46.4377382282559
30.7065961229575,46.463846315336
30.6290512231025,46.4834143364981
30.7120699416929,46.3931956114933
30.634374433922,46.4449691842186
30.6368932214805,46.3962776288021
30.744237715172,46.460098596682
30.7978255696511,46.5697468050014
30.7471356192083,46.3918552128388
30.717159450574,46.3886832358888
30.7161597256152,46.4980399749705
30.7332277571843,46.4516010089707
30.7240328842517,46.3950217922104
30.7469174973992,46.4709765165005
30.7463228558003,46.4706652561418
30.7224722746407,46.471012500357
30.8156933811872,46.5830374423979
30.6853032796795,46.4840386564083
30.7113532557484,46.4631392325558
30.7263725003241,46.4957010242984
30.732069634245,46.4860573507576
30.733515989575,46.4465938553394
30.7041837996154,46.4032728905048
30.646695719453,46.3751119244116
30.7120387814345,46.4061318079033
30.7101094420984,46.4072347131049
30.6422527859348,46.442932497941
30.7473303708237,46.4657282710307
30.7019220841892,46.4242820651195
30.727234600808,46.4672881712097
30.7579378421396,46.4330819172254
30.7425290943333,46.4623853707623
30.6428396374691,46.4445301811694
30.7056976688387,46.4650211882505
30.760848729617,46.4765863997281
30.7301039412741,46.4901271249272
30.6132399886244,46.4941195338054
30.7128333680251,46.4145502311304
30.7361412413499,46.4719714701326
30.6344237709979,46.4096114468264
30.7408646171941,46.43949244126
30.7226098991155,46.4239294233259
30.6084906458981,46.4840872346145
30.7039189374186,46.3855328492526
30.7203611671303,46.3987155350797
30.7237965856251,46.5006811900373
30.708187892827,46.3883036062028
30.7650449777557,46.4330333390191
30.6865418999531,46.4805464231354
30.6888217921968,46.4800750346153
30.7029010356423,46.3755095460259
30.6324996250382,46.442952289062
30.7575379521561,46.4402481022464
30.7473641277704,46.444924204398
30.710535298964,46.5581833927166
30.7241705087265,46.3954176146319
30.6872274256392,46.3481942005604
30.7452997606477,46.4721477910294
30.666859003362,46.4899526032232
30.6400352142081,46.4393035260134
30.7101951328092,46.4306062278985
30.6827767020564,46.4502822006301
30.7227059765791,46.409830948351
30.730039024069,46.3950020010894
30.6435693068546,46.4409893696902
30.7152664648728,46.4200989418019
30.7400180968394,46.4587851859199
30.780770521523,46.5613175866174
30.7217088483085,46.411997176512
30.6705722674946,46.482932152821
30.7447804230067,46.468076217667
30.7118622066366,46.4332942219787
30.7364917942575,46.4714209171282
30.654207938429,46.3503712238784
30.6382279192177,46.4442800933667
30.7304778643756,46.4358598709468
30.6941605831455,46.486474763493
30.7243392934598,46.3944802351702
30.7249469184997,46.4806075956914
30.6841841070633,46.3443115424446
30.7238407293245,46.5046664021441
30.7315892469272,46.4414931436812
30.7096887786093,46.4170151253003
30.8104117173789,46.5793239084076
30.7634739813919,46.436628126283
30.7971971711055,46.5721289363013
30.6552699839047,46.4331592825169
30.7024024715071,46.4242082982137
30.7119115437124,46.4705069271732
30.7077023121327,46.4803035321041
30.7248404542833,46.3693796960719
30.6889698034245,46.4799292999965
30.7222307826377,46.3852953557998
30.6711772958463,46.4697530653797
30.6998187667434,46.3790395623481
30.8130421625302,46.5941546548621
30.6232761885354,46.4850875858251
30.7173204452427,46.3886058705973
30.7122984502549,46.4896809251067
30.7048303749784,46.5143784450122
30.7967219771641,46.5724222047318
30.6436420141243,46.4464751086129
30.7048303749784,46.5135202300348
30.6974869407357,46.4708649665454
30.7243133265778,46.4175332928338
30.8018634198093,46.5993291334261
30.6675133687896,46.3341874844196
30.6142163433894,46.490283654703
30.7259232732647,46.4777774653781
30.7772857659524,46.5750634197985
30.625200334495,46.4426482254747
30.7215452569516,46.4071915324771
30.7469824146043,46.4441955313039
30.7254299025058,46.3799841385811
30.7411736230905,46.4693824316578
30.7684050922925,46.4363618457449
30.6596038565182,46.4921044378417
30.7079230306301,46.3976000355283
30.6959211377483,46.4288844003652
30.7325292480573,46.4622612264574
30.7228384076776,46.3932657800135
30.6557919182338,46.3502182924883
30.6428084772106,46.4368314350722
30.7221866389382,46.471474892913
30.6866120105347,46.4811599478886
30.7533027536944,46.5464472579207
30.6415516801196,46.442326169959
30.6546545688002,46.534360280524
30.7541622574901,46.4037658693388
30.6390562627549,46.4519338596432
30.7641569103897,46.4420940740846
30.6391575335949,46.4442405111246
30.626672656707,46.468486433631
30.7142901101079,46.4158564451212
30.7466292650084,46.4460019209
30.6446417390831,46.4380908700495
30.6984581021242,46.4296202702306
30.7516019229203,46.4616369065472
30.7557098836601,46.4397731153407
30.8116269674587,46.5936328889429
30.6917872101265,46.345128375987
30.6471942835883,46.4311639776742
30.74111649595,46.4618869943498
30.6168415951643,46.4666152730933
30.7117245821617,46.4795928509383
30.6398586394102,46.4405773545334
30.7053029722316,46.3891528252161
30.7108443048603,46.3595309145492
30.6144448519514,46.4894056486045
30.6455869335896,46.4447154980303
30.7086423132628,46.3770424583126
30.623068453479,46.4459011661018
30.6399001864214,46.4549421100462
30.6366387460364,46.4442549046672
30.7186395628507,46.488979239905
30.7029763396003,46.4412700437709
30.7453906447348,46.43830137561
30.6117468929068,46.4853646615201
30.7219113899885,46.406648176244
30.6553712547447,46.52672090779
30.6491314129889,46.4439220539946
30.6360726680078,46.4693212591017
30.6936126819344,46.4434578622458
30.7089071754597,46.4757947548852
30.7308751576709,46.4723726901325
30.6665759643477,46.4694184155143
30.7106339731158,46.4453740026042
30.6350807331136,46.4439976200932
30.6448884244625,46.4408040528293
30.7137941426608,46.4013027743617
30.708213859709,46.4201565159723
30.7112364047792,46.4792761930011
30.7051965080152,46.4222633707701
30.7273566451536,46.4625347037667
30.714799060996,46.4185030577664
30.7057028622152,46.4205685311292
30.7512773368947,46.446700007716
30.6920676524526,46.4797619750638
30.7390417420745,46.4377526217985
30.6920209120649,46.4815539711173
30.6101577197255,46.4846215948835
30.7189953091347,46.4680852136311
30.7111766809505,46.445838194353
30.6443535066924,46.4405323747127
30.7212777980666,46.4945621352403
30.6544338503028,46.3504323964344
30.6841633335577,46.3426706785884
30.6412894146109,46.4369267922919
30.814714429734,46.5813821849991
30.6610969522359,46.4473153316621
30.7297430016137,46.4703683893257
30.7448557269647,46.4676318170393
30.7050562868522,46.5140491927253
30.7109248021947,46.3893705275479
30.6267687341706,46.4684756384741
30.7066740236037,46.4419069580309
30.7391040625914,46.4525707739032
30.752980764357,46.432963170499
30.7165829857926,46.4692007131825
30.6984581021242,46.4356331726509
30.7084683351531,46.4642043547081
30.7313269814185,46.4203184433266
30.6812758162741,46.3446299995746
30.7199197301355,46.4178337580356
30.6497987618575,46.3510027405598
30.7241029948332,46.394307512659
30.7403712464353,46.4579557580277
30.692402625231,46.4765486166788
30.704165622798,46.3826829278182
30.6835686919588,46.4482131288816
30.7571977860013,46.4521767506746
30.7243315033952,46.4865935102194
30.6133983866049,46.4942850595453
30.7038903738483,46.5143856417835
30.7204468578411,46.4972051494999
30.7170166327228,46.426074061173
30.7204494545293,46.4282276949842
30.731054329157,46.4280009966883
30.7101665692389,46.4504099433207
30.7958287164217,46.5676183598897
30.7344066536292,46.4628387673541
30.6930543939704,46.4494527727379
30.7493661743761,46.4690046011646
30.7219035999239,46.4970270294102
30.7010470002642,46.432223702248
30.6954719106889,46.4039763748993
30.805413092585,46.5734369494849
30.6163871747284,46.4895423872592
30.7222515561433,46.4715000816125
30.7172529313494,46.4649366261878
30.6458725692921,46.4440318047569
30.7845123492259,46.5762167023992
30.7081203789337,46.4825381295924
30.6450701926369,46.4399836209012
30.729150956703,46.4532292784771
30.7146043093807,46.4331322946245
30.6755864724178,46.3890178857542
30.705624961569,46.5547379384572
30.71111955381,46.4748159939885
30.7066636368509,46.4467755738147
30.723986143864,46.4980057903069
30.6945578764409,46.4514102945312
30.6631431425411,46.357684942711
30.7370293087159,46.471895904034
30.7503061755062,46.430930082607
30.7391559963555,46.4381052635921
30.6293654223752,46.5060050016058
30.6498922426329,46.3645164778666
30.6926726808043,46.4420724837707
30.6383136099284,46.4544113481629
30.6340394611436,46.4462807957878
30.7039319208596,46.3850218784904
30.7099925911292,46.4096006516695
30.7075075605174,46.4227563496041
30.6425903554014,46.4430152608109
30.6417879787462,46.3909034398346
30.6432421241408,46.4544833158759
30.6232164647066,46.4840188652872
30.7285199614693,46.3908962430633
30.6945786499465,46.488671577932
30.6860667060117,46.4825885069915
30.6153562895112,46.4874265364973
30.7040721420226,46.4788857681582
30.7242587961255,46.4125495287092
30.6373320617871,46.4386252303185
30.7038254566432,46.3817761346345
30.7077905995317,46.5130812269855
30.7144225412063,46.4630330801792
30.6625381141895,46.4471534043079
30.6408323974869,46.445622291214
30.750049103374,46.4306997859254
30.7460553969152,46.4378407822469
30.6430655493429,46.4414877461027
30.6455583700193,46.4472595566845
30.7069362891124,46.4060130611769
30.6749996208835,46.5044990772114
30.6835686919588,46.4459533426937
30.6608658469857,46.3775354371466
30.70563794501,46.4218657491558
30.6945007493003,46.4046996504148
30.7582832016709,46.4579413644851
30.7032463951736,46.4005237238685
30.8113205582506,46.5819129468824
30.7062170064797,46.4470166656532
30.65411965103,46.4752585954234
30.7347364330312,46.4632867663675
30.703937114236,46.3851460227953
30.71690497513,46.4632040034975
30.7128723183482,46.4144458779465
30.6997434627855,46.4350844188394
30.7493116439238,46.4410289519324
30.6755449254065,46.4624051618833
30.7097796626964,46.4068802721184
30.7036618652863,46.3867634971448
30.6962794807205,46.4286702964191
30.6552751772811,46.3503820190353
30.7154586198,46.4186164069143
30.6534107551502,46.3454738210094
30.6445196947375,46.4399998136366
30.7459852863337,46.4302859715757
30.8035512671423,46.5706248110998
30.648599091907,46.4493124356976
30.7216231575978,46.4123048384851
30.638207145712,46.4442477078959
30.7043214240903,46.4324324086157
30.6457738951403,46.4764856449299
30.7240900113922,46.4997923887819
30.7092239714206,46.4407230891522
30.709660215039,46.4210848994699
30.6551505362473,46.3503982117707
30.6156912622896,46.482799012552
30.7218984065475,46.4116769201892
30.6552518070873,46.4508525447556
30.8014869000196,46.574658601413
30.7649307234747,46.475632827531
30.7098575633426,46.4473045365051
30.7141498889448,46.3886058705973
30.6548181601571,46.3502992561654
30.7545699375382,46.4045791044956
30.7474472217929,46.4342046135481
30.6121234126964,46.4993605825039
30.6866146072229,46.4905265457343
30.7432327968368,46.4486485335452
30.7260686878041,46.4722269555137
30.7179877941113,46.5009366754184
30.7133812692363,46.3642735868353
30.750861866782,46.4509532995537
30.630466418174,46.4586268569513
30.6911042811287,46.4605735835877
30.7119530907237,46.4165581303228
30.7611135918139,46.4339563249382
30.7329914585577,46.427254331666
30.7249209516177,46.5204705119168
30.7229422752057,46.5022932668083
30.6463295864161,46.3771845945458
30.7342352722077,46.4890134245687
30.7112545815967,46.4787490295035
30.7594880649978,46.4820037693235
30.8089004448439,46.5826470175549
30.7941798194118,46.5706050199788
30.7211194000861,46.4741376982936
30.7984124211853,46.5766682997982
30.7033632461428,46.4750175035849
30.8154518891841,46.5824041265235
30.760822762735,46.4407626713943
30.6619876162901,46.44719298655
30.709977011,46.4068406898763
30.7142901101079,46.4303849271811
30.7053419225547,46.4039727765136
30.7234096790826,46.4160273684395
30.6131153475906,46.4945459425049
30.7097433090616,46.4863937998159
30.7058612601956,46.5139322451916
30.6928154986555,46.3656067887184
30.6973441228844,46.3433795605613
30.6462049453823,46.4401365522913
30.7286394091267,46.469749466994
30.7175333736755,46.5380864088641
30.6967001442097,46.4754637034055
30.7367982034657,46.4316965387503
30.6942826274912,46.3657417281803
30.7223268601012,46.385313347728
30.7435963331854,46.4191975461967
30.6124661755394,46.4866402892329
30.714342043872,46.4630186866366
30.6904083686898,46.4963649264507
30.7408022966772,46.4381088619778
30.6410271491023,46.4468295495994
30.7191329336095,46.4679466757836
30.6959652814478,46.4053059783968
30.7667354217769,46.593282046342
30.7271670869147,46.4673727332725
30.7051082206163,46.465807435515
30.6751554221758,46.4683874780257
30.7031788812802,46.3824472335582
30.7390573222037,46.4684396546176
30.6545662814012,46.3498710482731
30.7229942089698,46.5532769938835
30.6249095054161,46.4969010859125
30.736104887715,46.4827792214309
30.725801228919,46.4859116161388
30.7099276739241,46.4214015574071
30.7395844499093,46.4767753149747
30.7210830464512,46.5531564479642
30.7368033968421,46.5306215578341
30.6368854314159,46.440755474623
30.7024180516363,46.3492035477351
30.7466889888371,46.4458256000032
30.7206545928975,46.4171068841344
30.7116674550212,46.4084941480822
30.6624108764674,46.4471677978505
30.7062559568027,46.513898060528
30.7252481343315,46.4294565436835
30.7059573376592,46.4218153717568
30.7146276795745,46.3978825088018
30.7238485193892,46.3858585031539
30.746369596188,46.4677361702231
30.7128463514661,46.3815728258453
30.7981683324941,46.5710422238352
30.7248534377244,46.4378299870899
30.8106558060702,46.5787373715467
30.6844230023781,46.4852639067219
30.7264997380461,46.4958575540741
30.7138460764249,46.4147625358837
30.7245210616342,46.4181648095153
30.7059469509064,46.4026431730161
30.7222827164018,46.4158960273633
30.6232632050943,46.4424503142639
30.719075806469,46.4043092255718
30.8081136483178,46.5783685370176
30.6473345047513,46.3717672249504
30.6566020849537,46.4709279382942
30.7131579540507,46.3825551851277
30.7497790478007,46.4370599325609
30.6310428829554,46.4806471779336
30.7471044589499,46.3913478404623
30.6956796457453,46.4422200175824
30.6475811901308,46.3887246173238
30.6117287160893,46.5006721940732
30.7299195764116,46.4709981068144
30.6412582543525,46.442891116506
30.6436783677592,46.4468763286128
30.7117765159258,46.4721855740787
30.6861653801635,46.4902278797254
30.7126048594631,46.399235501806
30.7141576790095,46.4620147370404
30.7219607270644,46.4706454650207
30.7526977253427,46.4703000199984
30.7201092883745,46.4117488879022
30.7113584491249,46.3814936613611
30.7464007564464,46.4442315151604
30.7654344809864,46.5929401997053
30.7040435784524,46.3823518763385
30.7181409987154,46.4526301472664
30.7780725624784,46.5784387055378
30.7040747387108,46.4790243060057
30.735190853467,46.4814118348841
30.7062611501792,46.4455413275369
30.7461566677552,46.4554998598219
30.6950252803177,46.5151053189134
30.7472446801129,46.3900380280858
30.7941902061646,46.5730231351352
30.6402299658234,46.453137519643
30.7090863469458,46.4934394389176
30.7248326642187,46.3948076882643
30.7233239883718,46.4884844618782
30.7315944403036,46.4630186866366
30.7117012119679,46.3961300949905
30.7229240983883,46.502070166898
30.7215816105865,46.4511368172219
30.7079983345881,46.3978591192951
30.6980608088289,46.4301402369569
30.7976749617352,46.571752905001
30.794652416665,46.570561839351
30.7409061642054,46.4693788332721
30.706627283216,46.4625239086098
30.7245522218926,46.5064512014263
30.7061442992099,46.3935122694305
30.7640400594205,46.4777162928221
30.7046927505036,46.4238772467339
30.7271567001619,46.4809026633147
30.7228773580006,46.417079896242
30.6547220826935,46.3495345992148
30.6339200134862,46.4439976200932
30.7396259969205,46.4696109291465
30.6450182588728,46.4402301103182
30.7463332425531,46.3869704043196
30.7652189558654,46.4307753520241
30.7521576141961,46.3999012031512
30.6971493712691,46.3639731216335
30.711677841774,46.5696046687682
30.718377297342,46.4526913198225
30.7154482330472,46.4196599387527
30.7575924826084,46.4398810669102
30.6337590188175,46.4420275039501
30.6110509804679,46.4850408068117
30.694217710286,46.4801128176646
30.6460595308428,46.4435316291516
30.7035502076935,46.3874759775034
30.7453854513584,46.4745119304012
30.7517421440834,46.4615865291481
30.7146069060689,46.3875281540953
30.7057859562377,46.5131819817837
30.6951862749864,46.4318944499611
30.7563954093461,46.4528388536341
30.7213323285189,46.4116841169605
30.6451636734122,46.4420221063716
30.7061235257043,46.5140114096759
30.7302155988669,46.4763776933604
30.7011768346745,46.4787004512972
30.7445960581442,46.474400380446
30.6362440494293,46.4783765965887
30.7255259799694,46.3943416973227
30.7199015533181,46.4648862487887
30.7031139640751,46.4046132891592
30.8049950257841,46.5783559426678
30.6948746724018,46.466145683766
30.6911328446989,46.3735034460263
30.6522734057165,46.3492539251342
30.7242432159963,46.3943560908653
30.7127554673789,46.4737976508497
30.8075008299015,46.5765279627579
30.8097677387042,46.5853116221284
30.7230591261749,46.3850110833335
30.7073543559133,46.3969901091607
30.7171698373268,46.4957550000831
30.7390079851278,46.4781606934498
30.7257051514555,46.4964782755987
30.6608762337385,46.4854042437623
30.7072556817615,46.44632037803
30.8061791156054,46.5788759093942
30.6139047408048,46.4919605024157
30.7320800209979,46.4480871853839
30.6238578466932,46.5093856849235
30.7566213212199,46.4526481391947
30.6426890295532,46.4373729921125
30.7085592192403,46.4311118010823
30.6505050610492,46.3650436413643
30.70977446932,46.3893129533775
30.6496092036186,46.4426482254747
30.8033487254623,46.5736474550454
30.760581270732,46.5938973702881
30.7098030328903,46.4503325780292
30.6931816316924,46.4288430189303
30.7935332440488,46.5661592145088
30.7290133322282,46.5037955928169
30.6448520708277,46.4427363859231
30.7402855557245,46.4558471040371
30.7426355585497,46.4456744678059
30.7462163915839,46.4517161573114
30.743235393525,46.4488032641282
30.6172155182657,46.4754852937194
30.711677841774,46.4298181814413
30.6393393017692,46.4515812178496
30.7017481060795,46.3683667505116
30.8110375192363,46.5805851425777
30.6960925191698,46.4697782540792
30.6430837261603,46.4391344018879
30.6458751659803,46.4365453634131
30.6850436108591,46.3402381698893
30.6182567902358,46.4387745633229
30.7276267007269,46.4628675544393
30.7040851254637,46.3900272329289
30.7418331818945,46.4665594981157
30.7145445855519,46.4175800718473
30.8036914883053,46.5727262683192
30.7117427589791,46.4093325719386
30.66373778414,46.4952674188276
30.7046148498574,46.3873914154406
30.7350584223686,46.4924390877071
30.630822164458,46.4922645660031
30.662748445934,46.4932037446576
30.7026517535747,46.4787364351537
30.723897856465,46.4791844341671
30.7751798518184,46.5755959808747
30.7019610345123,46.3644768956245
30.6686429281586,46.4921260281556
30.6720471863948,46.4907226577522
30.7017507027677,46.3686762116775
30.7114986702879,46.4321715256561
30.7026595436393,46.4034618057514
30.7161337587332,46.4199837934611
30.6543715297859,46.3497774902462
30.7530742451324,46.5470301963959
30.754022036327,46.5498765194447
30.6808915064198,46.392171870776
30.7094576733591,46.4453901953396
30.794107112142,46.573179664911
30.634641892807,46.443558617044
30.7279616735053,46.4684720400884
30.6114145168166,46.5035994807991
30.6484458873029,46.4482329200027
30.7061131389515,46.3968551696989
30.7065831395165,46.4635512477127
30.6733455304972,46.3325969979626
30.6864432258014,46.4791016712971
30.7190394528342,46.4041940772311
30.6563476095096,46.5212837470736
30.730166261791,46.4785061384721
30.7060482217464,46.4747476246612
30.7540376164563,46.4369717721125
30.7744579724975,46.5643726160338
30.7447908097596,46.438661214175
30.6734779615956,46.4734342138991
30.7036125282104,46.3492503267485
30.7332147737433,46.3856875798356
30.7545387772798,46.4658164314791
30.7626534279193,46.4536484904052
30.7367800266483,46.4349368850277
30.6264155845748,46.5062119087806
30.6379682503972,46.4439256523802
30.8010117060782,46.580007601681
30.7646892314717,46.4775255783826
30.7232928281134,46.3887282157094
30.6986139034165,46.3503964125779
30.7576911567602,46.4580475168618
30.7232512811021,46.4871854446588
30.6491002527305,46.4429199035912
30.7431730730081,46.4430530438602
30.6439666001499,46.4441289611694
30.7057729727967,46.3887354124807
30.7128048044548,46.4118136588439
30.7133475122896,46.4169395592017
30.7655123816326,46.4481663498682
30.6573810914151,46.4341956175839
30.7524562333396,46.4268818987513
30.6332942116288,46.4458489895099
30.7158117693958,46.499903938737
30.76697691378,46.5784045208741
30.7122854668139,46.556958142403
30.7068480017134,46.4517053621545
30.6364829447441,46.4426050448469
30.6541092642772,46.3507580503357
30.7445545111329,46.5456448179209
30.7286991329554,46.4698106395501
30.7142018227089,46.3868066777726
30.8148105071976,46.5941168718127
30.7412878773715,46.3862237392973
30.7195587904751,46.4060868280827
30.7044954022,46.3894317001039
30.686679524428,46.4805698126421
30.6462335089526,46.3391982364366
30.7407581529778,46.4599186773995
30.7547906560356,46.4630960519281
30.7019636312005,46.3474871177803
30.7156637581681,46.4510882390156
30.6456596408593,46.4422488046676
30.7150171828052,46.3842824102394
30.7054016463834,46.4713489494152
30.7651202817137,46.4366173311261
30.7652449227475,46.4363240626956
30.6905226229708,46.4963919143431
30.7325759884449,46.4816169428661
30.772167693501,46.5894497656253
30.7354635057285,46.421021927721
30.7058924204541,46.4218279661065
30.7082190530854,46.4482886949803
30.7020700954169,46.4021879772314
30.738553564692,46.4696846960523
30.8022840832984,46.5741062492158
30.6464827910202,46.4368602221574
30.7285277515339,46.4896251501291
30.7130774567163,46.468292120806
30.6773859773436,46.5018596613375
30.7528327531293,46.4597369589242
30.7589349704102,46.456926619732
30.7491844062018,46.4448486382993
30.6419048297154,46.4432329631427
30.710447011565,46.4762229627775
30.6971493712691,46.427254331666
30.7058612601956,46.4417360347125
30.6490976560423,46.4425636634119
30.7020389351584,46.4253201993794
30.6427201898117,46.3900506224356
30.6993825231251,46.453004379374
30.7136097777983,46.4717321774869
30.7343702999943,46.4764424643021
30.7226696229443,46.4115239887991
30.7193069117192,46.4955103098589
30.638739466794,46.4545984642167
30.7219659204408,46.4100180644048
30.63414592536,46.4489705890609
30.6539638497378,46.3491459735647
30.7616588963369,46.4335605025168
30.7473745145232,46.4738804137197
30.6420788078251,46.3901135941845
30.7245262550106,46.4704691441239
30.661491648843,46.4474358775813
30.6908108553616,46.4775849517458
30.6449793085497,46.43655615857
30.7552243029658,46.4357986983908
30.7506437449728,46.5483328120011
30.7532274497364,46.4245123618011
30.7226202858684,46.3875767323016
30.7339314596878,46.483014915691
30.7194834865172,46.3894784791173
30.7129060752948,46.4627344141703
30.6946825174747,46.4892221309364
30.6110224168977,46.5047743537136
30.675716306828,46.3283616980531
30.6284513881272,46.3942553360671
30.7220853680982,46.494995740711
30.7118829801422,46.4328858052075
30.6661760743642,46.4662230490575
30.7214491794881,46.4537690363245
30.6903382581083,46.3408444978713
30.6898968211135,46.3820837966076
30.7316230038738,46.4617484565023
30.690384998496,46.3595219185851
30.686235490745,46.4829303536282
30.7408646171941,46.437921745924
30.7238563094538,46.4149532503231
30.6872430057684,46.3512438323984
30.7447362793073,46.4755752533606
30.7126853567974,46.4730995640337
30.7380238402983,46.4519788394639
30.7079256273183,46.3686114407358
30.7075309307112,46.4229848470928
30.6945812466347,46.488004077394
30.707884080307,46.3883287949023
30.7112026478326,46.4422038248469
30.70563794501,46.4711906204466
30.737551243045,46.4675148695057
30.801377839115,46.5745290595296
30.6932465488975,46.5023976199921
30.7303843836002,46.4600788055609
30.7570653549029,46.4333176114854
30.6438445558043,46.4368242383009
30.6966560005102,46.4773294663647
30.7246223324741,46.4917607920121
30.664942647467,46.3294124266627
30.7639725455272,46.5541639959461
30.7666315542488,46.5911715931586
30.6415672602488,46.444143354712
30.7885891497072,46.5769813593497
30.6738596747617,46.4790944745258
30.7042954572082,46.3897015790276
30.7226929931381,46.4776497226875
30.7234642095349,46.4117129040457
30.7201352552565,46.4123947981263
30.7035917547048,46.5140887749674
30.6947811916265,46.4297480129211
30.7460917505501,46.436669507718
30.7143835908833,46.4919587032229
30.7411450595202,46.4609963939016
30.7343547198651,46.4814694090545
30.8022295528461,46.5742897668839
30.6984503120596,46.4047014496076
30.6151875047779,46.4871980390085
30.6408791378746,46.4545912674454
30.682683221281,46.4500177192849
30.6397080314943,46.4429684817975
30.7037397659324,46.4608308681617
30.7054224198891,46.5129103036672
30.7040409817642,46.4788443867232
30.6439925670319,46.4522451200019
30.7325474248747,46.4479972257427
30.8036057975946,46.5751281907402
30.7049550160122,46.4424862981204
30.7968673917036,46.5742861684982
30.7253026647838,46.3698708757131
30.682301508115,46.3818768894327
30.7275306232633,46.4234796251197
30.7311270364268,46.4739973612533
30.7539804893158,46.4647585060981
30.697795946632,46.4872376212507
30.6365218950672,46.4410847269099
30.6914937843594,46.4880166717438
30.7127996110784,46.4853232800851
30.8063401102741,46.5732660261666
30.6508789841506,46.3489606567037
30.7588077326882,46.4542404248446
30.7080502683521,46.4227041730122
30.72467166955,46.3911337365161
30.6460543374664,46.3846080641407
30.7421266076616,46.3935842371434
30.6940826824994,46.4060976232397
30.7191459170506,46.4124469747182
30.7133059652783,46.4684162651109
30.6246264664018,46.4690153963215
30.8051560204528,46.5745650433861
30.7225501752868,46.553210423749
30.8054364627789,46.5775373099326
30.8150987395883,46.5827927521737
30.7995679474364,46.574894295673
30.7312179205139,46.4533318324681
30.7067389408088,46.4329847608129
30.6548908674268,46.4748717689661
30.612320761,46.514770669048
30.7115532007402,46.4409066068203
30.8046366828118,46.5727874408752
30.7519810393982,46.4341326458351
30.7194081825592,46.4196743322953
30.7254065323119,46.5048571165836
30.7061105422633,46.4019414878145
30.7260686878041,46.48195699031
30.7142459664084,46.4922159877968
30.7150950834513,46.4196095613536
30.7272268107434,46.4736483178453
30.8063167400802,46.5738849484983
30.8079552503374,46.5794678438335
30.7051627510686,46.4712805800879
30.7001225792634,46.4547280061001
30.7708537692695,46.5591747479631
30.652990091661,46.4884124941653
30.7028179416198,46.476885065737
30.7525990511909,46.5486242812387
30.8023334203743,46.5772602342376
30.6144941890273,46.5191966833969
30.7077256823266,46.4804078852879
30.6333045983817,46.4463887473573
30.6932257753919,46.3679475385834
30.7302934995131,46.4884268877079
30.7289769785933,46.4717195831371
30.644361296757,46.4412736421565
30.7530716484441,46.410221373194
30.6897981469617,46.5013738792748
30.7946679967942,46.570489871638
30.681452391072,46.4900317677075
30.7145627623694,46.419030221264
30.7953431357274,46.5756175711886
30.7335107961986,46.4576840799112
30.6550856190422,46.4728278859172
30.6183528676994,46.5167227932629
30.7057054589034,46.5556051493987
30.7050510934758,46.5122751886
30.7136746950034,46.4007198358864
30.7176372412037,46.5010518237592
30.6913327896907,46.4816637218796
30.707616621422,46.5133385115595
30.6304274678509,46.3845630843201
30.7063442442017,46.3897033782204
30.6413725086335,46.4402031224258
30.7128229812723,46.4880616515644
30.7226306726212,46.3745415802862
30.722438517694,46.4154750162423
30.7052925854788,46.3874543871895
30.711664858333,46.4090195123871
30.6913431764435,46.4602875119286
30.7408230701829,46.4603792707627
30.7320125071045,46.448096181348
30.7272917279485,46.4807605270816
30.7295664268158,46.4857532871703
30.6119883849098,46.4853106857354
30.8076046974297,46.5907487828448
30.7378135085537,46.4820001709378
30.7108702717424,46.4093991420731
30.6367633870702,46.4438195000036
30.7305297981397,46.4698700129133
30.7095978945221,46.4471839905859
30.7132046944383,46.4719930604465
30.6897150529392,46.4688372762319
30.6444521808442,46.4401437490626
30.7470992655735,46.4530151745309
30.7281746019381,46.4251024970476
30.7601554138664,46.4336018839518
30.7090266231171,46.4311207970464
30.7082554067203,46.4482976909444
30.722438517694,46.4123480191129
30.6617305441578,46.4472901429625
30.7233759221359,46.4152717074531
30.7090292198053,46.4772682938087
30.6439717935263,46.4735547598184
30.7034021964658,46.512748376313
30.7173178485545,46.4527488939929
30.636862061222,46.4395356218878
30.7122049694796,46.446905115698
30.7052484417793,46.3860006393871
30.6184463484747,46.4687940956041
30.6996629654512,46.3756912645012
30.6379630570208,46.4441775393757
30.6431824003121,46.4365903432337
30.7263153731836,46.4190680043133
30.7611109951257,46.4402660941747
30.6549973316432,46.3505583399321
30.7181669655974,46.4057053992039
30.7194912765818,46.4116571290682
30.6285240953969,46.3941060030626
30.6814446010074,46.4567233109427
30.724087414704,46.3959555732865
30.7324409606583,46.4730833712983
30.6529589314026,46.5199703363115
30.6931842283806,46.4063980884414
30.7095044137467,46.5401320911058
30.7109066253772,46.4844362780225
30.7156429846625,46.4895477848377
30.6803280250794,46.4561709587456
30.7770572573904,46.5695848776471
30.6947266611742,46.4513779090604
30.6548363369745,46.4744165731814
30.6381526152597,46.4439436443085
30.7537571741302,46.4650283850218
30.6643531992445,46.4477219492405
30.7498024179945,46.4581644643954
30.8104870213369,46.5786959901117
30.6936775991395,46.4783046288757
30.6437043346412,46.4467467867295
30.7481613110492,46.4610899519284
30.6443898603273,46.4429756785688
30.749174019449,46.43655615857
30.7941045154538,46.5792663342372
30.7243730504065,46.5048589157764
30.7295638301276,46.429246038123
30.7500361199329,46.4448450399137
30.7149470722237,46.4182529699637
30.6878272606144,46.4350304430546
30.6889542232952,46.3929779091615
30.7055834145577,46.4662608321068
30.7212596212491,46.4835240872604
30.7020259517174,46.3649896655795
30.6965910833051,46.445960539465
30.728364160177,46.4293737808136
30.7232357009729,46.5531924318207
30.6419749402969,46.4410343495108
30.6540339603193,46.3490830018158
30.7027218641562,46.4476014033212
30.6803384118323,46.3262980238831
30.7044538551887,46.4018407330163
30.722539788534,46.4162846530134
30.7002965573731,46.4789685310281
30.7277591318253,46.4721549878007
30.7109741392706,46.4723403046617
30.6476071570128,46.3377516854055
30.7485430242153,46.4386935996458
30.7127970143902,46.3932441896996
30.6341043783487,46.4420382991071
30.6444833411026,46.4529468052036
30.7381822382788,46.389944470059
30.7256376375622,46.3990016067388
30.6577705946458,46.3497720926677
30.6493547281745,46.4905211481559
30.6614812620902,46.4474880541733
30.7049056789363,46.388670641539
30.7313555449888,46.453322836504
30.7127970143902,46.4154642210854
30.7105378956522,46.4168567963317
30.6515826866541,46.3495687838785
30.80897834549,46.5731706689469
30.61790364064,46.4671100511201
30.6197654660827,46.4136596306821
30.7058378900018,46.4705177223302
30.7240978014568,46.3942157538249
30.6506686524061,46.4503181844866
30.7289562050877,46.4900875426851
30.7220100641403,46.412531536781
30.6224192814278,46.5143730474337
30.637077586343,46.439010257583
30.6549220276853,46.3497055225332
30.6917664366209,46.4661654748871
30.6900136720827,46.355507919393
30.6369165916743,46.4110813873642
30.6546337952946,46.3500311764345
30.6155120908035,46.4563005006289
30.7039734678709,46.4480691934557
30.6997486561619,46.5561557024031
30.6517229078172,46.3516612451337
30.6343199034697,46.4449026140841
30.7264452075938,46.4185516359726
30.7159623773117,46.3939908547218
30.7115350239228,46.4704943328235
30.7278006788366,46.4881030329994
30.7131034235984,46.3572009598411
30.6367763705113,46.440960582605
30.6148343551821,46.5159347468056
30.7578547481171,46.4581050910322
30.7263802903887,46.4824301780229
30.6143305976704,46.4898464508466
30.7498102080591,46.4682417434069
30.6746516646641,46.4941357265408
30.6540391536957,46.3491369776006
30.7389196977289,46.3915889323008
30.7462631319716,46.4441919329183
30.7118466265073,46.3928663592064
30.6407051597649,46.3501661158963
30.6837037197455,46.4587725915702
30.7036436884689,46.386894838221
30.7206260293272,46.4163224360628
30.6507517464286,46.49703962376
30.6237020454009,46.4415453202731
30.6942566606091,46.4056640177689
30.6146370068785,46.4749761221499
30.7038825837837,46.4774356187414
30.8133329916092,46.5824077249092
30.7276189106623,46.4508363520201
30.6437484783407,46.4508237576704
30.7534949086215,46.4644292538112
30.7369903583928,46.5317388565783
30.6907355514036,46.3571559800205
30.6838984713608,46.4675850380258
30.6734727682192,46.4738696185627
30.7359594731756,46.4825453263637
30.7430536253507,46.3994801920302
30.7521004870556,46.4274270541772
30.7038436334606,46.5142920837566
30.6411284199422,46.441700050856
30.7113428689956,46.477942991118
30.7063676143955,46.4931425721015
30.7651047015844,46.4370761252964
30.7462475518424,46.4442423103174
30.7093667892719,46.4031955252133
30.7115791676222,46.4747926044818
30.724443160988,46.4967553512937
30.7918765569742,46.5790162464345
30.6351015066193,46.4197337056585
30.7764496323505,46.5608372021331
30.7089720926648,46.3885303044987
30.8149740985545,46.5901496516341
30.6828935530256,46.4500231168633
30.7147808841786,46.4829483455565
30.732817480448,46.390221545754
30.8142392357926,46.5799698186316
30.731256870837,46.4700859160522
30.6651270123295,46.4714371098636
30.707730875703,46.376401945667
30.7991394938826,46.5729619625792
30.7108676750542,46.4072940864681
30.7358244453889,46.4504243368633
30.6449637284205,46.4446795141738
30.7108131446019,46.430190614356
30.7317502415959,46.4731643349754
30.7141550823212,46.4608416633186
30.7059833045413,46.4691053559628
30.8114763595429,46.5797557146855
30.6366699062949,46.4428047552504
30.7000992090695,46.480909860086
30.6463140062869,46.4403848409011
30.7204754214113,46.416935960816
30.6529459479615,46.3496443499772
30.7055652377403,46.3876037201939
30.6864691926834,46.3511844590351
30.6089242928283,46.4862030853764
30.7448453402119,46.4518528959661
30.7004211984069,46.347510507287
30.6441977054001,46.444666919824
30.6458440057219,46.4972573260918
30.7332407406253,46.3728719293448
30.7102133096266,46.4874139421475
30.8154025521083,46.5823213636536
30.7149340887826,46.3858153225261
30.7515136355214,46.4152753058388
30.7563512656466,46.4601039942605
30.6506946192881,46.4716764025093
30.6405935021721,46.4446039480752
30.619388946293,46.4659009935419
30.7293586917594,46.4720362410743
30.6993669429958,46.4103437183061
30.7356296937736,46.4652496857393
30.6167221475068,46.4776101404454
30.6564956207373,46.3498782450444
30.723744651861,46.4979967943427
30.6548155634689,46.3496101653135
30.7447544561247,46.4206638883489
30.635846756134,46.3977745572323
30.7053029722316,46.460724715785
30.6456882044296,46.4173695662868
30.7156481780389,46.4740333451098
30.7524276697694,46.4364374118436
30.7055626410521,46.4650247866362
30.7288055971718,46.3867886858443
30.7156144210923,46.4693716365008
30.6984191518011,46.4356925460141
30.8019413204554,46.5844642023079
30.7381874316552,46.4520310160558
30.7260115606636,46.3661411489874
30.6548129667807,46.3496983257619
30.6856486392107,46.4823600095028
30.6782273043219,46.3528307204698
30.7482054547487,46.4329469777635
30.7081515391921,46.3981325966044
30.751064408462,46.4389868680763
30.722311279972,46.3911643227941
30.653992413308,46.3495292016364
30.6235981778727,46.5216147985534
30.7113298855546,46.4657984395508
30.6183320941937,46.46727557686
30.7978099895218,46.5716971300234
30.680221560863,46.3385073463919
30.6564982174255,46.3497864862103
30.7102704367671,46.4721999676213
30.706385791213,46.4458327967745
30.7064792719883,46.5124964893175
30.6808213958383,46.4563904602702
30.6954018001074,46.4292928171365
30.7609525971452,46.433722429871
30.7599035351105,46.4361981191979
30.6439873736555,46.4753053744369
30.7113688358777,46.4870091237619
30.7064559017945,46.4190122293358
30.6398196890871,46.4503685618857
30.7088292748135,46.4054517130156
30.7171153068745,46.3774310839627
30.7244613378055,46.3868750470999
30.706970046059,46.4749257447508
30.6449870986143,46.4428227471787
30.7660187358325,46.43123774458
30.7331083095269,46.3852683679074
30.7220542078398,46.4066409794727
30.6824079723314,46.3802594150833
30.7284862045226,46.4291722712172
30.7212726046902,46.4663525909409
30.7086163463808,46.4312557365083
30.7228150374837,46.3865493931986
30.7385250011218,46.3896655951711
30.7116986152797,46.3812075897019
30.7215842072747,46.4739613773968
30.6337356486236,46.4951216842088
30.759617899408,46.4345590545345
30.7313737218062,46.4751128608046
30.7240510610691,46.391443197682
30.7608253594232,46.4326411149833
30.7589791141097,46.4362430990185
30.6781961440634,46.4901667071694
30.6262909435409,46.4325529545349
30.6613306541743,46.4471570026935
30.7108962386244,46.414841700368
30.6971208076988,46.490067751564
30.6539638497378,46.3498422611879
30.7210752563866,46.4113170816243
30.6962794807205,46.4700859160522
30.7150067960524,46.3922042562469
30.727805872213,46.4627721972196
30.691602845264,46.4574249961444
30.6409544418325,46.4441721417972
30.7179981808641,46.4629809035873
30.7495635226797,46.4593015542606
30.7260583010513,46.4997474089612
30.6937165494625,46.4468583366846
30.6543040158926,46.3504287980487
30.8108271874917,46.5959790363864
30.7140096677818,46.3934259081749
30.7026777204568,46.4249333729221
30.682428745837,46.467131641434
30.7146095027571,46.4618815967713
30.6946072135167,46.4881606071698
30.6481213012773,46.4471354123796
30.8150234356304,46.5818121920842
30.723111059939,46.4154948073634
30.701031420135,46.5566648739725
30.6808863130434,46.3690936244128
30.6905330097237,46.5032270478843
30.6644388899553,46.5412889720921
30.7139032035654,46.4198272636854
30.6835219515711,46.3808747390293
30.6544026900443,46.3496011693494
30.7957326389581,46.5750706165698
30.7284628343288,46.3894586879963
30.6435199697787,46.4445427755191
30.6561944049055,46.3499214256722
30.6945838433229,46.4393952848475
30.6286253662369,46.5056685525475
30.6512269403701,46.3682066223502
30.7043447942841,46.4606851335429
30.7079438041358,46.4913325841198
30.8145248714951,46.5942140282253
30.7058482767546,46.5128203440259
30.8149818886191,46.590273795939
30.7634558045745,46.4330225438622
30.7595296120091,46.4815017945254
30.7312724509662,46.4702532409849
30.7407555562896,46.4584415400904
30.6546883257469,46.3497864862103
30.7218854231065,46.4670830632277
30.7108832551834,46.3934996750807
30.7099536408061,46.3878987878172
30.7064740786119,46.4032872840474
30.7010625803935,46.424605919828
30.6973856698957,46.4047266383072
30.6438367657397,46.4421084676272
30.7543933627403,46.4047104455718
30.7050692702932,46.5123381603489
30.756000712739,46.4572846591041
30.7216698979855,46.4875416848381
30.7411087058854,46.4608848439464
30.7519005420639,46.3997194846759
30.6862900211973,46.4826730690543
30.7221035449156,46.4118154580367
30.6942255003507,46.365775912844
30.7138798333716,46.3823338844102
30.7197016083264,46.4675778412545
30.705624961569,46.4985671384682
30.7307531133253,46.4697098847519
30.8027047467876,46.5746388102919
30.6403961538685,46.4445895545326
30.6593052373747,46.4933908607114
30.7135188937111,46.4928223157787
30.7018623603605,46.3672872348168
30.751521425586,46.468660955335
30.658814463304,46.5193837994507
30.7112000511444,46.4813398671711
30.7184474079235,46.4861365152419
30.672441883002,46.3300115578734
30.710447011565,46.3912470856641
30.7245080781931,46.4760556378448
30.710522315523,46.3893039574133
30.7070531400816,46.5127609706627
30.7116856318386,46.4291866647598
30.7535364556328,46.5463501015082
30.764502269921,46.4301816183919
30.7096108779631,46.4211856542681
30.7017299292621,46.4756796065444
30.7184526012999,46.4855769662734
30.7451024123441,46.4387997520225
30.7612460229123,46.4314914307683
30.7513396574117,46.4504675174911
30.6572590470694,46.5268306585524
30.7274812861874,46.4287476617106
30.7120387814345,46.4101134216245
30.7008392652079,46.4375888952514
30.7458009214712,46.4246347069132
30.7552009327719,46.4506654287018
30.6976037917049,46.4044999400113
30.6510971059598,46.3649626776872
30.7057158456562,46.5131549938914
30.6439224564504,46.3507364600218
30.7115142504171,46.3748636358018
30.701233961815,46.4726641593701
30.7234642095349,46.5006560013377
30.7293457083184,46.4534649727371
30.681083661347,46.4654026171294
30.6403857671157,46.454461725562
30.8035045267546,46.5737086276015
30.6502376021641,46.5334139050982
30.6467814101637,46.4454855525593
30.741916275917,46.4710107011642
30.7299585267347,46.4710664761417
30.7287770336016,46.480704752104
30.7024154549481,46.3670803276419
30.7238433260128,46.3910077930184
30.7589713240451,46.4346130303193
30.6817536069038,46.4596344049332
30.7122023727914,46.4440551942636
30.7121712125329,46.4415741073583
30.7042097664975,46.3896997798348
30.7057236357208,46.5139916185549
30.7241471385327,46.4768994592796
30.7256428309386,46.4751578406252
30.7722092405123,46.5668033255401
30.7691036014196,46.4389940648476
30.7169854724643,46.4526823238583
30.7500854570088,46.4266929835047
30.7416436236555,46.4573944098664
30.7313685284298,46.4717231815228
30.7273904021003,46.472172979729
30.7091460707745,46.4490839382088
30.7312620642134,46.4824841538077
30.8083525436327,46.5782785773764
30.7454893188866,46.4506060553386
30.6868483091613,46.4449260035908
30.6808525560968,46.4883873054657
30.6444703576616,46.4525923642171
30.8140444841772,46.5810475351337
30.7944940186845,46.5659217210559
30.7004056182777,46.3955363613583
30.7529859577334,46.4662680288781
30.7338925093647,46.4870109229548
30.7020804821697,46.4913793631333
30.7216309476624,46.4671658260977
30.7422174917488,46.45576614036
30.7099562374943,46.4071933316699
30.726105041439,46.4817662758706
30.7243860338475,46.4887867262728
30.6138580004171,46.4928439060926
30.7416254468381,46.4330909131895
30.6360077508027,46.4398396854752
30.7464552868987,46.3874453912254
30.7209454219764,46.4275206122041
30.747626393279,46.4721118071729
30.6859628384835,46.4747872069033
30.7274215623587,46.4645390045735
30.6870923978525,46.3785052020791
30.7587739757415,46.4574591808081
30.6615305991661,46.4472109784782
30.7343702999943,46.4645965787439
30.6512503105639,46.4676372146177
30.7189563588116,46.3982675360663
30.707172587739,46.4784233756022
30.7802070401826,46.5612060366622
30.7927568342756,46.5656158582757
30.7198314427366,46.411658928261
30.7116830351504,46.3815080549037
30.730496041193,46.4520328152486
30.7201300618801,46.485386251834
30.7275410100162,46.4218135725639
30.7099796076882,46.488189394255
30.7311140529857,46.3870117857546
30.7130073461348,46.4851757462735
30.6494482089499,46.4487888705856
30.6613176707333,46.4473962953392
30.6350339927259,46.4416244847574
30.6995694846758,46.4357951000051
30.6943137877496,46.3422694585885
30.6814290208782,46.4977934855536
30.6945137327414,46.4876388412506
30.7319917335989,46.4353255106779
30.7241471385327,46.4181198296947
30.7129112686712,46.4166840738205
30.7265672519394,46.4213943606358
30.702020758341,46.3646172326648
30.7512435799481,46.4572594704045
30.7416124633971,46.4669193366807
30.7045109823292,46.5588562908331
30.7308465941007,46.5289806939779
30.6655528691951,46.5271886979245
30.7025323059173,46.3738992684477
30.6364543811739,46.4504405295987
30.8064517678669,46.5787571626678
30.7226358659976,46.505180971292
30.6466853327002,46.4356583613505
30.6230658567908,46.4449260035908
30.7183695072774,46.5008952939834
30.7949899861316,46.56601347989
30.8081136483178,46.5724168071533
30.7095901044575,46.5398388226754
30.7042461201324,46.3837858330198
30.7531703225959,46.5747053804264
30.7385327911864,46.4548359576696
30.7302259856198,46.4733784389216
30.7254350958822,46.3941203966052
30.7036099315222,46.4046708633296
30.6373372551635,46.4386756077176
30.6514969959434,46.5351771140664
30.7447388759955,46.4760340475309
30.6500792041836,46.521136213262
30.6732156960869,46.4495859130069
30.7465539610505,46.4689290350659
30.7223787938653,46.4763093240331
30.6931686482514,46.3658604749067
30.6459452765618,46.4431106180306
30.6948824624664,46.4302751764188
30.7603761323638,46.4761833805354
30.7111143604336,46.391966762794
30.752650984955,46.467439303407
30.7225917222981,46.5531060705651
30.6400040539496,46.4396453726501
30.726549075122,46.4217416048509
30.705154961004,46.4606851335429
30.702592029746,46.4864423780221
30.6425098580671,46.4514066961456
30.7063805978366,46.4468529391061
30.7109092220655,46.3933431453049
30.6923688682843,46.4805122384717
30.7108754651188,46.4849598431345
30.6234683434625,46.4831444575744
30.7997055719112,46.5723358434762
30.7099432540533,46.4046852568722
30.6944358320952,46.4293989695131
30.6644752435901,46.4920396669
30.704381147919,46.5140383975683
30.6263532640578,46.4814460195478
30.6351949873946,46.4441487522905
30.7007068341094,46.4679520733621
30.6326164760074,46.4430476462817
30.6810862580352,46.3263286101611
30.7315269264103,46.4824157844803
30.6269816626034,46.4290697172262
30.809435362614,46.5847754626666
30.7094109329714,46.3899984458437
30.721282991443,46.4058799209079
30.7308465941007,46.4725148263657
30.693277709156,46.3549933502452
30.7361827883612,46.4828727794578
30.7142381763438,46.3841906514054
30.7315269264103,46.4770523906697
30.6926207470402,46.3769165148149
30.7357075944197,46.3768391495234
30.7382731223659,46.4525653763247
30.7722352073944,46.5663697200693
30.7211531570327,46.452326083679
30.7714146539217,46.585345806792
30.7066065097104,46.4641413829592
30.7206831564677,46.4171644583048
30.6461062712305,46.4409551850266
30.6902473740212,46.4798303443911
30.7055860112459,46.4439994192861
30.6422969296343,46.4374953372245
30.738870360653,46.4697458686084
30.7711991288007,46.5584928538825
30.6946409704634,46.4419789257438
30.7954807602023,46.5711645689473
30.64077007697,46.4447514818868
30.7301221180916,46.4719498798187
30.7030100965469,46.3825803738272
30.6943657215137,46.3433255847766
30.7149211053416,46.4998355694097
30.7126593899154,46.4682579361423
30.8150857561473,46.5902881894816
30.7493869478818,46.4386900012602
30.7115661841812,46.4170996873631
30.7241445418445,46.462993497937
30.6804578594897,46.488455674793
30.7425524645272,46.4739235943475
30.7348532840004,46.4709459302225
30.6261351422487,46.4332744308577
30.758462373157,46.4440929773129
30.6412374808468,46.4366299254758
30.7262348758492,46.4159751918476
30.6508478238922,46.3493924629817
30.7078503233604,46.493774088783
30.7011482711042,46.3511466759858
30.7412203634782,46.4395913968654
30.706157282651,46.3885716859337
30.7834840606969,46.5784117176454
30.649640363877,46.3888973398349
30.7041058989693,46.3817635402848
30.6972558354855,46.4273550864642
30.6437510750289,46.4396381758788
30.7313243847303,46.4208042253892
30.6699023219378,46.4665181166807
30.7311374231796,46.530725911018
30.7192316077613,46.5527948102065
30.7286264256857,46.4624069610762
30.711690825215,46.4085391279028
30.7088188880607,46.4481951369534
30.6366595195421,46.4418349903179
30.6367010665533,46.4420850781205
30.6346522795599,46.4432473566853
30.690512236218,46.4339203410817
30.6499026293857,46.4483246788368
30.6494534023263,46.5298191178343
30.7453490977236,46.4722971240339
30.7463644028116,46.3969469285329
30.6449845019261,46.444749682694
30.6442054954647,46.4416748621565
30.7336328405442,46.3903996658436
30.7468681603233,46.4436485766852
30.7203715538832,46.4827450367673
30.7453439043471,46.4452696494203
30.7544089428695,46.4407482778517
30.6434290856915,46.4399530346232
30.684547643412,46.3428128148215
30.6414633927206,46.4549457084319
30.7057418125382,46.469718880716
30.7302363723726,46.4534055993739
30.7689841537622,46.4387619689732
30.6154757371686,46.4907604408016
30.746738325913,46.3901963570544
30.7988642449329,46.5700346758533
30.7059261774008,46.5126782077928
30.6945552797526,46.4294961259257
30.6371165366661,46.4381790304979
30.6337512287529,46.4442656998241
30.6867678118269,46.4805536199067
30.6873001329089,46.3495939725781
30.6106017534085,46.5080776717399
30.6485471581429,46.4476283912136
30.707858113425,46.4047968068273
30.7097303256205,46.4131216720275
30.7133371255368,46.4035517653926
30.6464698075792,46.4378695693321
30.6296510580777,46.4806057964986
30.709735518997,46.4448954173128
30.720381940636,46.4977934855536
30.7495946829381,46.4304496981228
30.7851641179653,46.571598174418
30.6701282338116,46.4694651945277
30.7008937956602,46.506372036942
30.644119804754,46.4528442512126
30.7268632743947,46.4941483208906
30.6938541739374,46.3714163823496
30.6581211475534,46.3477641934753
30.6134866740039,46.4939558072583
30.6721822141815,46.5284715224085
30.639666484483,46.4412538510355
30.7122698866847,46.414625797229
30.7691477451191,46.4393413090627
30.7072712618908,46.4045071367826
30.6367945473287,46.4415273283448
30.7100133646349,46.4795478711177
30.7076997154445,46.4477939169535
30.6905044461534,46.4626876351568
30.7576548031253,46.4330027527411
30.7352453839193,46.3771594058462
30.797773635887,46.5761357387221
30.7233785188241,46.5327607981028
30.7029997097941,46.4246580964199
30.6266960269009,46.5299630532603
30.6960899224816,46.3633056210956
30.7017766696497,46.4254497412628
30.7342222887667,46.4518277072666
30.7113973994479,46.3955345621655
30.7039345175478,46.3877782418979
30.7464137398875,46.3903420916732
30.6389446051621,46.4601993514802
30.6895800251526,46.4286702964191
30.7113169021136,46.3813515251279
30.7127295004969,46.4739379878901
30.7056145748162,46.445591704936
30.7060248515525,46.3885572923911
30.7410463853685,46.4605340013456
30.7130800534045,46.4922609676174
30.8153947620436,46.5817959993488
30.7111636975095,46.3893471380411
30.7149211053416,46.4181846006364
30.6887179246686,46.3400852384992
30.7499686060396,46.4427417835015
30.750404849658,46.4320024015305
30.7060456250582,46.4067939108628
30.8086433727116,46.5733271987226
30.6383317867458,46.4508003681636
30.6836050455937,46.3520984489901
30.7030464501818,46.4335712976737
30.7155884542102,46.4859943790088
30.6362102924827,46.4438896685237
30.6837270899393,46.3928555640494
30.704407114801,46.4021627885319
30.7226877997617,46.4114250331938
30.7329784751167,46.473106760805
30.6444417940913,46.4381412474486
30.7042902638318,46.514277690214
30.7298079188188,46.432223702248
30.7526354048258,46.4702982208056
30.7241159782742,46.3944640424348
30.6868664859787,46.4803395159606
30.6553998183149,46.3502218908739
30.7942525266815,46.5792753302013
30.7108261280429,46.4447298915729
30.7575015985213,46.4348991019784
30.7326383089619,46.4849184616996
30.7219503403116,46.4108564882611
30.7563201053881,46.4352265550725
30.7489013671875,46.441628083143
30.6738051443094,46.5015484009788
30.7477562276893,46.433907746732
30.6365997957133,46.4422056240398
30.6464957744612,46.4377292322918
30.6665941411651,46.3314329202049
30.7239108399061,46.499000743939
30.6423670402158,46.4368962060139
30.7252533277079,46.3912506840497
30.7181072417687,46.3983772868286
30.7969972261138,46.5744049152247
30.7976386081003,46.5678342630286
30.7437677146069,46.4737886548856
30.7242354259316,46.4958215702176
30.7124464614826,46.4824625634938
30.7125347488816,46.4901559120124
30.7095641375754,46.4261244385721
30.7241029948332,46.3899138837809
30.7352505772957,46.5558012614166
30.654677938994,46.3499700038784
30.6981672730453,46.3787354987607
30.6951369379105,46.490807219815
30.6836076422819,46.4568366600907
30.703264571991,46.3816411951727
30.6607671728339,46.4718887072627
30.7084475616475,46.4704943328235
30.6332059242299,46.3784764149939
30.7451024123441,46.4422398087034
30.7230695129278,46.5112478494971
30.6426293057245,46.4448306463711
30.7212985715722,46.4112703026108
30.7116882285268,46.4822196724624
30.7441572178376,46.4752082180243
30.6336941016124,46.4443934425147
30.7216101741568,46.4982774684234
30.6357273084766,46.4398324887039
30.6149200458928,46.494452384478
30.6479629032968,46.4484290320206
30.7654240942336,46.4314338565979
30.7191952541265,46.4794705058262
30.7303973670413,46.4273820743566
30.7275020596931,46.3881812610907
30.7095251872524,46.4211154857479
30.7332043869905,46.4249333729221
30.7246924430557,46.4703593933616
30.7320099104163,46.4394114775829
30.7246197357859,46.4180280708606
30.7057755694849,46.3906389584893
30.7327993036305,46.4478586878952
30.7143732041304,46.4684630441243
30.6771938224164,46.521823504921
30.7265880254451,46.5039251347003
30.8020529780482,46.5746208183636
30.7044902088236,46.5139862209764
30.707985351147,46.40409152324
30.7052224748973,46.4659891539903
30.7146536464565,46.390590380283
30.6531510863297,46.4742402522846
30.8058986732793,46.5788579174659
30.7792151052884,46.5947016094808
30.7065078355586,46.4761509950645
30.8134810028368,46.5916933590778
30.7595763523968,46.4347119859246
30.7149366854708,46.4419249499591
30.7392416870663,46.4652892679814
30.6801670304108,46.4922717627744
30.7537701575712,46.4034797976796
30.6861887503573,46.4825597199063
30.7209324385354,46.4607193182065
30.7023297642373,46.4248434132808
30.7307219530668,46.4698646153348
30.6315674139728,46.4115401815345
30.683431067484,46.4516100049348
30.6463425698571,46.4388213423364
30.6958406404139,46.3775984088955
30.7417708613776,46.4178787378562
30.6550622488483,46.4744129747958
30.7113870126951,46.4086056980374
30.7213349252071,46.4910483116535
30.7086786668977,46.393424108982
30.7135500539696,46.3936777951703
30.6345406219671,46.4708883560521
30.7599710490039,46.4763632998178
30.7476289899672,46.4691143519269
30.645807652087,46.4483066869085
30.615683472225,46.4563958578486
30.7038436334606,46.3800453111371
30.7487273890778,46.4595192565924
30.7282992429719,46.4230478188417
30.7080009312763,46.4817374887854
30.6455453865783,46.4370041575834
30.6942255003507,46.48791231856
30.640681789571,46.4442621014385
30.7234875797287,46.4968075278856
30.6462205255115,46.4398630749819
30.7763951018982,46.5753207043725
30.7110416531639,46.4654152114792
30.7546867885074,46.4679718644832
30.7105093320819,46.3952952695198
30.7645230434266,46.4311064035038
30.7403374894886,46.4781229104005
30.7050718669814,46.3894083105972
30.7039838546237,46.4429019116629
30.7276864245556,46.4145880141797
30.8110297291717,46.580633720784
30.687783116915,46.5470859713735
30.7350532289922,46.3872366848577
30.7360477605745,46.482388796588
30.6342160359415,46.4448486382993
30.7111533107567,46.4459371499583
30.7493609809997,46.4287368665536
30.6913094194969,46.4516208000917
30.7582286712186,46.4820667410723
30.6312220544415,46.4757497750646
30.7646814414071,46.4776209356023
30.638523941673,46.4527686851139
30.7298338857008,46.4535459364142
30.7479925263159,46.4517629363249
30.7386314653382,46.4374935380317
30.7380939508798,46.4201079377661
30.7115090570407,46.381166208267
30.7058638568838,46.4024506593839
30.650299922681,46.4286109230559
30.7404880974045,46.4684936304023
30.808635582647,46.579134993161
30.7154092827241,46.3831741074594
30.8087472402398,46.5793490971071
30.6981205326576,46.4299153378538
30.7112286147146,46.4636574000894
30.807277514716,46.5775624986321
30.6885803001938,46.4350934148035
30.7524614267161,46.4245321529221
30.811110226506,46.5931650988084
30.7271307332798,46.4667951923758
30.7346143886856,46.5272030914671
30.6366387460364,46.4411836825153
30.7124854118057,46.404266044944
30.7511475024845,46.4275691904103
30.8004196611675,46.5755797881392
30.7020752887933,46.4741161079797
30.7315658767333,46.4694526001779
30.7047680544615,46.5142075216938
30.7355985335151,46.4537168597326
30.7644321593394,46.4301258434143
30.7007977181966,46.4608128762334
30.6365997957133,46.4425078884343
30.7016104816046,46.3498656506946
30.7069986096293,46.3553172049536
30.7137863525962,46.3828466543653
30.6981932399273,46.4301582288852
30.7088318715017,46.4501220724687
30.7672547594179,46.5834116745054
30.7349909084753,46.4814262284267
30.7058430833782,46.5140060120975
30.7122569032437,46.4824175836732
30.7127554673789,46.4924678747923
30.7098575633426,46.4796936057365
30.716689450009,46.4478532903167
30.7089123688361,46.443004465654
30.6449247780974,46.4368152423368
30.7029140190834,46.4787382343465
30.7012287684386,46.5562870434793
30.6627666227515,46.4327814520237
30.7080554617286,46.4915448888732
30.7279123364294,46.3865619875484
30.7155936475866,46.3809287148141
30.749833578253,46.383506958132
30.633486366556,46.5023436442074
30.6551816965057,46.4687473165906
30.7044902088236,46.3833990065625
30.6372697412701,46.4440138128286
30.6541819715469,46.3491351784077
30.6845891904232,46.3433543718618
30.7117635324848,46.417223831668
30.7047291041384,46.3803799610025
30.6379137199449,46.4439328491515
30.7269723352993,46.466946324573
30.7074244664948,46.3524007133847
30.7493739644407,46.4585944714805
30.6887620683681,46.3420283667499
30.7019610345123,46.372828748717
30.6498922426329,46.3644355141895
30.7096757951682,46.4004283666488
30.6588767838209,46.4927593440299
30.6947785949382,46.431802691127
30.7193198951603,46.4736339243027
30.7134747500116,46.38290063015
30.7646814414071,46.4319646184812
30.6644155197614,46.4857604839416
30.6918495306434,46.4482293216171
30.6420684210723,46.4430566422459
30.7546010977967,46.4635062678921
30.7062949071258,46.4055740581276
30.7057444092264,46.5117120412459
30.6568903173444,46.527604311467
30.721384262283,46.4160147740897
30.7276838278674,46.4298217798269
30.6801124999585,46.3440524586778
30.689509914571,46.3431420671085
30.6548285469099,46.3494698282732
30.6945942300757,46.44338409534
30.7645204467384,46.4310668212617
30.6905304130355,46.4342495933687
30.7124412681062,46.4682633337208
30.6458673759157,46.4438950661022
30.7328953810941,46.4519104701365
30.6985178259529,46.4296508565086
30.6297133785946,46.5062622861797
30.6284799516974,46.394194163511
30.7974542432378,46.5678432589928
30.6948227386377,46.4514930574012
30.7237680220548,46.4780887257368
30.6127128609189,46.5158393895859
30.7023063940435,46.4012865816262
30.7053626960603,46.4045089359754
30.7388781507176,46.4727739101324
30.6881596367046,46.3618986523066
30.7440845105679,46.4488212560564
30.7010340168232,46.495242230128
30.761407017581,46.4306925891541
30.6738700615145,46.4836644243007
30.6465035645258,46.4435981992861
30.7236096240743,46.4151043825204
30.6543040158926,46.3501787102461
30.7047005405682,46.4724446578455
30.7049004855599,46.5127951553264
30.7471901496606,46.4451688946221
30.7284602376406,46.4741089112084
30.6400481976491,46.4441631458331
30.7135085069583,46.4159176176772
30.6336551512893,46.4239330217115
30.7147549172965,46.3914611896102
30.7527107087837,46.4322938707682
30.7322643858604,46.4857119057353
30.7025686595522,46.4726335730921
30.6873442766084,46.4807011537183
30.749872528576,46.5456214284142
30.6134191601105,46.4698376274424
30.7038514235252,46.3889729059336
30.6808785229788,46.369163792933
30.7017429127031,46.3684567101528
30.683799797209,46.4479108644871
30.6911224579461,46.3759107660258
30.7184448112353,46.4863902014302
30.6886504107753,46.3928033874575
30.687162508434,46.4790710850191
30.7239523869173,46.3982333514026
30.7039994347529,46.4670236898645
30.7090032529232,46.4854744122824
30.6377267583942,46.4606113666371
30.645490856126,46.3883755739158
30.7255545435396,46.4129903309513
30.7283355966068,46.4291254922038
30.7111792776387,46.4091616486202
30.6963703648077,46.4768832665442
30.7129398322415,46.3932531856637
30.7247028298085,46.4172634139101
30.6900058820181,46.4940241765857
30.6612189965815,46.4470832357877
30.6734519947136,46.4752082180243
30.7287121163964,46.4531267244861
30.7595062418152,46.4816115452877
30.748527444086,46.5454810913738
30.6163612078464,46.479616240445
30.7045992697282,46.3895882298797
30.7032723620556,46.3643455545483
30.7102808235199,46.4168999769595
30.7526276147612,46.4678135355146
30.6811953189398,46.4527237052933
30.738439310411,46.468588987622
30.7410775456269,46.4156477387535
30.6175375076031,46.5194611647421
30.7037293791796,46.5587735279631
30.7582572347888,46.4343251594673
30.7392494771309,46.4653972195509
30.7072193281267,46.4219880942679
30.6845580301648,46.4555556347995
30.7470966688853,46.4443106796447
30.6342497928881,46.4432257663714
30.7098419832133,46.4451724930078
30.7308855444237,46.4695083751555
30.6818107340443,46.4651741196407
30.7506177780908,46.3890160865614
30.6549090442442,46.4733208647512
30.6944254453424,46.4289419745356
30.6126661205312,46.5159077589132
30.6925246695766,46.4751128608046
30.7091356840217,46.4472127776711
30.6316582980599,46.4069648341812
30.702706284027,46.4875704719233
30.7598931483577,46.4340085015302
30.7053600993721,46.4684414538104
30.6973415261962,46.4521407668181
30.7095433640698,46.4749581302217
30.7465929113736,46.4503775578498
30.6822989114268,46.3327697204737
30.6273036519407,46.469123347891
30.6403182532224,46.4417216411699
30.6906888110159,46.4294043670916
30.7526795485252,46.5486638634808
30.7264114506471,46.4159985813543
30.7732764793644,46.5815225220394
30.6406350491834,46.534883845636
30.7437599245423,46.4437493314834
30.6373164816578,46.4441829369542
30.7470629119386,46.3917292693411
30.8086174058295,46.5794282615914
30.757828781235,46.4380584845787
30.7220412243987,46.4791772373958
30.726245262602,46.4380081071796
30.7076971187563,46.4800480467229
30.6945942300757,46.4301798191991
30.7039189374186,46.396329805394
30.7253234382894,46.4295105194683
30.7115687808694,46.3955921363359
30.6968429620609,46.4756274299525
30.7082216497737,46.4459965233215
30.6859758219245,46.4870055253763
30.6383993006392,46.4539165701361
30.6546597621766,46.3504198020846
30.7503762860877,46.4287188746254
30.6461452215536,46.4480386071776
30.6562073883466,46.3500851522192
30.7435132391629,46.4738516266345
30.6808629428496,46.3692321622603
30.7356296937736,46.4817051033145
30.7022440735266,46.3480106828923
30.6443690868216,46.3882262409113
30.7240926080804,46.4758181443919
30.7637518270298,46.4697314750658
30.7100341381405,46.4070637897865
30.7318904627589,46.387623511315
30.6396093573425,46.4531213269076
30.6398638327866,46.4538014217953
30.686248474186,46.351031527645
30.6609359575672,46.4474430743526
30.6907537282211,46.4802225684269
30.7599970158859,46.4343557457453
30.7130644732753,46.3932351937354
30.7313529483006,46.4757029960511
30.6530368320487,46.474225858742
30.7924296515618,46.5670516141499
30.6898812409843,46.441987921708
30.6471137862539,46.4459533426937
30.7645438169322,46.4312953187504
30.6942722407383,46.487070296318
30.7544764567629,46.5501895789962
30.6480330138784,46.4485621722896
30.7572081727541,46.4588949366822
30.6834622277424,46.4413024292417
30.6433407982926,46.4510414600022
30.7255831071099,46.4183033473628
30.7127424839379,46.46893803103
30.7224930481463,46.4171590607263
30.7376005801209,46.4547693875351
30.6815952089233,46.4795586662746
30.7454036281759,46.456248324037
30.6398300758399,46.4422308127393
30.7145238120463,46.474153891029
30.7125347488816,46.3982351505954
30.7073699360425,46.4228265181243
30.7011664479217,46.4246526988414
30.8017154085816,46.5744157103816
30.7196730447561,46.4117488879022
30.7515499891562,46.3994801920302
30.7266685227794,46.4377940032334
30.7247106198731,46.5012731244766
30.7122828701257,46.4821351103997
30.712539942258,46.477131555154
30.7484209798696,46.4445535706761
30.7104184479948,46.4876640299502
30.7318878660707,46.4532994469972
30.7112130345854,46.4705357142584
30.7633415502935,46.433691843593
30.7058482767546,46.5125702562233
30.7800408521375,46.5752145519958
30.7102236963794,46.5579423008781
30.683558305206,46.3390543010106
30.7993004885513,46.5775481050895
30.70315031771,46.4335533057455
30.6571188259064,46.4510144721098
30.7032853454966,46.3828646462935
30.7322488057312,46.4937003218772
30.708302147108,46.3884727303283
30.6896916827454,46.345785081368
30.7262582460431,46.4212990034161
30.708302147108,46.4754295187418
30.7059521442828,46.5139322451916
30.710332757284,46.4749077528226
30.7058872270777,46.5127177900349
30.7588285061938,46.4542062401809
30.7098913202892,46.4125171432384
30.6166961806248,46.4658722064567
30.7148613815129,46.4312773268222
30.7024466152065,46.4785942989205
30.7130800534045,46.4143379263771
30.7485819745383,46.4652244970397
30.7372422371487,46.451392302603
30.7260608977395,46.4735943420605
30.6531796499,46.4741664853788
30.6832960396973,46.465694086367
30.7438637920705,46.4533012461901
30.7106936969445,46.4058799209079
30.7474446251047,46.474605488428
30.7596672364839,46.4337656104988
30.7050510934758,46.3855508411809
30.6906472640047,46.4971295834012
30.7315139429692,46.4700733217025
30.6436290306833,46.4469716858326
30.7083333073665,46.4050846776793
30.7344326205113,46.482901566543
30.7233681320713,46.4169269648519
30.7576236428669,46.4323964247592
30.6481602516004,46.3647827584047
30.7121841959739,46.463641207354
30.7415709163858,46.4709675205364
30.7233629386949,46.4793661526424
30.7071180572867,46.4781660910282
30.6910030102887,46.3773087388507
30.7519187188813,46.4372632413501
30.7036333017161,46.3785663746352
30.7964259547088,46.5688436102033
30.7140200545346,46.4952710172132
30.6351456503187,46.4378947580316
30.6152316484774,46.4908018222365
30.6419437800385,46.4373909840407
30.7428640671117,46.4848410964081
30.695967878136,46.4052412074551
30.6544961708197,46.3507220664792
30.7377148344019,46.4515938121994
30.7576132561141,46.4581248821532
30.6656801069171,46.5272156858169
30.755468391657,46.4406079408114
30.7074374499359,46.43338418162
30.738971631493,46.4553685187457
30.7270787995157,46.4809116592788
30.6928518522904,46.3408642889923
30.7446194283381,46.422398310232
30.7841228459952,46.5769093916367
30.7066168964632,46.460037424126
30.7410827390033,46.4607211173994
30.6229256356277,46.4415129348022
30.7225345951576,46.4240967482585
30.6506608623415,46.3458804385878
30.7424927406985,46.4448342447567
30.7395221293923,46.4596649912112
30.7709654268623,46.5780572766589
30.7531729192841,46.435858071754
30.7268347108245,46.430509071486
30.6450675959487,46.4427633738154
30.6394769262441,46.4952782139845
30.6980374386351,46.3557849950881
30.7234512260939,46.4716566113883
30.7532793835005,46.456206942602
30.7488883837465,46.4317559121136
30.6623978930264,46.4473315243975
30.726676312844,46.4771855309387
30.7522562883479,46.4392189639507
30.6425280348845,46.4372128639511
30.7244613378055,46.4809836269918
30.7668782396282,46.5554288285019
30.6488613574156,46.3702541037848
30.6558490453743,46.5376438074292
30.6128219218235,46.4674788856492
30.7586934784072,46.4726641593701
30.7471537960258,46.4452282679854
30.6938983176369,46.4579899426914
30.7170971300571,46.4193468792012
30.6795464219298,46.3611357945489
30.7501997112898,46.4683263054696
30.6861549934106,46.4817590790993
30.7139629273941,46.419955006376
30.662177174529,46.4471875889715
30.7274163689823,46.4624843263676
30.7072686652026,46.4719498798187
30.692503896071,46.4805950013417
30.721207687485,46.4163044441345
30.713251434826,46.4150306156146
30.7218127158367,46.5070305415159
30.6446547225241,46.4381394482558
30.7348195270538,46.4629341245738
30.7706979679772,46.5565551232102
30.7165985659218,46.495047917303
30.8110686794947,46.5785484563001
30.6554050116913,46.4742276579348
30.7752525590882,46.5764775853588
30.7459359492578,46.4563418820639
30.6328683547633,46.5276277009737
30.7343261562949,46.4889954326405
30.6718809983498,46.4681104023307
30.7212024941086,46.4077456838671
30.7224930481463,46.4249099834153
30.7174191193945,46.4782524522838
30.7064403216653,46.4553181413466
30.6452545574994,46.4417756169546
30.6502713591108,46.5288907343367
30.705497723847,46.4458112064606
30.7252818912781,46.3989782172321
30.6879129513252,46.4649456221519
30.7607162985186,46.4332564389294
30.7058378900018,46.3965816923895
30.688164830081,46.4653972195509
30.7097381156852,46.4452606534562
30.7982644099577,46.570941469037
30.7286471991913,46.4686753488776
30.7463280491767,46.3870009905976
30.7361749982966,46.4663597877122
30.7488624168644,46.4318152854768
30.69518108161,46.3655816000189
30.6942229036625,46.4879267121026
30.7111299405628,46.4796846097723
30.6616812070819,46.4473872993751
30.7099796076882,46.4060454466477
30.749301257171,46.4622288409865
30.681413440749,46.3326959535679
30.6711513289642,46.4676821944384
30.7286056521801,46.4518726870872
30.7030905938813,46.3814576775046
30.67873625521,46.326555308457
30.7523186088648,46.4253363921148
30.6549194309971,46.3508462107841
30.7203196201191,46.4165887166008
30.7588726498933,46.436392432023
30.6433979254331,46.4546002634095
30.771469184374,46.5540848314618
30.7499686060396,46.442686008524
30.6682222646694,46.4658290258289
30.7572263495716,46.4342585893328
30.7240900113922,46.4997240194545
30.7090266231171,46.4656670984746
30.7064377249771,46.4604944191034
30.6337642121939,46.4003725916713
30.7066376699688,46.421586874268
30.6822547677273,46.4519410564145
30.7259933838462,46.5520679363053
30.7574185044987,46.4490425567739
30.7096550216626,46.4503721602713
30.7304207372351,46.4286163206343
30.7436352835085,46.4359462322024
30.7273774186593,46.4299117394682
30.7749097962451,46.5584316813264
30.7451725229256,46.4323226578534
30.6874870944596,46.4797853645705
30.7240121107461,46.4694939816129
30.7965895460657,46.5724617869739
30.7232980214898,46.4097823701448
30.6902733409032,46.4965574400829
30.6548129667807,46.5352202946942
30.7411450595202,46.4846899642108
30.7158948634184,46.3812741598364
30.7119504940355,46.3814306896122
30.7372240603312,46.4293719816207
30.637648857748,46.4382042191975
30.6326684097715,46.4431609954297
30.6388329475693,46.4442603022456
30.7076322015512,46.5131406003488
30.7437469411013,46.454616456145
30.8079448635845,46.57633185074
30.6806422243522,46.3900884054849
30.6435017929613,46.4368746157
30.722869567936,46.51529423416
30.7340015702693,46.3858728966965
30.6905979269288,46.4661978603579
30.6461348348008,46.4415129348022
30.7064948521176,46.512635027165
30.6333097917581,46.44576622664
30.6456752209886,46.4421786361474
30.7520018129038,46.4676516081603
30.6731949225813,46.32662727617
30.6885906869466,46.4490893357873
30.7150379563108,46.4190014341788
30.7061235257043,46.3963262070084
30.7064039680304,46.5125414691381
30.7651540386603,46.4427921609006
30.7271800703557,46.4658434193715
30.7045317558349,46.3867796898802
30.7013300392785,46.3729025156228
30.7058716469485,46.4546650343512
30.7067752944437,46.4621154918386
30.701488437259,46.4735655549753
30.7105716525988,46.4822556563189
30.6624394400377,46.531022777834
30.7317554349723,46.474677456141
30.7091928111622,46.4473009381195
30.7041448492924,46.389133034095
30.7479925263159,46.4509730906748
30.7236485743974,46.4925344449268
30.6986398702985,46.5552003310132
30.6865029496301,46.4746864521052
30.7047420875794,46.3878160249473
30.6915249446178,46.3457401015474
30.810767463663,46.5962381201531
30.7074114830538,46.4131702502338
30.6542962258279,46.3497289120399
30.7343858801236,46.4545660787459
30.6879441115836,46.435026844669
30.7497712577361,46.3825893697913
30.645389585286,46.4381484442199
30.6910497506764,46.5489967141534
30.7482132448133,46.4651273406272
30.7408827940116,46.4600536168614
30.6165689429028,46.478630282777
30.7070115930703,46.3956641040489
30.7145653590576,46.4863668119235
30.7564473431102,46.4319556225171
30.7157520455671,46.4895477848377
30.7731829985891,46.5687932328042
30.6941605831455,46.4350934148035
30.6990423569703,46.4746090868137
30.7060326416171,46.4459479451153
30.7454789321338,46.4691863196399
30.7232512811021,46.4716871976663
30.7009587128653,46.4729538294149
30.7369358279405,46.4826694706686
30.7042487168206,46.4302481885264
30.644893617839,46.4408508318427
30.6366491327892,46.4999633121002
30.7064948521176,46.3958818063807
30.8074125425026,46.576218501592
30.7064013713422,46.3935302613587
30.6156652954076,46.5193334220516
30.7049446292594,46.3858513063826
30.7507294356836,46.5482734386378
30.7523393823704,46.4410901244884
30.6541040709008,46.3496587435198
30.6908472089964,46.3403245311449
30.6035829051914,46.5153859929941
30.7449855613749,46.4372938276282
30.7211505603445,46.3900830079065
30.7445103674335,46.4407230891522
30.7100575083343,46.4449188068195
30.7040851254637,46.4480080208996
30.710117232163,46.4399584322016
30.6553998183149,46.4500806910337
30.703848826837,46.385108239746
30.6998707005075,46.4801541990996
30.6454155521681,46.437038342247
30.7050770603578,46.4435442235014
30.7590154677446,46.4362682877181
30.7635077383386,46.4335515065527
30.7051523643158,46.3891132429739
30.7026153999398,46.4339041483463
30.6540391536957,46.3454738210094
30.6706164111941,46.4816241396374
30.6967832382322,46.5102960764928
30.7120933118868,46.409913711221
30.7049342425066,46.38591967571
30.7400492570979,46.4560881958756
30.6879960453477,46.4514138929169
30.6423592501512,46.4418565806318
30.6240266314265,46.509565604206
30.7478574985292,46.397562252479
30.7104729784471,46.4026611649444
30.6917742266855,46.480386294974
30.7554631982806,46.4074812025219
30.7249391284351,46.4320149958803
30.7027088807152,46.353557594371
30.706829824896,46.4775363735396
30.642546211702,46.4514588727375
30.7587324287303,46.4336792492432
30.8119048130966,46.5788525198875
30.7310647159098,46.4747746125536
30.675399510867,46.4453110308553
30.65825617534,46.4355126267317
30.6433927320567,46.389482077503
30.6934205270072,46.4716638081596
30.7715159247617,46.5572730011473
30.6546597621766,46.4648484657394
30.6737584039217,46.4692726808955
30.7148717682657,46.3827494979527
30.7027036873388,46.4904329877075
30.7447258925544,46.4291524800961
30.749859545135,46.3835843234234
30.7216075774686,46.5531636447355
30.7159649739999,46.4200737531024
30.6978686539018,46.4740549354237
30.7066818136683,46.5125414691381
30.7057599893557,46.3904302521216
30.7205143717344,46.4098327475439
30.7057158456562,46.4703953772181
30.7341989185728,46.3925011230629
30.6641246906825,46.3288726688153
30.734531294663,46.447223572828
30.7266685227794,46.415878035435
30.7433937915055,46.4779591838534
30.6822210107806,46.4671550309407
30.7153054151959,46.3653243154449
30.729670294344,46.4710214963211
30.7060274482407,46.4442674990169
30.7555852426262,46.4082368635083
30.7044097114892,46.401730982254
30.752334188994,46.5488797666198
30.743045835286,46.4454333759674
30.672898900126,46.4738624217914
30.639741788441,46.4523044933651
30.6393626719631,46.4447280923801
30.6338135492698,46.4422092224254
30.6907485348446,46.4604206521976
30.665615189712,46.3326941543751
30.6804163124784,46.5436854969347
30.7448245667062,46.4761437982932
30.7244405642998,46.4314410533692
30.7426433486143,46.4436071952503
30.7222463627669,46.3854392912258
30.7110857968634,46.3957162806408
30.6534315286558,46.5209724867149
30.6653918745264,46.4958701484239
30.7339262663114,46.3725174883583
30.7038696003427,46.3858333144544
30.7218101191485,46.4162468699641
30.6949629598008,46.3643851367904
30.7115557974284,46.389512663781
30.6540339603193,46.3495184064794
30.7576288362433,46.4380009104083
30.6346470861835,46.4381466450271
30.7078373399194,46.3885950754404
30.7237965856251,46.3977079870978
30.7073180022784,46.3647305818128
30.6231645309426,46.5269763931712
30.7631545887428,46.4338501725616
30.7145601656812,46.4176286500535
30.7371149994267,46.4507769786569
30.7528639133878,46.4664911287884
30.6539690431142,46.3499448151789
30.7979735808787,46.5673035011453
30.6298717765751,46.5064170167626
30.7249832721346,46.4784107812524
30.7551152420612,46.4657822468154
30.7290548792395,46.4531950938134
30.7022103165799,46.4431304091517
30.8016660715057,46.5744247063457
30.671668069917,46.3422100852252
30.7059729177884,46.5133996841155
30.7440663337505,46.4569014310324
30.6263948110691,46.4827954141664
30.707858113425,46.48084868753
30.7318333356184,46.4747152391904
30.7122828701257,46.4455575202723
30.7296417307737,46.4237800903214
30.7036177215868,46.3870045889833
30.7011482711042,46.4381538417984
30.7677740970588,46.4390930204529
30.6208015446763,46.4523530715714
30.6972194818506,46.4829519439421
30.7215686271455,46.4057719693384
30.7303791902238,46.4437529298691
30.7539233621753,46.4033250670967
30.7109377856357,46.4530133753381
30.7283849336827,46.4500123217064
30.685220185657,46.3334965943749
30.7290211222928,46.4525581795534
30.7231889605852,46.3936849919416
30.710750824085,46.3906659463817
30.7109170121301,46.4843571135382
30.6554465587026,46.5201520547868
30.7107456307086,46.4455251348014
30.6118455670585,46.4867356464526
30.6937139527743,46.4766115884277
30.7273462584008,46.477685706544
30.7158533164071,46.394246340103
30.7313191913539,46.4718329322851
30.7057885529259,46.4481087756978
30.7898199799162,46.5679188250914
30.6935166044708,46.4286397101411
30.7129528156825,46.4839307048388
30.7270008988696,46.5054922316507
30.747055121874,46.4463743538147
30.7047862312789,46.460827269776
30.7241705087265,46.4771585430464
30.6641143039297,46.5206882142486
30.6735065251659,46.3318143490838
30.7323344964419,46.435159984938
30.732729193049,46.4475906081643
30.7280317840868,46.4698754104917
30.7417189276135,46.4330495317546
30.643904279633,46.4372866308569
30.6233826527517,46.445550323501
30.6923584815315,46.474965326993
30.713251434826,46.4643518885197
30.64480533044,46.4382042191975
30.7792878125582,46.5624654716396
30.68670549131,46.4460289087924
30.6551427461827,46.3505007657617
30.6465191446551,46.4363744400947
30.7921518059239,46.5786258215916
30.6945422963116,46.4294547444907
30.6432551075818,46.4420113112147
30.7067519242498,46.4465398795546
30.7054016463834,46.3858764950822
30.6397236116235,46.4414265735466
30.7076997154445,46.479441718741
30.6852565392918,46.4784701546156
30.8101390651175,46.5948779303776
30.711194857768,46.3930120938252
30.6447092529764,46.4390372454754
30.6929920734535,46.4102843449429
30.7094031429068,46.4207826350753
30.7428744538645,46.4459533426937
30.7148717682657,46.4653810268155
30.7123425939544,46.4206800810843
30.6988034616554,46.5009744584677
30.712693146862,46.5131334035775
30.6845450467238,46.3434767169739
30.7251780237499,46.4836554283366
30.7937046254703,46.5664974627598
30.6833194098912,46.3582606844149
30.7410801423151,46.4322039111269
30.6294069693865,46.4215922718465
30.7112052445208,46.4608722495966
30.6355870873135,46.468486433631
30.6973908632721,46.4276159694238
30.6554465587026,46.4096456314901
30.6422086422354,46.4418997612596
30.6454363256737,46.4434164808108
30.6523772732447,46.3498872410085
30.719405585871,46.4336900444002
30.7544920368921,46.5935519252658
30.7330070386869,46.5314635800761
30.6390276991847,46.3933377477265
30.6464957744612,46.4431250115732
30.6973830732075,46.489995783851
30.7146095027571,46.4834863042111
30.7467175524074,46.4662536353355
30.6565293776839,46.4501364660113
30.6808317825911,46.3376365370647
30.740469920587,46.4739523814327
30.71152463717,46.3869110309564
30.730039024069,46.4710916648413
30.6863419549614,46.4538410040375
30.6367114533061,46.4382312070899
30.7086786668977,46.4841789934486
30.7299429466054,46.4711294478906
30.6819301817017,46.3487159664796
30.7263491301302,46.418927667273
30.6369217850507,46.4531177285219
30.6338187426462,46.4003581981287
30.6608970072441,46.4472577574917
30.7435028524101,46.4816151436733
30.66518413947,46.3526633955371
30.7636921032011,46.417562079919
30.7401868815727,46.4580547136331
30.6482355555583,46.3750867357121
30.7228539878068,46.4978924411589
30.718961552188,46.4123642118483
30.6816315625582,46.4527938738135
30.6809304567429,46.3484838706052
30.7221580753679,46.3855022629746
30.759020661121,46.4360289950724
30.7463877730054,46.4703719877114
30.6464464373853,46.4370689285251
30.728338193295,46.4290625204549
30.7063234706961,46.513856679093
30.6343796272984,46.405077480908
30.70594175753,46.5138296912006
30.7264218374,46.4634648864571
30.7224359210058,46.4978510597239
30.6547973866514,46.3495543903359
30.7413787614587,46.4089781309521
30.6160937489613,46.4893102913848
30.7554631982806,46.4073174759748
30.7238640995184,46.4698430250209
30.7698878012574,46.5617925735231
30.6405831154193,46.4373316106775
30.6454960495024,46.444370053008
30.7141680657623,46.4194476339994
30.7111091670572,46.4877072105779
30.7071154605985,46.4757479758718
30.7204312777119,46.4100378555259
30.7312516774606,46.4737580686076
30.7363801366647,46.4714137203569
30.644919584721,46.4427687713939
30.6468645041863,46.4138413491574
30.6315466404671,46.4818454403549
30.6922364371859,46.4820379539871
30.6137177792541,46.4926981714738
30.6834726144953,46.4568690455616
30.6436809644474,46.4429145060127
30.6952304186859,46.4288844003652
30.7313295781067,46.4694687929134
30.636875044663,46.37996434746
30.6328579680105,46.4019019055723
30.721955533688,46.3814594766974
30.7704980229855,46.5713822712791
30.7012105916211,46.4256692427874
30.7235135466108,46.4755860485175
30.7236096240743,46.4117290967812
30.7274994630049,46.4778170476202
30.7266737161558,46.3845486907775
30.7146302762627,46.3915007718524
30.7592335895538,46.4816655210724
30.6609775045785,46.4472217736352
30.643231737388,46.4449673850258
30.6833531668378,46.4677379694159
30.6826286908287,46.4569176237678
30.7253909521827,46.5014494453735
30.6875831719232,46.3504683802909
30.7397116876313,46.4712356002673
30.7467928563653,46.4455665162364
30.7987655707811,46.5719238283193
30.6953472696551,46.3654610540996
30.7061936362858,46.4228661003664
30.7161233719804,46.4714209171282
30.6808084123973,46.4602065482515
30.7292989679307,46.3906713439602
30.7488883837465,46.4579899426914
30.754541373968,46.4636214162329
30.720522161799,46.4098741289788
30.712197179415,46.3793940033346
30.7175723239985,46.4710520825991
30.8061193917767,46.5729691593505
30.7415189826217,46.4709423318368
30.7139006068772,46.4155631766907
30.6406142756777,46.4449170076267
30.7143030935489,46.4170331172285
30.6249692292448,46.4770343987415
30.7718197372816,46.5572496116406
30.6505855583835,46.3458282619958
30.7439027423936,46.4438482870888
30.753095018638,46.5747449626685
30.7103665142307,46.4776713130014
30.7324669275404,46.4739811685179
30.8048392244918,46.5784477015019
30.6156575053429,46.4827288440318
30.7134929268291,46.3889980946331
30.7279980271402,46.4288520148944
30.7235732704395,46.3908332713144
30.7036878321684,46.4789523382927
30.6827195749159,46.3425591286332
30.7149444755355,46.4492908453837
30.7399895332692,46.3736203935599
30.7089772860412,46.4053797453026
30.6844178090017,46.3426059076467
30.6399391367445,46.441464356596
30.7018415868549,46.4868148109369
30.7030672236874,46.4335083259249
30.6393211249518,46.4681625789226
30.6448988112154,46.440899410049
30.7407010258373,46.4383589497804
30.7321215680091,46.4226861810839
30.619388946293,46.4686123771288
30.7132851917727,46.3898599079962
30.7475588793857,46.4178679426992
30.7493661743761,46.4261388321147
30.7116596649566,46.4210165301426
30.7244145974178,46.3989386349899
30.7296261506445,46.4719660725541
30.7240095140578,46.3979166934655
30.7399817432046,46.4578945854717
30.7288289673657,46.4535675267281
30.7607007183894,46.4767087448402
30.7018857305543,46.4334075711267
30.7209973557405,46.4701236991016
30.7136902751326,46.4196275532818
30.6460257738962,46.442644627089
30.6367062599297,46.441977126551
30.6980426320115,46.4299387273606
30.7203481836893,46.3988810608195
30.7089513191592,46.4350898164178
30.6248367981463,46.4768598770375
30.8015622039775,46.5744642885879
30.6556049566831,46.3899660603729
30.7137188387029,46.3938307265604
30.6553998183149,46.3508120261204
30.6983308644022,46.3790485583122
30.7993835825739,46.575038231099
30.7527808193652,46.4679358806267
30.7064221448478,46.406617589966
30.6368386910282,46.4392819356995
30.6334552062975,46.3970170970531
30.6143903214991,46.489718708156
30.6441249981304,46.4412772405422
30.7394701956283,46.4574285945301
30.757486018392,46.4586160617944
30.7346429522558,46.4546614359656
30.8072697246513,46.5905184861632
30.7204494545293,46.4101134216245
30.7052042980799,46.4718527234062
30.796529822237,46.5698043791717
30.6925947801581,46.47553027354
30.70873319735,46.476115011208
30.7114025928243,46.4468763286128
30.7096654084154,46.3974561001023
30.7076997154445,46.513086624564
30.6984581021242,46.4351473905882
30.7058846303895,46.4692924720165
30.642660465983,46.4542764087011
30.7517836910946,46.3997194846759
30.731511346281,46.4569374148889
30.6523357262334,46.3498584539233
30.7161155819157,46.4201583151652
30.7122309363616,46.3975946379498
30.7142797233551,46.3978537217166
30.6546130217889,46.3496497475556
30.6433875386803,46.4406619165961
30.7089175622125,46.4873545687843
30.8079370735199,46.5725013692161
30.701158657857,46.442921702784
30.7214024391004,46.4063153255714
30.7249650953172,46.4508561431412
30.7061936362858,46.5126854045641
30.7399220193759,46.4796378307589
30.6971623547101,46.4707642117472
30.6870015137654,46.4457644274471
30.7438611953823,46.4419267491519
30.8083499469445,46.5792915229367
30.6736207794469,46.4739433854685
30.7261985222144,46.4191291768694
30.7495531359269,46.4455161388373
30.7637492303416,46.5583093362144
30.7014027465483,46.3653872871938
30.7311581966852,46.4709963076216
30.6228165747231,46.5105119796318
30.7248560344126,46.5033907744314
30.7497686610478,46.4299279322036
30.7199560837704,46.417921918484
30.6333149851345,46.4431052204521
30.8150831594591,46.5888344416792
30.7474082714698,46.444317876416
30.7976775584234,46.5757489122648
30.7246820563028,46.4298451693337
30.7518096579767,46.4262125990205
30.6446703026534,46.4415075372238
30.7500776669442,46.4374539557896
30.7343391397359,46.4467233972227
30.7199093433827,46.5174622615138
30.7082969537316,46.3884439432431
30.7279772536345,46.4493196324689
30.73025454919,46.4688372762319
30.6327359236648,46.4485927585677
30.6217882861941,46.5150135600793
30.7392832340775,46.466741216591
30.6170051865212,46.4664965263668
30.6664772901959,46.3343224238815
30.698429538554,46.3827656906882
30.6712889534391,46.4678315274428
30.7500023629863,46.4382456006325
30.6457349448173,46.4444600126492
30.6912237287861,46.4790638882478
30.7583766824462,46.4579413644851
30.7044746286944,46.5138081008867
30.727894159612,46.480200978113
30.732069634245,46.4731157567691
30.7095251872524,46.417038514807
30.7485845712265,46.4576265057408
30.762409339228,46.4305792400062
30.61470711746,46.4560648063689
30.6401806287475,46.4395302243093
30.7356245003972,46.4535243461003
30.7038955672247,46.36694538818
30.6254340364334,46.4427201931876
30.7122179529206,46.4894578251964
30.7585195002975,46.4368710173144
30.6399209599271,46.4951522704868
30.7516824202547,46.4045557149888
30.7230383526693,46.4101763933734
30.7182266894261,46.4630978511209
30.7272891312603,46.4808396915658
30.7076659584979,46.4480835869983
30.7603943091812,46.476710544033
30.6782299010101,46.4875578775735
30.7898147865398,46.5678846404277
30.74669937559,46.4736429202668
30.7105404923404,46.4871710511162
30.7299585267347,46.4282654780335
30.6434758260792,46.4395122323811
30.7209947590523,46.5385991788191
30.6133724197229,46.4943372361372
30.7337263213196,46.3905921794759
30.664612868065,46.4861041297711
30.7459748995809,46.450580866639
30.7392235102488,46.4526427416162
30.7645256401148,46.430888701172
30.6734753649074,46.4742870312981
30.6425228415081,46.4368872100498
30.6980426320115,46.4301726224278
30.7070505433934,46.4471354123796
30.6462153321351,46.4419681305869
30.675804594227,46.4892707091427
30.7213115550132,46.4528226608987
30.6835531118296,46.3462258836101
30.7488052897239,46.3920819111348
30.6458907461095,46.4693338534515
30.700600369893,46.4591612172203
30.7038929705365,46.5144306216041
30.641086872931,46.4440875797345
30.6131880548603,46.4945351473479
30.6819405684545,46.4567646923777
30.7402699755953,46.4786824593689
30.6303573572694,46.4440066160574
30.7073595492897,46.3538238749091
30.7221528819915,46.4070637897865
30.7148406080073,46.4698987999985
30.7425602545918,46.477264695423
30.7064065647186,46.4642421377574
30.7372526239015,46.5545796094886
30.6479031794681,46.4423855433222
30.7265257049281,46.4735799485179
30.6329047083981,46.4732434994597
30.701449486936,46.364471498046
30.7409503079049,46.4606131658299
30.7632948099058,46.4370509365968
30.6458414090337,46.4756040404458
30.7207091233498,46.4947204642089
30.7024128582599,46.4238718491555
30.703721589115,46.4039259975002
30.7101847460564,46.5395527510162
30.7218698429772,46.5531618455427
30.7172451412848,46.4727397254688
30.7301065379623,46.3873284436918
30.729924769788,46.5279605516463
30.740417986823,46.4802999337184
30.7462189882721,46.4721118071729
30.6983879915427,46.4512123833205
30.7311452132442,46.4294565436835
30.7272735511311,46.5291426213322
30.7517707076536,46.5477768614182
30.8075969073651,46.5759702129822
30.6856512358989,46.4782182676202
30.6459660500675,46.4427453818872
30.7601476238018,46.4816817138078
30.654753242952,46.3502920593941
30.7086007662515,46.4458022104965
30.7050017563999,46.4006388722093
30.7437105874664,46.456012629777
30.6297341521003,46.4697944468146
30.7249910621992,46.4645174142596
30.6554050116913,46.474308621612
30.6886685875927,46.446987878568
30.6904577057657,46.4775903493243
30.7399635663871,46.4581248821532
30.7199846473407,46.4279272297825
30.7183747006538,46.381360521092
30.7221528819915,46.4706508625992
30.7158896700419,46.4999615129074
30.745125782538,46.3757326459362
30.7196185143038,46.4122382683506
30.7048485517958,46.386268719118
30.7092421482381,46.4878493468111
30.7113169021136,46.4090447010866
30.690372015055,46.4796972041221
30.7256584110678,46.3946763471881
30.8112686244865,46.5952737527991
30.6108536321644,46.509565604206
30.7138876234362,46.4195555855689
30.7312309039549,46.4619319741704
30.7128489481543,46.4686897424202
30.6345691855373,46.4733820373072
30.7109819293352,46.4811743414312
30.7434301451403,46.4559082765931
30.726650345962,46.473569153361
30.7463020822947,46.4703611925544
30.7493661743761,46.445960539465
30.6318426629224,46.406329719114
30.7330044419987,46.4865395344347
30.6469398081442,46.372828748717
30.6335616705139,46.4007270326577
30.7060378349936,46.5133690978375
30.6825793537529,46.4664191610754
30.7075854611635,46.4476697726486
30.6419178131564,46.4523800594638
30.6376073107367,46.4622090498654
30.7402050583902,46.4565236005392
30.7305479749571,46.5300871975652
30.7056924754623,46.4438033072681
30.7233161983072,46.3899822531083
30.8021360720708,46.5716899332521
30.7066947971093,46.4465434779403
30.6432628976464,46.4419339459232
30.6451506899712,46.4414607582103
30.6425799686486,46.5353840212413
30.7359958268105,46.4829303536282
30.6910419606118,46.5080434870762
30.7124049144713,46.3925604964262
30.7290730560569,46.4540389152482
30.7934189897678,46.5672999027597
30.7127996110784,46.4772898841226
30.7474679952985,46.4431807865508
30.7075854611635,46.4228714979449
30.7463046789829,46.4722089635855
30.6083711982407,46.5152672462676
30.7303765935356,46.452049007984
30.7063676143955,46.4307231754321
30.7331446631618,46.3923985690719
30.7423888731703,46.4601885563232
30.6644025363204,46.4977359113832
30.7736036620782,46.5578811283221
30.6423774269687,46.4521659555176
30.7534066212225,46.4650967543492
30.7990018694078,46.5698313670641
30.7461852313254,46.5513572551395
30.7316307939385,46.4700661249312
30.7350350521747,46.491710414613
30.7070089963821,46.4318764580328
30.6857265398569,46.4810717874402
30.6397391917528,46.4540677023334
30.6357428886058,46.4388699205427
30.6477759417461,46.359194465491
30.7434353385167,46.4544059505845
30.6469424048324,46.4456618734561
30.7044252916185,46.3848419592079
30.7070245765113,46.5128077496762
30.6924623490597,46.4804456683372
30.7518823652464,46.4613130518387
30.7081775060742,46.4834647138972
30.6650361282423,46.3295401693533
30.6313908391748,46.4691521349762
30.8065504420187,46.5789118932507
30.7812457154645,46.5981650556684
30.7019792113297,46.5584946530753
30.6979543446125,46.430190614356
30.7499556225986,46.4433445130978
30.7095225905642,46.395437405753
30.8076358576882,46.5773160092151
30.7366761591201,46.466699835156
30.6836232224111,46.347787582982
30.6371451002363,46.4402912828742
30.7176242577626,46.4226861810839
30.7409321310875,46.4386342262826
30.8027748573691,46.5747287699331
30.6421229515246,46.4532904510331
30.6423099130753,46.4372200607224
30.7206312227036,46.4163422271838
30.7429237909404,46.4729358374867
30.7155832608338,46.4195393928334
30.7127450806261,46.4437115484341
30.7336665974909,46.4731571382041
30.7114675100294,46.4284903771366
30.7331238896561,46.4889414568557
30.7411866065315,46.4609694060092
30.7601787840602,46.4575167549785
30.7303869802884,46.387130532481
30.8070645862832,46.5766790949552
30.7398285386005,46.4578981838573
30.8148390707679,46.5889819754909
30.811795752192,46.5937066558487
30.7980540782131,46.5762238991705
30.6601959014289,46.5422317491323
30.7117894993668,46.3627802567907
30.7003744580192,46.478671664212
30.7980255146428,46.570099446795
30.645503839567,46.4438536846672
30.7596646397957,46.4347911504089
30.7465409776095,46.4504639191054
30.6233722659989,46.5090366415155
30.8085706654419,46.5921197677772
30.7083852411305,46.4685440078014
30.7226618328796,46.3876522984002
30.7333134478951,46.4470292600029
30.7051004305517,46.4222057965997
30.6827792987446,46.4569320173104
30.806872431356,46.5834800438328
30.7607266852714,46.4322165054767
30.6243771843341,46.4428083536361
30.8045717656067,46.5742717749556
30.6788998465669,46.4880184709366
30.7583221519939,46.4340750716647
30.6958484304786,46.4456816645772
30.8149221647904,46.5940718919921
30.7146770166504,46.4184508811745
30.7131631474271,46.3892517808214
30.6423748302805,46.4419213515734
30.7095537508226,46.3899696587585
30.7595374020737,46.4349386842206
30.6911406347635,46.4944056054645
30.7213323285189,46.4780725330014
30.7596828166132,46.5525375256325
30.7302207922433,46.4610935503141
30.6878532274965,46.4343341554314
30.6633976179852,46.3600328893473
30.6973934599603,46.4568636479831
30.7286497958795,46.4237387088864
30.7022310900856,46.4251132922045
30.7466058948146,46.4457446363261
30.6858485842025,46.4825255352426
30.6547065025643,46.3505241552685
30.6352131642121,46.4382240103186
30.6724574631312,46.4693878292362
30.6466931227648,46.4362610909468
30.7179436504118,46.4759350919255
30.7576703832546,46.4553019486112
30.6933192561672,46.4829969237627
30.7197327685848,46.4276231661951
30.7039812579355,46.4866870682463
30.8073606087385,46.5754754349554
30.6905771534231,46.3683289674623
30.7403738431235,46.4568420576692
30.6409933921556,46.4391200083453
30.6081946234428,46.4839702870809
30.7297455983019,46.453558530764
30.7451906997431,46.4377112403635
30.7135838109162,46.4615901275337
30.7275072530695,46.4765234279792
30.8010532530894,46.5980894895698
30.7926633535003,46.6008944311836
30.7020674987287,46.3729349010937
30.712996959382,46.4113638606377
30.7064221448478,46.3792374735588
30.7591972359189,46.4564048538128
30.7359854400576,46.4828871730004
30.7125503290108,46.556947347246
30.6418035588754,46.4507463923789
30.7330070386869,46.4865791166768
30.7157442555025,46.3812435735584
30.6542832423869,46.5372102019584
30.7064974488058,46.468588987622
30.7058638568838,46.4459623386579
30.7228851480652,46.4756004420601
30.6870560442177,46.4865611247486
30.6943111910614,46.4301582288852
30.7204910015406,46.4168442019819
30.7956469482474,46.5749464722649
30.6454259389209,46.4437187452054
30.7401297544322,46.4493088373119
30.7276292974151,46.4431124172234
30.7995705441246,46.581547710739
30.6663760193559,46.4694022227788
30.8079240900789,46.5762724773768
30.7528249630647,46.435816690319
30.7224463077587,46.4245807311284
30.7083047437962,46.4344151191086
30.7678390142639,46.5553370696679
30.6220453583264,46.452439432827
30.7346014052446,46.4634846775782
30.7352583673603,46.4516729766837
30.7340067636457,46.4734540050202
30.6910809109348,46.4621694676233
30.7307271464432,46.4696379170389
30.6401780320593,46.4676893912097
30.6790374710417,46.488014872551
30.7379667131578,46.4357825056554
30.7080918153634,46.3650598340997
30.7042253466267,46.3877206677275
30.7164271845003,46.4583012030501
30.7049628060768,46.3880193337365
30.7156040343394,46.4981947055535
30.6543845132269,46.3495561895287
30.8145923853884,46.5942284217679
30.6927350013212,46.3738650837841
30.7168893950007,46.4711528373973
30.6705437039244,46.4625365029596
30.7044902088236,46.3833576251275
30.7247937138956,46.5014890276156
30.6576277767945,46.4713417526439
30.6988138484082,46.4046366786659
30.7080061246527,46.3981793756179
30.6935711349231,46.3379262071095
30.8149117780376,46.5816826502008
30.6868898561726,46.4898770371246
30.7286212323093,46.4926190069895
30.704609656481,46.3868660511358
30.6973752831429,46.4047842124776
30.6553894315621,46.4459911257431
30.7045343525231,46.3893723267407
30.6761940974577,46.3323109263034
30.6879856585949,46.4591036430499
30.7696878562656,46.555900217022
30.71784497626,46.4193342848514
30.7367488663898,46.5306305537982
30.7066194931514,46.5566504804299
30.802951432167,46.5848132457159
30.7035008706176,46.3830247744549
30.7253286316658,46.3700795820808
30.6894891410654,46.3456537402918
30.6465996419894,46.4374953372245
30.6935425713528,46.4831912365878
30.7302779193838,46.3874148049473
30.714773094114,46.3912057042291
30.6947448379916,46.3639605272838
30.7154040893477,46.4801541990996
30.712578892581,46.3873446364272
30.6776015024646,46.3394087419971
30.7235628836867,46.4982900627732
30.6345639921609,46.4372200607224
30.6485445614547,46.3966194754388
30.7038150698904,46.3847717906878
30.6422475925584,46.4446309359675
30.6539456729203,46.3507130705151
30.7086137496926,46.3726290383135
30.6371684704302,46.4394330678968
30.7046563968687,46.3711195155335
30.7438611953823,46.4738372330919
30.6168753521109,46.4771603422392
30.6505907517599,46.3620335917685
30.654638988671,46.3499178272865
30.704635623363,46.4427525786585
30.7260011739108,46.413465317857
30.7181384020272,46.3986561617164
30.64863804223,46.4483678594646
30.7220048707639,46.4970252302174
30.7128022077666,46.4682957191916
30.7368033968421,46.4839109137177
30.7244950947521,46.5070053528163
30.726980125364,46.4903412288734
30.692072845829,46.3430736977811
30.7573561839818,46.5517098969331
30.8055818773183,46.5842734878685
30.8077267417754,46.5785502554929
30.6858537775789,46.4782524522838
30.7499322524047,46.548703445723
30.7463773862526,46.37877328181
30.6989021358072,46.4046168875449
30.7313477549242,46.482491350579
30.649944176397,46.3658802660278
30.7551541923843,46.4624249530044
30.6702996152331,46.4987290658224
30.6455635633958,46.4448738269989
30.7072297148795,46.4779160032256
30.6986372736103,46.3828106705088
30.6452779276932,46.5301843539777
30.6422501892466,46.5351537245597
30.6943267711906,46.4873257816991
30.711348062372,46.4778980112974
30.7113169021136,46.4090878817144
30.666440936561,46.5361954572052
30.742435613558,46.4692510905816
30.6491547831828,46.443107019645
30.7721573067482,46.5661987967509
30.6444184238975,46.3878052297903
30.742246055319,46.4809764302205
30.7225449819104,46.4245015666441
30.7949847927552,46.5712401350459
30.6439224564504,46.4466676222452
30.673470171531,46.4744489586523
30.6567423061167,46.4962011999036
30.6122350702892,46.4866744738965
30.7131034235984,46.4722197587424
30.6764433795253,46.444287290138
30.7238043756897,46.4172022413541
30.7130177328876,46.3815926169664
30.7264815612287,46.4904113973936
30.7125217654405,46.3872618735572
30.7275358166397,46.4775993452884
30.7644996732328,46.4311801704096
30.7602229277597,46.4762697417909
30.694293014244,46.3433237855838
30.6207392241594,46.4693806324649
30.704368164478,46.3900488232428
30.8046574563175,46.5758964460764
30.6869599667541,46.480621989234
30.6119728047806,46.4867122569459
30.7031918647213,46.5128851149676
30.7460502035388,46.4255450984825
30.7300831677685,46.4792294139877
30.7112390014674,46.3862309360686
30.7490935221146,46.4384669013499
30.6614812620902,46.4475600218862
30.6540365570075,46.3495687838785
30.7989265654498,46.5712113479607
30.6147019240836,46.4342387982117
30.6424968746261,46.4429756785688
30.7062689402438,46.5139394419629
30.6854850478538,46.4817482839423
30.7133423189132,46.4710466850207
30.7195795639807,46.4473171308549
30.6160522019501,46.4894344356897
30.6924779291889,46.3430934889022
30.7595322086973,46.4560000354272
30.7274734961228,46.4695911380254
30.7041604294216,46.485909816946
30.7017351226385,46.3687247898837
30.7359594731756,46.4799418943463
30.7742891877642,46.5712113479607
30.6767497887334,46.5131441987344
30.7536740801076,46.4645012215242
30.6977933499438,46.4606473504936
30.7143498339366,46.4307123802752
30.6972013050332,46.4277958887063
30.7415994799561,46.43655615857
30.6712941468155,46.3334246266619
30.6446625125887,46.4386882020674
30.7110001061526,46.3957378709547
30.8079214933907,46.5932406649071
30.72776692189,46.4509047213475
30.6728313862327,46.4695587525546
30.7948757318506,46.5681976999792
30.7042435234441,46.3837246604638
30.6605854046596,46.5133924873442
30.7097199388677,46.4644976231385
30.7012287684386,46.4786356803555
30.7131501639861,46.4113224792028
30.7433132941711,46.443054843053
30.6416815145298,46.4507230028722
30.7432042332665,46.3860546151718
30.6465191446551,46.4388483302288
30.6449715184851,46.3504090069277
30.7184941483112,46.3982531425237
30.7156949184266,46.3950289889817
30.7437209742192,46.4543645691495
30.7248820012946,46.4321391401852
30.712337400578,46.3811410195674
30.6448624575805,46.4398432838609
30.663408004738,46.35162706047
30.7276500709207,46.4432419591068
30.6530602022425,46.5314689776546
30.6510919125834,46.4884862610711
30.7092603250555,46.4471588018863
30.7332459340017,46.4896431420574
30.6941320195753,46.430160028078
30.7141550823212,46.4802783434045
30.7281668118735,46.4287278705895
30.6956952258745,46.432686094804
30.7110754101105,46.4817338903997
30.7131605507389,46.411268503418
30.7133007719019,46.4159769910404
30.7564187795399,46.4399908176725
30.7621263002137,46.453497358208
30.6439354398914,46.4434092840395
30.6118819206934,46.4980399749705
30.761838067823,46.4336018839518
30.7269229982235,46.4305846375846
30.7934813102847,46.5654431357645
30.7503295457001,46.3780679982227
30.7114960735997,46.4169089729236
30.7226358659976,46.4609963939016
30.7248975814238,46.4374935380317
30.7535001019979,46.4579305693282
30.6132529720655,46.4947366569443
30.7590180644328,46.4445139884339
30.7724689093328,46.5666683860782
30.658687225582,46.4918147677969
30.8015959609242,46.5746280151349
30.6587391593461,46.4506996133655
30.7197145917674,46.483569067081
30.7214387927353,46.5530395004306
30.7238666962066,46.4151853461975
30.7157572389435,46.469328455873
30.7368163802831,46.482685663404
30.7422668288247,46.4792761930011
30.7997133619758,46.5764182119956
30.6559477195261,46.4332582381222
30.7135500539696,46.3869182277277
30.7076062346692,46.4229902446713
30.7202728797314,46.3989206430617
30.6887542783035,46.3926576528387
30.6446209655775,46.4426932052953
30.7353284779419,46.4813974413415
30.7181825457266,46.3837336564279
30.6944695890419,46.4873851550623
30.758233864595,46.5521920806102
30.6773522203969,46.3835393436028
30.7668548694344,46.5568429940622
30.7051108173045,46.4046150883521
30.7261829420851,46.4372974260138
30.6164131416105,46.4880436596362
30.7196366911212,46.4513041421546
30.7014339068067,46.4383355602737
30.7180656947574,46.4035895484419
30.7249521118761,46.4981731152396
30.8000171744958,46.5762041080494
30.7052925854788,46.514585352187
30.6349742688972,46.443968833008
30.6547376628227,46.4515992097778
30.7146328729509,46.485868435511
30.7493428041823,46.4260830571371
30.7416592037848,46.4848482931794
30.7260946546862,46.4219826966895
30.6680638666889,46.4832542083367
30.7122594999319,46.3812597662938
30.7592829266296,46.4352679365075
30.7243133265778,46.4175890678114
30.7454477718753,46.4555106549789
30.759578949085,46.4339851120234
30.7213738755301,46.4112757001893
30.6871573150576,46.3449610510543
30.7063624210191,46.3919379757088
30.7591115452081,46.4302176022484
30.7236200108272,46.4174973089773
30.7612616030416,46.4321967143556
30.723973160423,46.3930498768745
30.6803929422846,46.3262872287261
30.7095901044575,46.4404352183002
30.7102262930676,46.4096384347188
30.7039085506657,46.3852089945442
30.7997860692456,46.5698979371986
30.6958016900909,46.4058421378585
30.7190238727049,46.4040591377692
30.7231292367565,46.3881128917633
30.7012028015565,46.42560087346
30.7125295555051,46.4192065421609
30.6376176974896,46.4441487522905
30.6489132911797,46.4479180612584
30.6336239910308,46.4481429603615
30.697998488312,46.4679826596401
30.7205481286811,46.3989872131962
30.7098471765898,46.4056262347196
30.7062741336202,46.4210453172278
30.6967364978445,46.4458256000032
30.6942255003507,46.4868885778427
30.7111662941977,46.3813335331997
30.7706849845362,46.5566162957663
30.7244665311819,46.4748339859168
30.6552777739693,46.3503388384075
30.7870571036664,46.5777496146859
30.7054587735239,46.4042336594732
30.7425524645272,46.4847871206234
30.7210440961281,46.4112451139113
30.8075293934718,46.5931111230237
30.7236953147851,46.4688570673529
30.6389887488616,46.4439742305865
30.7094239164124,46.4877971702192
30.719634094433,46.4676156243039
30.7119401072827,46.4104282803688
30.7133319321604,46.381781532213
30.6921845034218,46.4803179256467
30.6415750503134,46.5366830384607
30.6242473499239,46.4835834606236
30.709216181356,46.389697980642
30.7459541260752,46.4447047028734
30.7029659528475,46.438054886193
30.7518486082998,46.4611331325562
30.6399910705086,46.4395374210806
30.6756981300106,46.4625760852017
30.7104989453291,46.4811617470815
30.7044226949303,46.5144863965817
30.7518122546649,46.4156333452109
30.7556891101544,46.4500770926481
30.6967079342743,46.4754906912978
30.7403115226066,46.4578586016152
30.7987655707811,46.5760961564799
30.615366676264,46.4824877521933
30.7125892793339,46.3874525879967
30.7054821437178,46.4650211882505
30.6829558735425,46.4869011721925
30.6460050003905,46.4436215887929
30.7021661728804,46.4022815352583
30.640897314692,46.4531051341722
30.7329888618695,46.4483930481641
30.7943434107687,46.5776776469729
30.7252559243961,46.4252842155229
30.6944514122245,46.4053995364236
30.7065623660109,46.5124371159543
30.7061624760274,46.5138063016939
30.7339236696232,46.4517665347105
30.7421811381139,46.4710574801776
30.7321968719671,46.4728620705809
30.7343287529831,46.4635656412553
30.6551920832585,46.3502776658515
30.6475734000661,46.3375141919526
30.6396431142892,46.4952368325496
30.7292106805317,46.5139808233979
30.6437432849643,46.4450393527388
30.6950590372643,46.4675796404474
30.7210311126871,46.4514084953384
30.7534663450513,46.5463177160373
30.7474913654924,46.4354172695119
30.7030957872577,46.4848267028655
30.7241237683388,46.4779843725529
30.7005224692469,46.4789217520146
30.7447674395657,46.4757551726431
30.743692410649,46.3821953465627
30.7308673676063,46.529144420525
30.6730728782357,46.3333346670207
30.7089045787715,46.4309966527415
30.7165154718993,46.4692348978461
30.7226514461268,46.3877152701491
30.7121893893503,46.3963855803716
30.7044798220708,46.386124783692
30.7553930876991,46.4290535244908
30.7270424458809,46.4304407021587
30.7175463571165,46.3989242414473
30.646796990293,46.435868866911
30.7397817982128,46.4826154948839
30.7396675439318,46.4599294725565
30.6734208344551,46.4497676314822
30.6419853270498,46.4372218599152
30.6757344836454,46.3888973398349
30.6462568791464,46.3605888399302
30.7191718839326,46.4736771049305
30.6430317923962,46.4369789688838
30.7384600839167,46.4820019701306
30.6748749798497,46.4897043146134
30.6600219233192,46.4919712975726
30.734848090624,46.4272363397378
30.8076306643118,46.5762742765696
30.6998499270019,46.4800138620593
30.6840854329115,46.3457059168838
30.7259362567057,46.4760448426878
30.6816237724936,46.5441424919122
30.7390183718807,46.4695119735411
30.7649411102275,46.4765738053783
30.736637208797,46.4666602529139
30.7601580105546,46.5729457698438
30.7128281746487,46.4166804754349
30.6552933540985,46.3504251996631
30.8108921046968,46.5826632102903
30.8086797263465,46.5793796833851
30.7934527467145,46.5703855184541
30.6164598819982,46.4774877953333
30.714939282159,46.3936975862914
30.703796893073,46.4983890183785
30.6941813566512,46.4748393834953
30.7020233550292,46.4251168905902
30.7410931257562,46.484380503045
30.7100652983989,46.4212270357031
30.6877156030216,46.3497055225332
30.7038618102781,46.5143406619629
30.7644321593394,46.4301708232349
30.6467528465935,46.4362520949826
30.7144459114002,46.3978645168735
30.725775262037,46.3675841016328
30.66373778414,46.3615208218134
30.7089850761058,46.4756292291453
30.7080165114055,46.4771027680688
30.6359220600919,46.3495705830713
30.7206182392626,46.3876379048576
30.7569095536106,46.4090231107727
30.7399921299574,46.4592025986553
30.7402076550784,46.4564804199114
30.7437832947362,46.4521389676253
30.8059791706136,46.5776596550447
30.7098004362021,46.4124757618034
30.7064065647186,46.5120053096763
30.7411554462731,46.4606995270855
30.7478574985292,46.5616198510119
30.6811174182936,46.3444410843279
30.6287266370769,46.5075990864485
30.712983975941,46.468292120806
30.6472592007934,46.3384227843291
30.728249905896,46.4733874348857
30.6110172235213,46.5055264163144
30.8121670786053,46.5822799822186
30.7157598356317,46.3931344389373
30.6622368983577,46.4472055808998
30.7066065097104,46.421370971129
30.6958302536611,46.4483498675363
30.7248638244772,46.5037937936241
30.6527641797872,46.3495274024435
30.7465695411797,46.4359102483459
30.7401868815727,46.4798555330907
30.710891045248,46.3888829462923
30.7350843892506,46.4814118348841
30.7468421934412,46.4677523629585
30.7410256118628,46.4682021611647
30.6259170204395,46.5230505544275
30.7117894993668,46.4094962984856
30.8078981231969,46.5796225744165
30.7596542530429,46.4816601234939
30.6371762604948,46.4396525694214
30.7471979397253,46.4453416171333
30.6401806287475,46.4395895976726
30.6780039891363,46.3796009105094
30.760962983898,46.4326555085259
30.7150639231929,46.3832748622576
30.7384055534644,46.4814244292339
30.6869781435715,46.4668185818825
30.8104272975082,46.5842159136981
30.7083099371726,46.4857838734483
30.7060508184346,46.4215293000976
30.688125879758,46.4803179256467
30.7089227555889,46.4753215671723
30.7930814203012,46.576177120157
30.7220438210869,46.4238448612631
30.7053549059957,46.4015780508639
30.7286497958795,46.4236577452093
30.7459047889993,46.4506186496883
30.7190082925757,46.3802450215407
30.6377838855347,46.462234238565
30.7134254129357,46.4168585955245
30.6544026900443,46.3496929281834
30.6432732843993,46.4546884238579
30.6547298727581,46.5305172046503
30.7217374118788,46.4980543685131
30.7035631911345,46.3792788549938
30.7144095577653,46.4700517313886
30.7133916559891,46.4854006453766
30.710002977882,46.4763597014322
30.7113376756192,46.4090824841359
30.7020726921051,46.4431843849364
30.6808187991501,46.4886122045688
30.6827559285508,46.3909826043188
30.7101613758625,46.4880886394568
30.6458491990983,46.44751144368
30.6672692800983,46.5169512907516
30.6816004022997,46.3924273561571
30.7490649585444,46.464924031838
30.8000249645604,46.5817168348645
30.8100637611595,46.5807866521741
30.6599024756618,46.5308734448296
30.7493272240531,46.4461746434112
30.6205834228671,46.4577686419739
30.7288471441831,46.3790971365185
30.8122034322401,46.5941276669697
30.734048310657,46.4829303536282
30.635935043533,46.4438177008107
30.6458310222808,46.4372398518434
30.7274345457998,46.4147931221617
30.7077594392732,46.4338825580324
30.7272735511311,46.4221338288867
30.7384574872284,46.4816745170365
30.7247963105839,46.5038441710232
30.6432057705059,46.4667951923758
30.7494570584633,46.4156711282602
30.7494129147638,46.4306709988402
30.7443234058827,46.4136020565117
30.8097002248109,46.5788543190803
30.7765249363084,46.5594302333442
30.7713055930171,46.5571884390845
30.6173946897518,46.4745371191007
30.7645568003733,46.4449457947119
30.7479873329395,46.3896350088931
30.7303454332772,46.4736357234955
30.7614745314744,46.433661257315
30.7095070104349,46.4436935565058
30.7058197131844,46.403116360729
30.6800787430118,46.333834842626
30.6155536378148,46.4833477663636
30.7229786288406,46.3987875027927
30.7232642645431,46.4167668366905
30.7464319167049,46.4363528497808
30.7515837461029,46.3995107783082
30.7290730560569,46.4534793662797
30.7501321973965,46.4382689901392
30.7195172434638,46.4178697418921
30.8086303892706,46.5842482991689
30.8095210533248,46.5849337916352
30.8154700660016,46.5906966062529
30.7448063898888,46.4676678008958
30.7471875529724,46.3920333329285
30.7358789758412,46.4783873917457
30.6559165592676,46.3501085417259
30.6543559496567,46.3494392419951
30.6460725142839,46.4433571074476
30.7324331705937,46.5399827581014
30.7032567819264,46.3787894745454
30.6824754862247,46.4853358744349
30.6907770984149,46.3403353263018
30.7135604407224,46.4608596552469
30.7265672519394,46.504133841068
30.7378862158234,46.4383283635024
30.7054899337824,46.4007540205501
30.7099406573651,46.4071123679928
30.7083125338608,46.3772241767879
30.7495687160561,46.4428335423356
30.7024284383891,46.4413869913045
30.6603023656453,46.4856273436725
30.7033684395192,46.4914117486041
30.7260608977395,46.4876856202641
30.7994277262733,46.572819826346
30.7196133209274,46.4933152946127
30.7264685777876,46.4815341799962
30.6986424669867,46.3430808945524
30.7464500935223,46.4706310714781
30.6544546238084,46.3498710482731
30.7584156327693,46.4538931806294
30.6409440550797,46.4419573354299
30.6969779898476,46.4955840767647
30.6489885951377,46.3649105010952
30.6514216919854,46.4505017021547
30.6808187991501,46.4936067638503
30.7246145424095,46.4125099464671
30.6645219839778,46.5414041204329
30.7063961779658,46.382377065038
30.7929256190089,46.5670120319077
30.6289863058973,46.4738948072623
30.7456944572548,46.4464733094201
30.6286279629251,46.5060463830407
30.7067259573678,46.39290054387
30.6906446673165,46.48021177327
30.7082657934731,46.51299486573
30.7679013347808,46.5777406187218
30.6820340492299,46.4527201069077
30.6162028098659,46.4882163821474
30.6955576013996,46.4292928171365
30.7281278615504,46.3779474523035
30.6837037197455,46.4748555762307
30.7231629937031,46.4643374949771
30.7542998819649,46.5501158120904
30.7263413400656,46.4390984180314
30.7399012458702,46.4712409978457
30.7174217160827,46.477029001163
30.6500610273662,46.3649554809159
30.723414872459,46.4116085508619
30.7564473431102,46.4402463030536
30.7270891862685,46.4180046813539
30.637319078346,46.4387241859239
30.7069648526826,46.4795478711177
30.7291197964446,46.4633677300446
30.7212050907968,46.4836842154218
30.8107103365225,46.5959592452653
30.6914833976066,46.4573602252027
30.7450219150098,46.4421876321115
30.6134710938746,46.494441589321
30.7404257768876,46.3797088620789
30.7401816881963,46.4790117116559
30.6580432469072,46.4345464601848
30.7504567834221,46.5461126080553
30.6406350491834,46.4694687929134
30.7191614971798,46.457326040539
30.712324417137,46.4111695478126
30.6905953302406,46.3682534013636
30.6917404697388,46.4900929402636
30.7099017070421,46.4423729489725
30.6942696440501,46.3432302275569
30.7265075281107,46.4744669505805
30.7262738261723,46.438630627897
30.7393948916703,46.4575617347991
30.7082554067203,46.4095214871852
30.7120309913699,46.3813857097916
30.7528691067642,46.5488401843776
30.7634869648329,46.4336270726513
30.6375164266496,46.4444636110348
30.702908825707,46.4485423811686
30.7501555675903,46.4629593132734
30.7606903316366,46.5889819754909
30.7111169571218,46.4796450275302
30.7560578398795,46.4685440078014
30.7256402342504,46.4883513216092
30.7088526450074,46.4350124511264
30.8114997297367,46.5811806754027
30.8112011105932,46.5809809649992
30.698886555678,46.4090824841359
30.6715693957652,46.5376851888641
30.6849085830724,46.5242344233062
30.6373736087983,46.4440156120215
30.6442574292288,46.4374197711259
30.6887880352501,46.3490883993943
30.7094654634237,46.3954410041386
30.7020623053523,46.4515200452935
30.615937947669,46.4816295372159
30.708974689353,46.4942004974825
30.7143394471838,46.3896637959783
30.706601316334,46.4320473813512
30.6436783677592,46.4467935657429
30.6395989705897,46.4465434779403
30.7213660854655,46.4154354340002
30.7221087382921,46.4164105965112
30.7529366206575,46.4671388382053
30.6900266555238,46.4623601820627
30.7171386770684,46.5584622676045
30.7051757345096,46.5124317183758
30.6524499805145,46.3495723822642
30.7082761802259,46.4189834422506
30.6460932877895,46.4411944776722
30.7054224198891,46.5126134368511
30.7237498452374,46.5253589188217
30.6974817473593,46.3935392573228
30.6404221207506,46.4430476462817
30.8096145341001,46.5787427691252
30.7379017959527,46.5519671815071
30.7495713127443,46.4599078822426
30.7111662941977,46.4091256647637
30.7363256062124,46.4366011383906
30.6371996306886,46.4394132767757
30.7382705256777,46.4682849240347
30.6586093249359,46.4385082827849
30.7120673450047,46.3982747328376
30.6483913568506,46.3649374889876
30.7095641375754,46.4040087603701
30.7583585056288,46.4461782417968
30.7496855670253,46.4589129286105
30.6979257810423,46.4591702131844
30.6406895796356,46.4394276703183
30.7112364047792,46.4661168966808
30.7003017507495,46.4940439677068
30.7121322622098,46.387407608176
30.6765082967304,46.44251148682
30.7134747500116,46.463866106457
30.7126957435502,46.4167020657488
30.6641324807471,46.3585233665673
30.6374177524978,46.428794440724
30.6954277669894,46.3434047492609
30.800832534592,46.5801839225778
30.7518278347941,46.4157988709508
30.6422242223646,46.4418098016183
30.7068376149606,46.4059123063787
30.6932880959088,46.3780356127519
30.7394364386816,46.5552974874257
30.814942938296,46.5941942371042
30.6547636297048,46.3498350644166
30.6132503753772,46.4915790735368
30.6123389378174,46.4982756692306
30.7232512811021,46.4626624464573
30.7574133111223,46.4386630133678
30.7569718741275,46.452408846549
30.7320021203517,46.4709081471732
30.7171075168099,46.388404361001
30.7088085013079,46.4195052081698
30.6517177144407,46.4505358868184
30.7249832721346,46.3911679211798
30.7247313933787,46.4230532164202
30.6953654464725,46.4294997243113
30.7044330816831,46.449677671841
30.6875727851704,46.4781642918354
30.7484573335045,46.4622882143497
30.6652646368043,46.3294825951829
30.6354546562151,46.4405449690625
30.732588971886,46.4808828721936
30.7200989016217,46.4954761251953
30.7115142504171,46.4172562171388
30.8061116017121,46.5729097859873
30.7291068130036,46.4302481885264
30.7096835852329,46.4470526495097
30.7379069893291,46.4819947733593
30.6966430170692,46.4595210557853
30.7035787712638,46.4724320634957
30.6211962412834,46.4253489864646
30.6467190896468,46.3748744309588
30.7113143054254,46.4623727764125
30.6397106281825,46.4413707985691
30.6363764805277,46.4430386503176
30.7354245554054,46.3877944346334
30.7105171221466,46.4052232155268
30.8120034872484,46.5823501507388
30.7236927180969,46.4656850904029
30.7100704917754,46.4217937814429
30.7538662350348,46.403393436424
30.6586768388292,46.4939126266305
30.6500246737313,46.3658910611847
30.7030983839459,46.4247750439535
30.7006549003453,46.4728818617019
30.6408038339167,46.4426698157885
30.6792503994745,46.4986840860018
30.7263153731836,46.4975847791859
30.6934387038247,46.3612311517686
30.7517005970721,46.4614084090584
30.7500646835032,46.4294889291544
30.7327655466839,46.4848303012512
30.7300701843275,46.4793337671715
30.6427072063707,46.4553289365036
30.6959055576191,46.4329559737277
30.6270284029911,46.4684810360526
30.6757240968926,46.4626102698654
30.6997330760327,46.4799257016109
30.7401764948199,46.4590892495073
30.7123763509011,46.4724464570383
30.7046927505036,46.4681859684293
30.6436212406187,46.4470166656532
30.7644477394687,46.4298739564189
30.732170905085,46.4619085846637
30.6346315060542,46.4380368942648
30.649170363312,46.4432041760575
30.6837452667567,46.4878781338963
30.7137551923377,46.3897501572339
30.7192445912023,46.4060418482621
30.7255545435396,46.4726983440338
30.7470057847981,46.464359085291
30.7250274158341,46.3894856758886
30.8072333710165,46.5786564078696
30.7108287247311,46.3885842802834
30.7137422088967,46.3829024293428
30.6998551203783,46.4800390507588
30.6455947236542,46.5340544177438
30.6956432921104,46.4935563864512
30.7229163083237,46.4931983470791
30.7015481610877,46.3823266876389
30.7246041556567,46.4888964770351
30.6368672545984,46.4443862457434
30.6323178568639,46.4712302026888
30.7488156764767,46.4575887226915
30.6954043967956,46.403969178128
30.7140304412874,46.4168280092465
30.7230539327985,46.4001530901466
30.7993212620569,46.5765873361211
30.7301896319849,46.4374773452963
30.810235142581,46.5795200204255
30.713365689107,46.415354470323
30.7109819293352,46.4003905835995
30.6969727964712,46.4581446732743
30.7624560796157,46.4323100635036
30.7577223170187,46.4581896530949
30.7184396178589,46.4922969514739
30.7417371044309,46.4366119335476
30.7141083419336,46.4842959409822
30.7237394584846,46.3941797699684
30.7510072813215,46.4511188252936
30.7183435403953,46.4863470208024
30.7066246865278,46.4648610600891
30.8086251958942,46.5775211171971
30.7120803284457,46.4189312656587
30.6408375908633,46.4445085908555
30.7030412568054,46.4680636233172
30.6249198921689,46.4968579052847
30.7547750759064,46.4514102945312
30.7247495701962,46.3910815599242
30.7608643097463,46.4335910887948
30.6347275835178,46.4693068655591
30.725216974073,46.3686060431573
30.6686143645883,46.3413122880057
30.6971260010752,46.4275044194686
30.7570264045798,46.4494023953388
30.7263179698718,46.4175063049415
30.6332292944237,46.5278903831261
30.6970143434824,46.5098048968516
30.7104573983178,46.4821836886059
30.733477039252,46.4716224267246
30.811541276748,46.5835214252677
30.7289562050877,46.4525779706745
30.7146328729509,46.4311999615307
30.7236200108272,46.4636340105827
30.6613150740451,46.4474538695096
30.7241679120383,46.4999974967639
30.6398768162276,46.4984645844772
30.7148483980719,46.4999687096787
30.7055029172234,46.4229884454785
30.6877701334739,46.4650733648425
30.7276292974151,46.4717843540788
30.6223232039642,46.4505898626031
30.730483057752,46.4371840768659
30.6554102050677,46.4743571998182
30.8145196781187,46.5816844493936
30.7659823821976,46.5577048074252
30.7172425445966,46.4211064897838
30.7029244058362,46.4023804908637
30.6441146113776,46.4554206953376
30.7979943543844,46.5779151404258
30.6689285638611,46.4654224082505
30.753437781481,46.4296886395579
30.644717043041,46.4429450922907
30.7251624436207,46.4217775887074
30.7126905501738,46.4924534812497
30.7057859562377,46.5140024137118
30.708416401389,46.4225224545369
30.6416114039483,46.4448342447567
30.7499971696099,46.4371894744443
30.6338265327108,46.4462879925591
30.7140044744054,46.4195483887976
30.739187156614,46.5444087724503
30.6870196905828,46.4784233756022
30.7115583941166,46.4798141516557
30.7410489820567,46.4604728287896
30.7516097129849,46.5470517867098
30.8045639755421,46.5799302363895
30.7234694029113,46.4869911318337
30.661847395127,46.4470922317518
30.7142355796556,46.4650913567707
30.739301410895,46.4583191949783
30.759262153124,46.4822178732696
30.6944020751486,46.3669094043236
30.6607230291344,46.4473459179401
30.7467279391602,46.445652877492
30.6374385260034,46.4385208771347
30.6685961877709,46.4944901675273
30.633956367121,46.4441055716627
30.8101728220641,46.5793670890354
30.7194081825592,46.5159977185545
30.6280359180145,46.4706724529131
30.7590777882615,46.4445463739048
30.7274683027464,46.3901315861127
30.6454596958676,46.4436863597345
30.7445259475627,46.4568168689696
30.709216181356,46.437367594534
30.7548607666171,46.4649330278021
30.7015741279698,46.3717114499728
30.725344211795,46.4836878138074
30.7175697273103,46.4823995917449
30.7069492725534,46.5128383359542
30.6853681968846,46.4671190470842
30.7055938013106,46.4033268662895
30.8023230336215,46.5796747510084
30.732298142807,46.4820253596374
30.7076322015512,46.446135061169
30.7164583447588,46.4611547228701
30.7322436123548,46.4352139607227
30.698543792835,46.4044675545404
30.6549791548258,46.381535042796
30.7105508790932,46.409462113822
30.6169610428217,46.437090518839
30.7360970976504,46.4789667318353
30.7594750815568,46.409944297499
30.6269582924095,46.4695569533618
30.7043837446072,46.3802540175048
30.70584048669,46.3910869575027
30.6472306372231,46.3655276242341
30.7290808461215,46.4528082673561
30.7480392667036,46.4477039573122
30.7493376108059,46.446361759465
30.7183876840948,46.463034879372
30.7097433090616,46.417592666197
30.6514216919854,46.4689362318372
30.7287328899021,46.4790800809832
30.6551453428709,46.35043599482
30.7588726498933,46.4386900012602
30.7265828320686,46.5040906604402
30.7215971907157,46.3749625914072
30.7115194437935,46.4193234896945
30.7463228558003,46.4458849733664
30.7371903033846,46.4851649511166
30.7419422427991,46.3745901584925
30.7310075887693,46.4720974136303
30.6343510637281,46.4435874041292
30.7592907166943,46.4445463739048
30.7216309476624,46.4161497135516
30.6834959846891,46.3470373195741
30.8045302185954,46.5728342198886
30.7005718063228,46.3781237732003
30.7234797896641,46.3826091609124
30.7113662391895,46.4884628715643
30.7218932131711,46.4704907344378
30.64460278876,46.4394996380313
30.7102418731969,46.4876748251071
30.8123566368442,46.5955346357586
30.6446417390831,46.3505565407393
30.7115739742458,46.5497253872474
30.7071310407277,46.5590667963936
30.7184188443533,46.4889468544342
30.7322384189783,46.4708757617023
30.6447482032995,46.4467791722003
30.7027997648024,46.4726083843926
30.7434535153342,46.4848518915651
30.7968414248215,46.5770137448206
30.7013975531719,46.3653405081804
30.6825793537529,46.489995783851
30.6837946038326,46.4480619966844
30.7424122433641,46.4709729181149
30.7385457746274,46.4505448827825
30.7005795963874,46.3430251195749
30.6223387840935,46.4412682445781
30.8036966816818,46.5798798589904
30.7054873370942,46.5548189021343
30.7112675650377,46.3813137420786
30.7052847954142,46.4734216195493
30.7106235863629,46.4759548830466
30.6398508493456,46.4415885009009
30.7746007903488,46.5627605392628
30.7245132715695,46.4797475815212
30.6123051808708,46.4890979866315
30.6473734550744,46.3886940310457
30.7091694409683,46.4608182738119
30.6940021851651,46.4579971394627
30.7053133589845,46.5583183321785
30.6123519212584,46.4982432837597
30.6723899492379,46.5120844741606
30.7116362947628,46.4084275779477
30.7642919381764,46.4734594025987
30.6463295864161,46.438752973009
30.7599295019926,46.4764694521945
30.6585106507841,46.5207170013338
30.7538870085404,46.4491864921998
30.6431772069357,46.4739361886972
30.6835167581947,46.485837849233
30.7063780011484,46.3895990250366
30.7360451638863,46.478292034526
30.6905615732939,46.3515209080934
30.7249287416823,46.5206198449213
30.723858906142,46.5010446269879
30.725863549436,46.5004436965844
30.706196232974,46.3962974199232
30.6923558848433,46.3562599819938
30.6902655508386,46.4939396145229
30.7134877334527,46.4612986582961
30.714570552434,46.3894874750815
30.6551920832585,46.3503352400219
30.7264763678523,46.41600217974
30.737436988764,46.4673583397299
30.7217452019434,46.4110004236871
30.6904966560888,46.4943354369444
30.6527771632282,46.3499250240578
30.724658686109,46.4737220847511
30.7043370042195,46.4020818248548
30.645135109842,46.438198821619
30.7263932738297,46.3878016314047
30.6858589709553,46.4809764302205
30.6369062049215,46.3963819819859
30.7066870070447,46.3582336965226
30.7590518213794,46.4258797483479
30.6827559285508,46.4521767506746
30.7375096960338,46.4269898503208
30.7506697118549,46.4140788426103
30.6914963810476,46.5009492697682
30.6490976560423,46.3649194970594
30.7454659486928,46.4746558658271
30.7079308206947,46.4478137080745
30.7351129528209,46.4815539711173
30.7151262437098,46.3921592764262
30.7155910508984,46.4940331725498
30.7254766428935,46.3699482410046
30.6165637495264,46.4859458008025
30.6396327275364,46.4542890030509
30.7240614478219,46.4147481423411
30.8039589471904,46.5787643594391
30.6162625336946,46.4794129316558
30.6198044164058,46.4671856172187
30.8101286783646,46.5776902413227
30.6700217695952,46.4694885840344
30.7204182942708,46.3988504745415
30.682859796079,46.4997779952393
30.6589546844671,46.4921026386488
30.6604192166145,46.3801046845003
30.7930580501074,46.5703477354048
30.7476731336667,46.4487546859219
30.7236200108272,46.3905543964266
30.7033840196484,46.3645218754451
30.709216181356,46.4018713192943
30.7264815612287,46.3868192721223
30.7150509397518,46.4422380095106
30.7642062474656,46.4458957685233
30.680753881945,46.3697989080001
30.723555093622,46.5532464076055
30.6698971285614,46.3344483673792
30.7085877828105,46.4181720062866
30.6397859321404,46.4508543439484
30.6333045983817,46.4457158492409
30.7165102785229,46.4182511707709
30.7071699910508,46.3969415309545
30.6384849913499,46.531310648686
30.7534845218687,46.4491649018859
30.7276189106623,46.443024256775
30.7064143547832,46.4527686851139
30.6597960114454,46.4920090806219
30.7256791845734,46.4883153377527
30.7028594886311,46.4040519409979
30.6406090823013,46.4430152608109
30.6775158117538,46.5026495069876
30.7101561824861,46.388291011853
30.7308232239068,46.4299765104099
30.6350365894142,46.4397713161479
30.7064455150417,46.3964665440487
30.6145201559093,46.4881138281563
30.7065467858817,46.3957468669188
30.7392754440129,46.4655321590128
30.7304103504823,46.4732434994597
30.7059988846705,46.4076845113111
30.6907693083503,46.3586691011862
30.7201690122032,46.4122508627003
30.6442054954647,46.4434020872682
30.6433745552392,46.4420221063716
30.805387125703,46.5979419557582
30.7191017733511,46.4027457270071
30.7060949621341,46.5133259172097
30.7119297205299,46.4334507517545
30.6716732632934,46.4813452647496
30.7108884485598,46.4023391094287
30.6210274565501,46.4567467004495
30.6417775919934,46.5351699172951
30.8067244201284,46.5735628929827
30.6942021301568,46.3658029007363
30.7963896010739,46.57188604527
30.7049628060768,46.3892301905075
30.7454425784989,46.4746126851993
30.7088941920187,46.476053838652
30.7105197188348,46.5570624955868
30.795896230315,46.5702091975573
30.7539389423045,46.4585063110321
30.714786077555,46.4837148016998
30.7326564857793,46.4815215856464
30.7219789038818,46.4989881495892
30.7303636100946,46.4903412288734
30.7234070823944,46.4798987137185
30.7206727697149,46.410221373194
30.6990890973579,46.4522972965938
30.7373123477302,46.4548611463691
30.7214258092942,46.4513977001815
30.6461426248654,46.4406925028741
30.6958562205432,46.4930939938953
30.7472732436832,46.4366227287045
30.7078918703717,46.4339185418889
30.7101094420984,46.4494833590159
30.6651010454474,46.3294520089049
30.7046693803097,46.442655422246
30.6213338657583,46.4545498860104
30.6605568410893,46.5215896098538
30.7336380339206,46.4808918681578
30.7401427378733,46.4378533765967
30.7002965573731,46.4439598370439
30.7539934727568,46.4039080055719
30.6431746102475,46.4368458286148
30.7216595112327,46.4899022258242
30.7058690502603,46.5131226084205
30.7193198951603,46.4174379356141
30.7223761971771,46.4241921054783
30.6613358475507,46.4368188407224
30.7312257105785,46.47370229363
30.6159093840988,46.5174226792717
30.7125503290108,46.4109554438665
30.7114649133412,46.4881336192774
30.6453558283394,46.4429900721114
30.6751891791225,46.462367378834
30.6419567634795,46.4443736513936
30.7442169416663,46.4752657921947
30.7112623716613,46.4782596490551
30.7235109499226,46.4701740765007
30.765200779048,46.4304874811721
30.6652023162874,46.3524744802905
30.6782299010101,46.3257744587711
30.6480356105666,46.4486359391955
30.7128229812723,46.464267326457
30.7173827657596,46.3883144013597
30.7347857701071,46.5272606656375
30.7049835795825,46.3855526403737
30.6942410804799,46.4291704720244
30.7050459000994,46.3857271620777
30.7117090020325,46.4085823085306
30.7137525956495,46.4163530223408
30.7233447618775,46.4158798346279
30.7056872820859,46.498599523939
30.6200251349031,46.4593843171306
30.7539545224337,46.464862859282
30.710662536686,46.445417183232
30.7059002105187,46.5129678778376
30.7118388364427,46.4098759281717
30.7148068510606,46.4422254151608
30.6733143702387,46.4794471163195
30.6124817556687,46.5159689314693
30.764515253362,46.4317397193781
30.7280499609043,46.3890592671892
30.7046122531692,46.4485801642179
30.7187823807019,46.474780010132
30.7558371213821,46.4339851120234
30.7060170614879,46.4444780045774
30.7079074505009,46.4916438444785
30.8128240407211,46.5935897083151
30.7051575576922,46.4760196539883
30.7290574759277,46.4719048999981
30.7508566734056,46.548210466889
30.710306790402,46.3826775302397
30.7009223592304,46.4520759958764
30.6159613178629,46.4721765781146
30.7725234397851,46.5593438720886
30.7122854668139,46.3993542485325
30.7146146961335,46.4856525323721
30.7846811339592,46.5995738236502
30.6235748076789,46.5093694921881
30.7426874923138,46.4458759774023
30.7077075055091,46.5133996841155
30.6409232815741,46.4445931529182
30.7088708218248,46.401545665393
30.744035173492,46.484832100444
30.746356612747,46.4553577235888
30.7312127271375,46.3869686051268
30.6136242984787,46.4918579484247
30.7199924374053,46.4119503974986
30.6723016618389,46.5159905217832
30.6812134957572,46.3827998753518
30.7063546309545,46.5138836669854
30.6370178625143,46.4395086339954
30.744022190051,46.4452606534562
30.7450219150098,46.4185822222507
30.6329202885274,46.44306563821
30.7266399592091,46.4812535059155
30.7093615958955,46.4209805462861
30.6436342240597,46.3891654195658
30.71525607812,46.5015502001716
30.7065493825699,46.446885324577
30.6626264015884,46.3515640887212
30.7228669712478,46.5015412042075
30.7668211124877,46.5569077650039
30.7229864189052,46.4249765535499
30.6122039100308,46.4982684724593
30.7923725244213,46.5696100663467
30.6953862199781,46.4907820311155
30.6881154930051,46.3489930421746
30.6447559933641,46.437326213099
30.6736571330817,46.4835114929106
30.7204416644647,46.4644580408964
30.6931816316924,46.4902458716537
30.7261907321497,46.4825183384713
30.6443716835098,46.4476589774916
30.6868171489028,46.4803880941668
30.6876584758811,46.3501517223537
30.7249235483059,46.5026710973015
30.73294471817,46.4809764302205
30.718922601865,46.425539700904
30.7434587087106,46.4427561770441
30.7205195651108,46.4169827398295
30.7200132109109,46.4115905589336
30.6106407037316,46.5075505082422
30.7444973839924,46.4807335391892
30.7226774130089,46.4238106765994
30.6548155634689,46.3507940341922
30.7372578172779,46.3962002635107
30.6720861367179,46.494472175599
30.6716135394647,46.5073975768521
30.7035891580166,46.388753404409
30.6435589201018,46.4465236868192
30.7455023023276,46.4736069364103
30.7104677850707,46.4877306000847
30.6363868672806,46.443373300183
30.6529537380262,46.4741125095941
30.6717433738749,46.4670884608062
30.7437988748654,46.4451131196446
30.6674796118429,46.533662193708
30.7481249574143,46.4651327382057
30.6309623856211,46.505355492996
30.7533884444051,46.5468214900283
30.6732598397864,46.4812607026868
30.648383566786,46.4482653054736
30.7317294680902,46.3876630935572
30.6590741321245,46.5221005806161
30.8136757544522,46.5940718919921
30.7463488226823,46.4502210280741
30.7525419240504,46.4681301934517
30.7140174578464,46.4167110617129
30.7082580034085,46.4838533395473
30.7221165283567,46.4072293155264
30.6871728951869,46.4808864705793
30.7292002937789,46.3906281633324
30.8092276275576,46.5793904785421
30.7050770603578,46.5132629454608
30.7044460651241,46.3851190349029
30.6354105125156,46.4439778289722
30.7121192787688,46.3980102514924
30.7095355740052,46.4798879185615
30.6410531159843,46.4532148849345
30.707159604298,46.395437405753
30.7461229108085,46.4378569749823
30.7660940397904,46.5578019638378
30.636379077216,46.4441811377613
30.6844515659484,46.4852045333587
30.7115298305464,46.4284292045806
30.7055938013106,46.5131621906627
30.6931582614985,46.3376797176925
30.7226748163207,46.4878475476183
30.7418072150124,46.4184778690668
30.7238511160774,46.3912650775923
30.7128853017892,46.4910770987387
30.7022934106025,46.4013369590253
30.6730702815475,46.4928798899491
30.6337200684944,46.4444564142635
30.6356701813361,46.4456402831422
30.6862302973686,46.4823150296821
30.7263387433774,46.4735403662758
30.7483638527291,46.464965413273
30.6847216215217,46.4852369188295
30.6890762676409,46.4799113080683
30.765174812166,46.4326806972255
30.694305997685,46.4038900136437
30.7674988481091,46.4334309606334
30.7565745808322,46.4319862087951
30.7095563475108,46.3895180613595
30.7428329068533,46.4497730290607
30.7418565520883,46.3928879495203
30.7408204734947,46.4376788548927
30.6419671502323,46.4115887597408
30.696679370704,46.3624707956249
30.7224670812643,46.4708451754243
30.7031788812802,46.3728125559816
30.7224359210058,46.3858153225261
30.7399064392466,46.4377958024263
30.7236615578384,46.473743675065
30.6949811366182,46.4666818432278
30.697528487747,46.4049281479036
30.6445690318134,46.4381484442199
30.7205637088103,46.4163620183049
30.6821093531878,46.3807290044105
30.7297430016137,46.4688228826893
30.685931678225,46.4817302920141
30.6816757062576,46.3338366418188
30.7056197681926,46.4043308158857
30.7305609583981,46.4903736143442
30.7471719728432,46.4016734080836
30.7350220687337,46.4830706906685
30.7024544052712,46.4786086924631
30.7120283946816,46.4342711836826
30.6442989762401,46.4368062463727
30.7012910889555,46.4785169336291
30.6885517366235,46.4490803398232
30.6441249981304,46.4475870097786
30.7326305188972,46.4851055777533
30.7132670149553,46.4156333452109
30.7562266246128,46.4355630041307
30.6441925120237,46.4368044471798
30.6125233026799,46.5159005621419
30.7326746625967,46.3902683247674
30.7232486844139,46.4159320112198
30.6971363878281,46.5543475136142
30.6971545646455,46.4870451076184
30.7228254242365,46.4234904202766
30.7168114943546,46.4509532995537
30.6816471426874,46.4673205566806
30.7576288362433,46.4399908176725
30.7450842355267,46.4271967574956
30.7971608174707,46.5714092591714
30.6881700234574,46.4788983625079
30.7331706300438,46.3857127685351
30.7099380606769,46.4093775517592
30.7056846853977,46.5135364227702
30.6466256088714,46.4375457146236
30.7228098441073,46.4868382004436
30.7213115550132,46.4943768183793
30.6564930240491,46.4487690794645
30.6618707653209,46.4699797636756
30.705409436448,46.4589920930948
30.7045784962225,46.4426644182101
30.7490909254264,46.4219575079899
30.7180553080046,46.417706015345
30.7153054151959,46.3858656999252
30.7774675341267,46.5657220106524
30.7105015420173,46.4124613682608
30.7246846529911,46.4231287825188
30.7146328729509,46.4189888398291
30.7259752070288,46.4767195399971
30.6942099202214,46.4041454990248
30.7206649796503,46.4170295188429
30.7289873653461,46.4530745478941
30.6224867953211,46.4976837347912
30.7094083362832,46.4714083227784
30.675017797701,46.3363878972443
30.7381329012029,46.4686879432274
30.694547489688,46.4878367524613
30.7203352002483,46.4091832389341
30.7111611008213,46.4211172849407
30.7263802903887,46.4261982054779
30.6176024248082,46.4860447564079
30.7278370324715,46.3876001218083
30.7023245708609,46.4431034212593
30.6553764481211,46.4331520857456
30.6970792606876,46.3472388291705
30.7081411524393,46.4803916925525
30.6968221885553,46.4708631673525
30.616914302434,46.475201021253
30.7553359605586,46.5508984609692
30.6409051047566,46.4522073369526
30.6977258360505,46.445345215519
30.7113922060715,46.4090429018938
30.7080658484814,46.5132881341604
30.6397210149353,46.4952206398141
30.62039126794,46.4981731152396
30.6797281901042,46.475375542957
30.6523071626632,46.3507382592146
30.7405919649327,46.3798671910475
30.722399567371,46.4120925337318
30.7266191857035,46.4918867355099
30.7243522769009,46.3994370114024
30.6987203676329,46.4954347437603
30.7417786514422,46.4662248482503
30.7358607990238,46.4500429079844
30.719849619554,46.4566639375795
30.6158185000116,46.4810897793685
30.6395911805251,46.4550806478937
30.7066844103565,46.512984070573
30.6539508662967,46.3498944377798
30.7247573602608,46.432151734535
30.7485248473978,46.4473225284334
30.7397064942549,46.4795568670818
30.7475277191272,46.4444528158779
30.6988008649672,46.4108384963329
30.6037438998601,46.515673863846
30.7104054645538,46.4530529575802
30.7494544617751,46.4595534412561
30.7218620529126,46.4234364444919
30.7460943472383,46.4692510905816
30.8021464588236,46.5770695197981
30.7296573109029,46.5135832017836
30.7109741392706,46.4946412997246
30.7192939282782,46.399163534093
30.651517769449,46.3498008797529
30.6434810194556,46.4371840768659
30.7058586635074,46.5127663682412
30.7052744086614,46.4650805616138
30.7256843779498,46.492491264299
30.7074426433123,46.4343107659247
30.7487819195301,46.4406007440401
30.7320981978153,46.482408587709
30.7055340774819,46.4691215486982
30.6443379265632,46.4539921362348
30.8017751324103,46.5747107780049
30.6187190007362,46.4678819048419
30.6249328756099,46.4934484348818
30.8065893923417,46.579298719708
30.6847190248335,46.4828529883367
30.7274189656705,46.3903924690723
30.7234953697933,46.4789199528218
30.7108131446019,46.390991600283
30.7173983458888,46.4365129779422
30.7008392652079,46.4244907714872
30.7306051020976,46.4362395006329
30.694217710286,46.4868507947934
30.6457738951403,46.4369627761484
30.7347130628374,46.3785807681778
30.726460787723,46.4164753674529
30.6793101233032,46.3536817386759
30.6445560483724,46.438035095072
30.7076633618097,46.4317073339073
30.6854850478538,46.3416955160774
30.7217503953198,46.5070719229508
30.640198805565,46.3497810886318
30.7240302875635,46.4814838025971
30.6178023698,46.4670974567703
30.7471304258319,46.4452678502275
30.7458580486117,46.3865619875484
30.730953058317,46.4695731460972
30.7671716653953,46.4475294356082
30.7516252931142,46.4687958947969
30.7374136185702,46.4767915077101
30.7065078355586,46.3957882483538
30.6749840407543,46.5013702808892
30.6847034447043,46.4821998813414
30.8150078555012,46.5923806507368
30.7117349689145,46.4722575417917
30.806402430791,46.5736744429378
30.6302197327946,46.4140338627897
30.6411310166304,46.4546722311225
30.69487726909,46.4311405881675
30.6904758825832,46.4797871637634
30.6454467124265,46.4446561246671
30.7313685284298,46.4702316506711
30.6462205255115,46.441176485744
30.6150446869267,46.4880166717438
30.6864925628772,46.4655519501339
30.6490950593541,46.5186065481504
30.7111844710151,46.4092066284408
30.6453142813281,46.4379901152514
30.7132696116435,46.4759009072619
30.6930803608524,46.4292658292441
30.639069246196,46.495571482415
30.7474238515991,46.4457680258328
30.6604581669376,46.4856867170357
30.7231396235093,46.3998364322095
30.7438170516828,46.4693986243932
30.7281278615504,46.4224864706804
30.6689363539257,46.5215824130825
30.6561580512707,46.3499214256722
30.7632688430238,46.5709882480504
30.6806629978578,46.4628513617039
30.7017403160149,46.3686132399286
30.7420616904565,46.4488410471775
30.719049839587,46.3982837288017
30.6359012865863,46.4382995764172
30.6479031794681,46.3469383639687
30.8147429933043,46.5901892338763
30.7298260956362,46.4712356002673
30.7099822043764,46.402038644227
30.7105794426635,46.4788281939878
30.7493791578172,46.3792878509579
30.7653124366408,46.4302391925623
30.7240614478219,46.4866240964974
30.7492181631485,46.4511206244864
30.7059157906479,46.5133529051021
30.7000758388757,46.477162141432
30.6881985870277,46.5046448118302
30.736966988199,46.4720362410743
30.7666419410016,46.4297588080781
30.6490664957838,46.532645649762
30.706829824896,46.3955957347215
30.6488769375449,46.3910167889825
30.6598453485213,46.4859044193675
30.7448453402119,46.3871935042299
30.6432628976464,46.4518331048451
30.6884582558482,46.4333050171357
30.70853065567,46.4458435919314
30.6802683012507,46.4906093086043
30.7454919155748,46.474749423854
30.7120855218222,46.4416010952506
30.7541700475547,46.4037172911325
30.6975622446936,46.40528258889
30.6565086041783,46.5200153161322
30.7779946618323,46.5748835005161
30.6466671558827,46.4368782140856
30.7394857757575,46.4669373286089
30.665615189712,46.3325340262137
30.7219087933003,46.4164303876322
30.7319605733404,46.4617088742602
30.8122449792514,46.5937642300191
30.6435641134782,46.4371462938165
30.7111377306275,46.4082890401002
30.7064195481596,46.468239944214
30.7010963373401,46.5566432836586
30.655108989236,46.3502758666586
30.6918131770085,46.4805770094134
30.7345027310928,46.527327235772
30.71266717998,46.3982045643174
30.7959923077786,46.5703999119967
30.7459852863337,46.445622291214
30.7314542191405,46.5401356894915
30.710878061807,46.4054589097869
30.628093045155,46.4241255353437
30.7566005477142,46.4501328676257
30.7127295004969,46.382756694724
30.7146302762627,46.4182529699637
30.7064143547832,46.3961121030622
30.6983724114135,46.4054085323878
30.6506245087066,46.3892032026152
30.7071803778036,46.4648106826901
30.7653098399526,46.4329811624272
30.8089965223074,46.5804915845508
30.6767290152278,46.3896548000142
30.7220801747218,46.553179837471
30.7114051895125,46.3894550896106
30.7659538186274,46.5576940122683
30.7089019820833,46.4676120259182
30.706627283216,46.3959699668291
30.7140693916105,46.3895522460232
30.7419811931221,46.3850452679971
30.7011067240929,46.4925776255546
30.7353959918352,46.493435840532
30.7255181899047,46.3857289612705
30.7087072304679,46.4312539373154
30.7241393484681,46.4696181259178
30.7389300844817,46.5580952322682
30.6315284636497,46.4794561122836
30.7732349323532,46.5800723726227
30.6162910972649,46.4887417464522
30.6384252675212,46.3469221712333
30.6443976503919,46.4393790921121
30.7591712690368,46.4564678255616
30.7123555773954,46.4838281508478
30.6366984698651,46.4420149096003
30.7997081685994,46.5722260927139
30.7112857418551,46.4880418604434
30.7227475235904,46.4560234249339
30.661935682526,46.4472721510343
30.7380342270511,46.4682759280705
30.7360010201869,46.4508309544417
30.6317907291584,46.3804627238725
30.7079931412116,46.4820577451082
30.7308569808535,46.469821434707
30.7262270857846,46.4168424027891
30.7079204339419,46.5130200544295
30.7146458563919,46.4060148603697
30.7116129245689,46.4796090436737
30.7601476238018,46.4339923087947
30.695664065616,46.3625985383154
30.7200885148688,46.4840710418791
30.6337382453118,46.4463023861017
30.6946513572162,46.4401365522913
30.6855811253174,46.3549447720389
30.6618188315568,46.4472145768639
30.7435703663034,46.4738840121053
30.6893307430849,46.4288844003652
30.7019039073718,46.3669633801083
30.7371124027384,46.4717357758726
30.7112156312736,46.4633551356948
30.685246152539,46.3933809283542
30.7244535477408,46.4173353816231
30.7415423528156,46.4623457885201
30.6334759798032,46.4043038279934
30.6429097480506,46.4505142965045
30.7291821169615,46.4372704381214
30.6373684154219,46.4384435118432
30.6365971990251,46.4413887904973
30.7273592418418,46.5292289825878
30.7342949960364,46.4729826165001
30.6403909604921,46.5343512845599
30.6451454965948,46.4474646646665
30.7243315033952,46.4759998628672
30.7059261774008,46.4026017915811
30.7420227401334,46.4185120537305
30.6144915923391,46.4887453448378
30.6829974205538,46.4844146877086
30.6334837698678,46.3800111264735
30.699774623044,46.4733820373072
30.7217607820726,46.552963934332
30.7115921510633,46.4409821729189
30.6383239966812,46.4749671261858
30.7830737839605,46.5807740578243
30.7044278883067,46.3850632599254
30.714825027878,46.4193522767797
30.6773236568267,46.5113342107527
30.724074431263,46.39353745813
30.7029036323306,46.4786032948847
30.7195250335284,46.4756256307597
30.7049498226358,46.4458507887027
30.6163066773941,46.4987254674368
30.6419359899739,46.4430512446674
30.6450000820553,46.4468385455635
30.7644581262215,46.4765863997281
30.655438768638,46.5365175127209
30.7110780067988,46.405426524316
30.7044720320062,46.3862813134677
30.7057444092264,46.4698916032272
30.6345354285907,46.4380296974935
30.7325214579926,46.3903115053952
30.7672755329235,46.4489579947111
30.7703500117578,46.5791259971968
30.7099718176236,46.3580573756257
30.741700750796,46.4849184616996
30.676490119913,46.4551832018848
30.7590699981969,46.4818436411621
30.7048433584194,46.3881272853059
30.6543014192044,46.3502290876452
30.7068116480785,46.4081792893379
30.7795708515725,46.5744948748659
30.7128567382189,46.4603576804488
30.6066573840257,46.5166832110207
30.730724549755,46.453342627625
30.7179254735944,46.4919425104874
30.7139083969418,46.3937965418968
30.7298494658301,46.468804890761
30.7137058552618,46.4196041637751
30.6640623701656,46.3585233665673
30.7600177893916,46.4812625018797
30.637103553225,46.44004659265
30.7122802734375,46.4838263516549
30.7148925417714,46.4180478619817
30.7053575026839,46.5127519746986
30.759477678245,46.4773276671719
30.7065649626991,46.4750624834055
30.7114025928243,46.4745155287868
30.814332716568,46.5812364503803
30.6648569567562,46.4714515034062
30.6920364921941,46.3424403819068
30.7412800873069,46.4619193798207
30.7170633731104,46.3904536416284
30.7232772479841,46.5050298390947
30.7455308658979,46.4751866277104
30.7992122011523,46.5760511766593
30.710763807526,46.484965240713
30.6970039567296,46.4051926292488
30.7290756527451,46.431863863683
30.7411788164669,46.4589920930948
30.8132654777158,46.5937534348621
30.7247573602608,46.4182907530131
30.7642451977887,46.4421534474478
30.7943953445327,46.6011499165647
30.7257285216493,46.4882703579321
30.7132748050199,46.4402445038608
30.7257363117139,46.5010086431314
30.7504074463462,46.4302086062843
30.796986839361,46.5691116899342
30.6180023147917,46.4706364690566
30.7045005955764,46.3867059229744
30.7062871170612,46.4686807464561
30.7159909408819,46.4896611339856
30.6230658567908,46.4469698866397
30.6484640641203,46.4483138836798
30.6424605209912,46.4419123556093
30.7599736456921,46.434040887001
30.7039994347529,46.4032099187559
30.743362631247,46.3911751179511
30.7301558750382,46.4620813071749
30.7225787388571,46.4867770278875
30.6541092642772,46.3497037233404
30.6343588537927,46.468599782779
30.6512632940049,46.3507022753581
30.7289613984641,46.3876792862926
30.7303090796423,46.4356295742653
30.7305246047633,46.4806543747049
30.7224437110705,46.5073939784665
30.7047317008266,46.3877710451266
30.7141576790095,46.4843013385607
30.7288497408713,46.4901523136268
30.6740648131299,46.4498072137244
30.7119297205299,46.4332654348935
30.7618744214579,46.5554756075154
30.7212752013784,46.3910905558883
30.6793932173258,46.4965340505762
30.6463036195341,46.4401347530985
30.7102860168963,46.4877611863627
30.6952537888797,46.4039403910428
30.7543076720296,46.4408508318427
30.7241471385327,46.5533291704754
30.7043162307139,46.5126944005282
30.7314542191405,46.4824121860947
30.6378695762454,46.413168451041
30.7132592248906,46.4144476771394
30.8039433670612,46.5743239515475
30.6437822352874,46.437284831664
30.6441821252709,46.4551076357861
30.7391352228499,46.4591342293279
30.7684258657982,46.4554045026022
30.7411216893264,46.4361819264625
30.7220749813454,46.4990097399031
30.6868119555264,46.3495723822642
30.7298079188188,46.4581986490591
30.7437469411013,46.4707911996395
30.7638738713754,46.4318854539969
30.6933322396083,46.4751758325535
30.6229152488749,46.5088387303048
30.7068350182724,46.4012020195635
30.6171843580073,46.4769552342572
30.6731611656346,46.4451760913934
30.7207091233498,46.4977808912038
30.7654344809864,46.4369663745341
30.6169376726278,46.4879824870801
30.7147289504145,46.4186649851206
30.7541856276839,46.4407896592867
30.6373242717224,46.4437205443982
30.7048433584194,46.3863244940955
30.7329680883638,46.5314671784618
30.6399728936912,46.4447208956088
30.7018389901667,46.3647395777769
30.7241263650271,46.4261712175855
30.6535743465071,46.4498971733656
30.7904431850853,46.577276426973
30.6726444246819,46.4486989109443
30.6670303847835,46.4677847484294
30.7024985489706,46.4247768431463
30.8086849197229,46.5790072504704
30.6618499918152,46.4472685526486
30.6437173180823,46.4517161573114
30.6401780320593,46.4430278551607
30.7145471822401,46.4726317738993
30.7639206117631,46.4286073246702
30.734149581497,46.4734450090561
30.6901409098048,46.3507112713222
30.6433226214751,46.4511548091501
30.7257259249611,46.4182277812642
30.7515292156506,46.5454307139747
30.7229266950765,46.382828662437
30.8120268574422,46.5949427013193
30.7274423358644,46.4145916125653
30.7213375218953,46.3987803060214
30.6575732463422,46.4901487152411
30.7650631545732,46.4432167704073
30.7466500385141,46.4706706537203
30.7214206159178,46.4236703395591
30.7504619767985,46.5461845757683
30.7978671166623,46.5759738113679
30.6897617933269,46.3473269896189
30.7331316797207,46.4341956175839
30.7150717132575,46.470303618384
30.72322531422,46.4863578159594
30.7209350352236,46.4802963353328
30.6322633264116,46.4041239087109
30.7204910015406,46.4167092625201
30.7265724453158,46.5236766735306
30.6876273156227,46.4805266320143
30.6909614632774,46.3486655890805
30.6842542176448,46.4477543347113
30.7584415996513,46.4554674743511
30.7648346460112,46.4330585277187
30.7298598525829,46.4702082611643
30.7259492401467,46.4227347592902
30.6146577803842,46.490591316676
30.7467590994187,46.4456132952499
30.7037761195673,46.4978312686029
30.7434275484521,46.4816223404446
30.6711798925345,46.3319312966174
30.6132763422593,46.4750750777553
30.791048213437,46.5788939013224
30.7483794328584,46.4768724713872
30.6444729543498,46.4476985597338
30.7463150657357,46.3875227565168
30.6509335146029,46.3736239919456
30.7528898802698,46.5748025368389
30.731511346281,46.4701920684289
30.7083385007429,46.4764964400869
30.6714343679786,46.3315336750031
30.6913198062497,46.4766169860061
30.6649867911664,46.3525392512322
30.7992926984867,46.5775822897532
30.6837582501978,46.4482185264601
30.7530456815621,46.4359372362383
30.6606087748534,46.4490893357873
30.6465009678376,46.4436701669991
30.7077905995317,46.4808990649291
30.7937228022877,46.5664488845536
30.7065961229575,46.3611735775982
30.6237591725414,46.4431052204521
30.6922312438095,46.4668563649318
30.7122205496088,46.4090788857503
30.7257259249611,46.4767645198178
30.7594127610399,46.4816151436733
30.6373138849696,46.4460936797341
30.8073839789323,46.5759558194396
30.6690116578836,46.4641107966812
30.6982166101212,46.3872546767859
30.6382746596053,46.4440479974923
30.7027660078557,46.424902786644
30.6468463273688,46.4348955035928
30.749960815975,46.4428011568648
30.7086552967038,46.3974003251248
30.7091616509037,46.4881030329994
30.7688543193519,46.5561754935242
30.742144784479,46.4625293061883
30.7056301549454,46.4230909994695
30.7398441187297,46.4773654502212
30.8108791212558,46.5829312900212
30.6344367544389,46.5318989847397
30.6555192659723,46.4333445993778
30.7462890988536,46.3868282680865
30.6736311661997,46.473558358204
30.714456298153,46.385210793737
30.761178509019,46.4321247466426
30.6417022880355,46.4442333143533
30.7454555619399,46.4708865568593
30.7374058285056,46.4676749976671
30.8109232649553,46.5809161940575
30.7628325994054,46.5777640082285
30.7929619726438,46.5660764516388
30.6988060583436,46.3642376029788
30.6434914062085,46.4370563341753
30.7064351282889,46.4649834052012
30.645020855561,46.4368458286148
30.6442548325406,46.453979541885
30.7029737429121,46.401135449429
30.7496621968315,46.4598341153368
30.7645386235558,46.4356349718437
30.7462994856065,46.4735241735404
30.7451829096785,46.4465290843977
30.7591323187138,46.5719598121758
30.7063805978366,46.3957648588471
30.8075112166544,46.580550957914
30.7504775569277,46.4210201285282
30.7592024292953,46.4355755984805
30.7042331366913,46.4324486013511
30.768779015394,46.5560297589054
30.6548129667807,46.3490704074661
30.7493298207413,46.4622126482511
30.760479999892,46.432921789064
30.7454841255102,46.472029044303
30.7020726921051,46.4726803521055
30.7134254129357,46.4608056794621
30.6572356768756,46.4509838858318
30.7581118202493,46.4296940371364
30.6895566549587,46.3450690026238
30.706310487255,46.4209823454789
30.7015325809585,46.3677856112292
30.7244924980639,46.4780833281583
30.7117946927432,46.4090339059297
30.7103171771548,46.4338987507678
30.6448209105692,46.4390048600045
30.659614243271,46.4441451539049
30.7233499552539,46.5051323930857
30.6890087537475,46.4773546550643
30.7513708176701,46.4032027219846
30.6922727908208,46.47989331614
30.7131839209327,46.3932064066502
30.6467892002283,46.4368170415296
30.7311504066206,46.4215185049407
30.6348963682511,46.4441181660125
30.7945355656958,46.5744984732516
30.7048433584194,46.4227653455682
30.7111870677033,46.3814198944552
30.7461462810024,46.4656796928244
30.7325474248747,46.460375672377
30.7224592911997,46.3983179134654
30.6442885894873,46.4528658415265
30.7511215356025,46.4276177686166
30.6547013091879,46.3496713378695
30.7149366854708,46.3876882822567
30.6168545786053,46.5171707922762
30.6081141261085,46.5125882481516
30.7456191532968,46.4740027588318
30.7100730884636,46.4508777334551
30.7528846868934,46.5489265456332
30.6383421734987,46.4440461982995
30.6450390323784,46.4411530962373
30.7019168908128,46.3654502589427
30.7980644649659,46.5735305075118
30.7660784596612,46.43004667893
30.7115869576869,46.3894550896106
30.7208181842543,46.4116967113103
30.6747892891389,46.4634504929145
30.7530456815621,46.4328750100506
30.6579212025616,46.4415129348022
30.6508841775271,46.3489192752688
30.7063468408899,46.4601111910318
30.6202328699595,46.4599672556058
30.7093252422606,46.4715000816125
30.6837972005208,46.4461638482542
30.7258973063826,46.4970738084237
30.7630455278382,46.554011064556
30.6122688272359,46.4733658445718
30.7371124027384,46.4828044101305
30.711753145732,46.3895558444088
30.654867497233,46.3501895054031
30.7143342538074,46.3912524832426
30.635275484729,46.4439814273578
30.6544909774433,46.3496839322193
30.7281642151853,46.4864927554212
30.7155469071989,46.3832118905087
30.7269281915999,46.5018794524586
30.6459816301967,46.4425942496899
30.6354105125156,46.48663849004
30.6409284749505,46.4374161727402
30.7506541317256,46.4221860054787
30.7031061740105,46.4679916556042
30.7647177950419,46.4297498121139
30.7301299081562,46.424040973281
30.6560879406891,46.4969046842981
30.6615072289722,46.4475996041284
30.6632548001339,46.4964494885135
30.6424838911851,46.4373801888838
30.6421333382774,46.4374953372245
30.6447611867405,46.4372704381214
30.738641852091,46.4851433608027
30.7460008664629,46.4148434995608
30.7067337474324,46.470109305559
30.6398716228512,46.4537564419747
30.7404491470814,46.4558345096873
30.8115230999305,46.5955706196151
30.6668979536851,46.4613904171302
30.7277902920838,46.3885428988485
30.7044434684359,46.4690405850211
30.8068828181088,46.5742591806059
30.695004506812,46.4400627853855
30.7474394317283,46.4477561339042
30.6452961045107,46.4757209879794
30.7192212210085,46.4040555393835
30.7289821719697,46.4299963015309
30.7667302284005,46.5910150633828
30.7138304962957,46.3871485244093
30.6923221278967,46.4748879617015
30.7576392229961,46.4351114067317
30.634070621402,46.4419483394658
30.7934397632734,46.5708137263464
30.7281070880448,46.4907172601738
30.699559097923,46.4830580963188
30.7581507705724,46.4443322699586
30.6512606973167,46.4710017052
30.7279590768171,46.4780419467233
30.7137733691552,46.4787508286963
30.6489236779326,46.3889495164269
30.7064507084181,46.4600698095968
30.6985489862114,46.3741961352638
30.6195109906386,46.4498000169531
30.7699682985917,46.5851442971957
30.706640266657,46.4654925767706
30.6455453865783,46.533332941421
30.6146993273954,46.4877359976631
30.7327473698665,46.4743607982039
30.6437692518464,46.4393826904977
30.7967765076164,46.5710296294854
30.6867600217623,46.4804366723731
30.734720852902,46.4629485181164
30.7370345020923,46.4826676714758
30.7014053432365,46.3676200854893
30.7484521401281,46.4535567315712
30.7264036605825,46.5049686665387
30.8051118767533,46.5793976753134
30.6170908772319,46.4872592115646
30.7334640558109,46.5562474612372
30.670006189466,46.3260515344661
30.7256402342504,46.4677181782949
30.7240302875635,46.4296454589301
30.6871962653807,46.4773204704006
30.7262660361077,46.5232322729028
30.7093018720668,46.4473855001822
30.7974049061619,46.5698187727143
30.6943293678788,46.4419861225151
30.7488104831003,46.4609784019733
30.6933815766841,46.4900641531784
30.7412852806833,46.4183933070041
30.7139317671356,46.4927809343438
30.7252065873202,46.4868993729996
30.7056171715044,46.4458040096893
30.7517343540188,46.4074128331945
30.7201196751273,46.4336324702298
30.7664342059452,46.4297875951633
30.7249027748002,46.5027916432207
30.73408726098,46.4890476092324
30.6156029748906,46.4908000230437
30.7017662828969,46.4727073399979
30.801149330553,46.5681437241945
30.7225787388571,46.3877512540056
30.7133215454076,46.4166211020717
30.7589791141097,46.4523998505849
30.7379511330285,46.5519923702066
30.7250663661571,46.4869497503987
30.7099146904831,46.442470105385
30.7196990116381,46.384050314365
30.7067804878201,46.463804933901
30.7472005364135,46.3920819111348
30.7593478438348,46.5551985318203
30.7248378575951,46.4183969053897
30.7396078201031,46.4341758264629
30.7300831677685,46.4718203379353
30.69622235358,46.4710178979355
30.6445352748667,46.3992822808195
30.7042123631857,46.3833882114055
30.6916755525337,46.4795244816109
30.7120881185104,46.4439850257435
30.7255311733458,46.4130155196509
30.6879311281426,46.3489858454033
30.6937425163446,46.5511017697584
30.7122828701257,46.4331161018891
30.654449430432,46.3499142289009
30.6160703787675,46.4654691872639
30.7569588906865,46.4372074663726
30.65586981888,46.3807685866527
30.7101457957333,46.4763597014322
30.7098160163313,46.406648176244
30.6632158498109,46.4847763254664
30.6149901564744,46.4692456930031
30.720381940636,46.4651219430487
30.6983853948545,46.3791241244109
30.6436264339951,46.4470670430523
30.7300779743921,46.4765594118357
30.7051523643158,46.4708325810745
30.7325110712398,46.4838065605339
30.7209350352236,46.4970540173026
30.6812602361449,46.3905202117629
30.6545455078956,46.3495579887216
30.765187795607,46.4305378585712
30.7046667836215,46.4683514941692
30.7972724750635,46.5718986396198
30.7075750744107,46.4788371899519
30.8101390651175,46.5957379445478
30.6868742760433,46.5018308742523
30.7976801551116,46.5696460502032
30.7432665537834,46.477973577396
30.7132748050199,46.4736807033161
30.7650190108737,46.4322524893332
30.7054743536531,46.5141859313799
30.6935893117405,46.3657777120368
30.8155194030775,46.5828737158508
30.6101421395963,46.5130740302142
30.694420251966,46.4303453449389
30.6399079764861,46.4395877984797
30.7188810548537,46.3910293833323
30.6395756003959,46.4544167457414
30.7447882130714,46.4517359484325
30.6825326133652,46.5445185232126
30.7089019820833,46.4867194537171
30.686362728467,46.4989575633112
30.6444443907796,46.4415381235018
30.6919689783008,46.4662320450216
30.6358883031453,46.4441199652053
30.7114285597064,46.3930120938252
30.6958354470375,46.4695407606263
30.7044200982421,46.3849085293425
30.7046408167395,46.3874867726603
30.7129891693174,46.4682255506714
30.6751216652291,46.493774088783
30.7211583504092,46.553005315767
30.6424786978086,46.4446813133666
30.7115064603525,46.3895936274581
30.7733777502044,46.5750850101124
30.6379396868269,46.3503010553582
30.6147564545359,46.4901181289631
30.7233577453185,46.4978546581096
30.6939554447774,46.3715441250401
30.7605734806673,46.453968746728
30.6972454487327,46.4707624125544
30.7319657667169,46.3923643844083
30.7171386770684,46.5583867015058
30.6369295751153,46.4723493006258
30.6851344949462,46.4874103437619
30.7049186623774,46.3860366232436
30.7057937463023,46.4694076203573
30.7464449001459,46.4469806817967
30.7042487168206,46.3835141549033
30.7319813468461,46.4859601943451
30.7468889338289,46.4456168936355
30.7424771605692,46.469051380178
30.7014261167421,46.4255612912179
30.7132358546968,46.4924156982003
30.6423073163871,46.4368926076282
30.7300312340044,46.4791628438532
30.7282057621965,46.4719534782043
30.7222697329607,46.4978330677957
30.6472202504703,46.4460936797341
30.6447637834287,46.4514246880738
30.698024455194,46.367438367014
30.7053289391137,46.511793004923
30.7186006125276,46.4658020379365
30.7760030019793,46.5679853952259
30.6175245241621,46.4693878292362
30.7689581868801,46.438733181888
30.7037371692442,46.5139790242051
30.7255233832811,46.4318710604543
30.7244016139767,46.4748825641231
30.75870386516,46.4441379571336
30.7224281309412,46.3820640054865
30.6362622262467,46.4427291891518
30.6873468732966,46.4779915693242
30.7502412583011,46.3782767045904
30.7016338517985,46.37170965078
30.7130125395112,46.4913469776624
30.7301091346505,46.3876325072791
30.738109531009,46.4681050047522
30.7213375218953,46.411720100817
30.8001054618947,46.5698025799789
30.7991654607647,46.5738903460768
30.7075802677871,46.4022797360655
30.7407321860957,46.4603828691483
30.7451102024087,46.4490875365945
30.6400326175199,46.4430620398243
30.7226592361914,46.4708343802673
30.7593374570819,46.5716971300234
30.7237939889369,46.3914917758882
30.7649021599045,46.429841570948
30.643104499666,46.4365939416193
30.7067467308734,46.5125270755955
30.6834518409896,46.4489130148905
30.6560541837425,46.5378219275188
30.697224675227,46.4102411643151
30.6852123955924,46.4819695846598
30.7432068299547,46.4708469746171
30.7732972528701,46.5687770400688
30.7560734200087,46.4090662914005
30.7377278178429,46.4761689869928
30.7209168584061,46.4112469131041
30.6327696806115,46.4486953125587
30.7062403766735,46.4746720585626
30.7655201716972,46.429667049244
30.7442818588714,46.4625904787443
30.6923844484136,46.4820253596374
30.7225735454807,46.4154174420719
30.7670314442323,46.4342981715749
30.7692645960883,46.5560999274256
30.7185668555809,46.4912750099494
30.7431133491794,46.5595399841065
30.644462567597,46.4528748374906
30.7136643082506,46.4615001678925
30.7440819138797,46.4540245217056
30.6542105351172,46.3502956577797
30.6239487307804,46.5093874841163
30.7016598186805,46.423969005568
30.6967598680384,46.3413320791268
30.7117115987207,46.4172256308608
30.7460216399686,46.4612104978477
30.7066506534098,46.4527506931857
30.72228531309,46.4135768678122
30.7349675382814,46.4924444852855
30.739784394901,46.4727037416123
30.7404127934465,46.4602605240362
30.7329940552459,46.3850902478178
30.767535201744,46.5565317337035
30.6409881987792,46.4427363859231
30.6168753521109,46.4884538756002
30.7181228218979,46.4629593132734
30.6903616283022,46.3405836149117
30.6413647185689,46.4374449598254
30.6795879689411,46.4771855309387
30.6443223464339,46.4405341739056
30.6713330971386,46.3285560108781
30.7022440735266,46.4911076850167
30.732601955327,46.4731517406256
30.6441613517652,46.4371085107672
30.6717745341334,46.5422605362175
30.7074062896774,46.4474862549804
30.7447674395657,46.3845019117641
30.7729674734681,46.5678702468851
30.7009145691658,46.4246275101419
30.7141239220628,46.4047230399215
30.7518823652464,46.4045916988453
30.654651972112,46.4747674157823
30.7980333047074,46.572789240068
30.731713887961,46.4694526001779
30.6758019975388,46.4603216965923
30.7421837348021,46.480909860086
30.637077586343,46.4386971980315
30.7210648696338,46.4238268693348
30.704482418759,46.3896997798348
30.7133994460537,46.4928277133572
30.7382523488603,46.4664317554252
30.7238926630886,46.5032666301265
30.8081422118881,46.5760583734306
30.6958432371021,46.432880407629
30.7018467802313,46.4654547937213
30.6476590907769,46.3376653241499
30.7110468465403,46.4097607798309
30.7528171730001,46.5750022472425
30.6806759812989,46.3476202580493
30.7121296655216,46.4088341955261
30.645275331005,46.4414553606318
30.7600255794562,46.4814838025971
30.6542962258279,46.3503550311429
30.7586519313959,46.4541918466383
30.7258142123601,46.4233140993798
30.7519966195274,46.4630600680716
30.6342575829528,46.4436161912144
30.6608632502975,46.3454972105161
30.7593374570819,46.4729106487871
30.6849345499545,46.4559010798218
30.6814056506844,46.3325052391285
30.6892086987393,46.5199433484192
30.6647790561101,46.4714155195497
30.72870692302,46.4904455820572
30.7311789701909,46.4709153439445
30.6620109864839,46.4476661742629
30.7432379902132,46.3860042377727
30.6223335907171,46.444533779555
30.7035683845109,46.3887282157094
30.6389264283447,46.4445553698689
30.7056768953331,46.5130722310214
30.7580131460976,46.4331089051178
30.7124698316764,46.4745982916567
30.7371461596851,46.5570463028514
30.6830675311353,46.4515830170424
30.7036462851571,46.4789919205348
30.7096965686739,46.3899768555298
30.6399053797978,46.4406655149818
30.6415516801196,46.4423009812595
30.6695050286425,46.4611493252917
30.6859550484189,46.481023209234
30.6374644928855,46.4444276271783
30.617955574404,46.4357123371352
30.6406272591187,46.4549942866382
30.7263906771415,46.4430314535463
30.6386589694596,46.4772862857369
30.7582650248534,46.4444528158779
30.6491885401294,46.4437151468197
30.7053860662542,46.3873932146334
30.6937918534205,46.4844776594575
30.8106973530815,46.5785952353135
30.653979429867,46.3496083661207
30.6434706327028,46.4546272513019
30.6156601020311,46.4887597383804
30.7181877391031,46.5009150851045
30.7294521725348,46.4621064958744
30.640642839248,46.4507571875358
30.7208675213302,46.4167560415335
30.6404091373095,46.4448684294204
30.7256168640565,46.3946691504168
30.7673404501286,46.55514095765
30.7051108173045,46.4217452032366
30.7433314709886,46.4496488847558
30.7373928450645,46.3742645045912
30.6446183688893,46.3905867818974
30.6489262746208,46.3587590608274
30.6666980086933,46.4895999614296
30.7499841861688,46.5465947917323
30.7216101741568,46.4225710327432
30.7235524969338,46.3916357113142
30.8094846996899,46.5961751484043
30.7131943076855,46.4126970625209
30.7451283792262,46.4396453726501
30.7035735778874,46.3874094073689
30.6662747485159,46.3325124358998
30.6985100358883,46.3431168784089
30.6866016237818,46.4656922871742
30.743160089567,46.4541414692392
30.7078762902424,46.3975406621651
30.7294755427286,46.4688984487879
30.7239497902291,46.4936967234916
30.6151070074436,46.4888802842997
30.7298520625183,46.4316551573154
30.7189875190701,46.4040087603701
30.7281122814212,46.4282456869124
30.7241860888558,46.3957810515825
30.7067778911319,46.4444672094205
30.6945189261178,46.4044981408184
30.6981646763571,46.435960625745
30.7126256329687,46.4682939199988
30.7298209022598,46.4239564112182
30.710878061807,46.4833189792784
30.6897617933269,46.4568960334539
30.6624004897146,46.4471408099581
30.6966923541451,46.3951675268292
30.6211702744014,46.4519626467284
30.6235358573558,46.4440497966851
30.6439328432032,46.4416946532775
30.7308621742299,46.4723331078904
30.7508852369758,46.4277221218004
30.757384747552,46.4344097215301
30.7135786175398,46.4800516451086
30.6156159583317,46.4979302242082
30.7235473035574,46.4151979405473
30.7213323285189,46.4117938677228
30.7800538355785,46.5743653329825
30.6565449578132,46.4707228303122
30.7419785964339,46.4709423318368
30.7452867772066,46.456248324037
30.7117219854735,46.476741130311
30.7136669049388,46.4169521535514
30.8137095113988,46.5781868185423
30.7066324765924,46.4602713191932
30.7644581262215,46.4766169860061
30.7668912230692,46.430406517495
30.6122636338595,46.5149973673439
30.7988798250622,46.5776218719953
30.6119234677047,46.4880418604434
30.7100523149579,46.405991470863
30.654753242952,46.4747422270827
30.7068999354775,46.5128473319183
30.7233992923298,46.465488978385
30.7225319984694,46.5005750376606
30.7199482937058,46.4939917911148
30.7995705441246,46.5813893817704
30.7100730884636,46.4049605333744
30.7649930439916,46.4430710357885
30.7054899337824,46.3904014650364
30.736395716794,46.4220150821603
30.7223190700366,46.507953527435
30.7384419070992,46.4684954295952
30.7258791295652,46.4875452832237
30.684648914252,46.3454720218165
30.6820262591653,46.4519320604504
30.7051861212624,46.5136299807971
30.7019480510712,46.5583399224924
30.7511656793019,46.4702442450208
30.7067597143144,46.4643824747978
30.649842905557,46.3647845575975
30.7296339407091,46.4785313271717
30.6338083558934,46.4462502095098
30.6545558946484,46.3500203812775
30.7243912272239,46.4706454650207
30.7053600993721,46.511895558914
30.7112130345854,46.3957000879054
30.7440118032982,46.4716530130026
30.6782169175691,46.4877557887842
30.8070022657663,46.5752991140586
30.7023920847542,46.3669957655791
30.6445274848021,46.4445301811694
30.6931530681221,46.4847385424171
30.7087773410494,46.3721810393001
30.6749736540015,46.462397965112
30.7058560668192,46.5131603914698
30.7256428309386,46.3702738949058
30.7391456096027,46.469297869595
30.8151091263411,46.589647676836
30.7919466675558,46.5787967449099
30.7045577227169,46.4243882174962
30.7652734863177,46.4330639252972
30.8048106609215,46.5785610506499
30.7182137059851,46.4715396638546
30.6614007647558,46.3745703673714
30.7104028678655,46.3895990250366
30.6630340816366,46.3598781587644
30.624299283688,46.4690279906713
30.6888062120676,46.4522883006297
30.7485767811619,46.474995913271
30.7345468747923,46.4817033041217
30.6912938393676,46.5025505513822
30.7081826994506,46.4829267552426
30.737068259039,46.3793814089848
30.7343651066179,46.4765036368582
30.7047732478379,46.4767681182034
30.6358078058109,46.4997689992751
30.6441120146894,46.4373855864622
30.7096160713395,46.4405035876275
30.8075475702892,46.5772422423093
30.7012781055145,46.4786338811627
30.7326331155854,46.3897915386689
30.7127580640672,46.409902916064
30.72766565105,46.4218837410841
30.7387197527371,46.4697062863662
30.6917742266855,46.4820325564087
30.7318567058123,46.4700769200881
30.7965142421077,46.5702343862569
30.7150353596226,46.3925658940046
30.6417905754344,46.4508399504058
30.7067778911319,46.4621892587444
30.739187156614,46.4526121553382
30.6564592671024,46.4729502310293
30.7490182181567,46.4314662420688
30.748057443521,46.4350736236824
30.7340924543565,46.4724518546168
30.7061209290161,46.4458939693305
30.6983853948545,46.4357483209917
30.7055522542993,46.4737652653789
30.7294417857819,46.4292604316656
30.6130841873321,46.4962965571234
30.7409814681634,46.4400555886142
30.7070349632641,46.4715522582044
30.7290756527451,46.4527686851139
30.7245833821511,46.4240913506801
30.7421266076616,46.3850560631541
30.6171635845016,46.4755572614323
30.7403219093594,46.468311911927
30.7121504390273,46.390764901987
30.7647177950419,46.4755122816117
30.7108469015485,46.4123894005478
30.7049809828943,46.3964503513133
30.686222507304,46.4828421931798
30.7321111812563,46.4810681890546
30.7483067255886,46.4416676653852
30.7135370705285,46.4703378030477
30.7190732097808,46.4937524984691
30.8156855911226,46.581855372712
30.7041110923457,46.3815098540965
30.6403805737393,46.4544851150687
30.6779520553722,46.3206665503416
30.7370137285867,46.4316713500508
30.7184110542886,46.4175242968697
30.724557415269,46.4704961320163
30.639983280444,46.4444114344429
30.7182916066312,46.485621946094
30.7050874471107,46.3880085385795
30.7183149768251,46.4714371098636
30.7463488226823,46.4706436658279
30.6411985305238,46.4540838950688
30.7275825570274,46.5591927398913
30.8076566311938,46.576229296749
30.7491065055557,46.4462358159672
30.7973321988922,46.5712257415033
30.6483601965921,46.3469977373319
30.7393611347237,46.4526967174009
30.7125451356344,46.4676156243039
30.7623184551409,46.4331304954317
30.729353498383,46.5138116992724
30.7349415713994,46.4917338041198
30.7399298094405,46.468599782779
30.6215545842557,46.4537510443962
30.674041442936,46.4462376151601
30.730368803471,46.4533966034098
30.7136253579275,46.5141823329943
30.7284758177698,46.4904635739855
30.7389820182458,46.4727325286975
30.681782170474,46.381052859119
30.8155142097011,46.5826776038329
30.6466749459473,46.4453416171333
30.7122283396734,46.4166300980358
30.6943345612552,46.4301384377641
30.7149314920944,46.3653477049517
30.7408048933654,46.4322740796471
30.7391611897319,46.3870189825259
30.7246093490331,46.4889378584701
30.7404127934465,46.485006622148
30.8075008299015,46.5763120596189
30.7129632024353,46.4112864953463
30.7514902653275,46.4610269801796
30.8078306093035,46.5777532130715
30.7296001837624,46.4687797020615
30.7227085732673,46.4169251656591
30.6425540017666,46.4418781709457
30.7517421440834,46.4044441650337
30.7013014757083,46.4343953279875
30.7044772253826,46.4046636665583
30.7067051838621,46.3866807342748
30.6353118383638,46.3782587126621
30.7535001019979,46.4649977987438
30.65680982001,46.4885060521921
30.7121036986396,46.3932999646771
30.6820080823478,46.4527596891498
30.6516709740531,46.4498252056526
30.7190212760167,46.4123624126555
30.7055210940408,46.4723043208052
30.7148769616421,46.5001144442975
30.7054561768357,46.4661420853804
30.6624524234787,46.4472181752495
30.7146198895099,46.3849517099702
30.6665266272718,46.4693734356936
30.7243990172885,46.4240013910388
30.6979906982474,46.4593969114803
30.7069908195647,46.3696963540091
30.7088786118894,46.4720776225093
30.687048254153,46.3437358007406
30.7241601219737,46.4244835747159
30.679764543739,46.3471092872871
30.6218168497643,46.4999831032213
30.7142953034843,46.3937551604618
30.7347831734189,46.4644778320175
30.6367504036292,46.4497010613477
30.6367036632415,46.4400609861926
30.7056483317629,46.5140455943396
30.7200937082453,46.3895648403729
30.7101016520338,46.4882073861832
30.7955482740956,46.5748385206954
30.6430317923962,46.5292325809734
30.6460803043485,46.4483642610789
30.7369566014462,46.4719822652895
30.634158908801,46.3998742152588
30.6512840675106,46.4964350949709
30.6195239740797,46.4197930790217
30.6943034009968,46.442018507986
30.7257726653488,46.3851424244097
30.6922831775736,46.4815683646599
30.642660465983,46.4365957408122
30.6660903836534,46.468732923048
30.8040290577719,46.579761112264
30.613894354052,46.4920378677071
30.7523705426289,46.5484965385481
30.7066039130222,46.4614174050226
30.6461296414244,46.4409138035916
30.6413205748694,46.4429828753401
30.8034370128613,46.5726327102923
30.7254091290001,46.3992247066491
30.6388407376339,46.4530853430511
30.6650413216187,46.3534478436087
30.7264867546051,46.4304694892439
30.7120257979934,46.387623511315
30.6344315610625,46.4440228087928
30.7298442724537,46.4359084491531
30.7406179318147,46.4765935964994
30.7292002937789,46.387972554723
30.7593478438348,46.5537735711031
30.6951992584274,46.4909889382903
30.7121660191565,46.4468421439492
30.7956469482474,46.5748978940586
30.7472109231663,46.4767789133604
30.7215530470163,46.491053709232
30.6554855090257,46.537501671196
30.73015327835,46.427819278213
30.6887412948625,46.3585971334732
30.7326564857793,46.4479756354288
30.6446728993416,46.4373280122918
30.7664783496447,46.4310560261047
30.7111533107567,46.4090554962436
30.6462205255115,46.439882866103
30.7147393371673,46.3990177994742
30.6802631078743,46.4862624587397
30.7358036718833,46.4853790550627
30.7077983895963,46.4339257386602
30.7648606128932,46.4765306247505
30.7051030272399,46.3801982425272
30.7499452358458,46.4446507270886
30.7243133265778,46.4854348300403
30.7088993853951,46.3739496458468
30.7220126608285,46.3848779430644
30.6491781533766,46.4432527542638
30.6983646213488,46.3431546614582
30.7529054603991,46.5471165576515
30.7207896206841,46.4894686203534
30.7598490046582,46.4340912644001
30.7157520455671,46.4748645721948
30.7178242027544,46.452685922244
30.815272717698,46.5829708722633
30.8026060726358,46.5706571965707
30.6936801958277,46.4832560075295
30.7125996660867,46.3980156490708
30.7447466660601,46.4675706444832
30.7943330240158,46.5740324823099
30.6854876445421,46.334820800294
30.7007743480028,46.452234324845
30.7486624718727,46.4318512693333
30.6978920240956,46.4301168474502
30.6941398096399,46.3658226918574
30.6959393145657,46.4530745478941
30.6909354963954,46.4537852290599
30.7026984939624,46.3752054824385
30.6113963399991,46.4850875858251
30.7470914755089,46.391689687099
30.722056804528,46.4235156089762
30.7955093237725,46.5721883096646
30.7674417209686,46.4407158923809
30.6932361621447,46.4297066314862
30.7208597312656,46.4116625266466
30.6766978549694,46.4553469284318
30.7037423626207,46.3655456161624
30.7321397448266,46.4858918250178
30.6939580414656,46.4059302983069
30.6369970890087,46.4404298207217
30.7047940213435,46.4607894867267
30.6964041217543,46.4414985412596
30.7471122490145,46.3915241613591
30.7231837672088,46.3935572492511
30.7440143999864,46.4540479112123
30.7447310859309,46.4453829985683
30.6616370633825,46.4473603114827
30.709114910516,46.3901369836912
30.6182827571178,46.5197958146075
30.7046797670625,46.5123381603489
30.6455220163845,46.4440048168645
30.7241990722968,46.429595081531
30.7108494982367,46.4749509334504
30.6527797599164,46.3503172480936
30.6542287119346,46.3496083661207
30.7271774736675,46.4302517869121
30.6995149542235,46.3955507549009
30.7319891369107,46.4564300425123
30.7022596536558,46.4384345158791
30.7390079851278,46.4805338287856
30.7411632363377,46.4579539588349
30.723744651861,46.3940412321209
30.70987574016,46.3893921178618
30.70573921585,46.4460307079852
30.8041121517945,46.5749518698434
30.7307764835191,46.4699203903124
30.6108977758638,46.5061093547896
30.7083488874957,46.5130020625013
30.7055963979988,46.4031325534644
30.6411362100068,46.4541000878042
30.7066246865278,46.4915322945234
30.7398441187297,46.4726299747065
30.6944514122245,46.4513131381187
30.7434872722808,46.4545696771315
30.6470982061247,46.4182583675422
30.7144511047766,46.3622872779567
30.6709695607899,46.331812549891
30.7298858194649,46.4521461643966
30.7178267994426,46.4226573939987
30.7148042543724,46.4703198111195
30.7074244664948,46.4342819788395
30.6989514728831,46.4591360285208
30.70056141957,46.4608560568612
30.7033398759489,46.4045521166032
30.7341054377975,46.4518618919302
30.6817951539151,46.4503991481637
30.6215727610731,46.4687725052902
30.7727493516589,46.5683560289478
30.6151926981543,46.4838353476191
30.723401889018,46.4792114220594
30.7197872990371,46.4178031717575
30.7174061359535,46.4961112402624
30.7125425389462,46.3822655150829
30.7017429127031,46.3685430714084
30.7472940171888,46.4733982300426
30.7320904077507,46.4819336008033
30.7150898900749,46.5709378706513
30.7236252042036,46.3906047738256
30.6378799629982,46.4948715964061
30.74763937672,46.4443772497793
30.6502817458636,46.5288493529017
30.7426277684851,46.4724986336303
30.814714429734,46.5893022318137
30.6660046929427,46.4841807926414
30.6964976025297,46.4589273221531
30.7032983289377,46.4046330802803
30.6154575603512,46.4705321158728
30.7070115930703,46.4647135262775
30.7212180742379,46.4692618857385
30.6363557070221,46.3972491929275
30.8091523235997,46.5761825177355
30.7094628667355,46.4928205165859
30.6523487096745,46.3496281572417
30.7033970030894,46.4770631858267
30.7333212379597,46.4730887688768
30.6234501666451,46.4445697634115
30.7084527550239,46.4485441803614
30.7067571176262,46.4632831679818
30.6400430042727,46.4401635401837
30.7307297431314,46.4701668797294
30.6492950043458,46.5297021703007
30.7276890212438,46.4146347931931
30.6254911635739,46.5227608843827
30.7279227231822,46.4254515404556
30.6442911861755,46.4420113112147
30.8034473996141,46.570417903925
30.7476367800318,46.4446831125595
30.7964882752257,46.569955511369
30.7053341324901,46.4006262778596
30.7020415318466,46.4786068932703
30.7131527606743,46.4143775086192
30.8148494575207,46.5896368816791
30.7293431116302,46.4855481791882
30.7459982697747,46.4443502618869
30.7591946392307,46.48163853318
30.6305001751207,46.4698160371285
30.6383447701869,46.3506734882729
30.7757173662768,46.560489957918
30.8073891723087,46.5904213297507
30.6997174959035,46.4788641778443
30.6814705678895,46.4525167981185
30.7493402074941,46.446248410317
30.648383566786,46.4474556687024
30.7317943852953,46.4423225715734
30.7295586367512,46.471053881792
30.7528717034524,46.4154156428791
30.6722679048922,46.3323001311465
30.7055003205352,46.3879149805526
30.7648294526347,46.441935745116
30.7191381269859,46.4307123802752
30.6868768727315,46.3497019241475
30.7223372468541,46.4247750439535
30.7492233565249,46.4373136187492
30.7308232239068,46.4721963692357
30.7147029835324,46.4725508102222
30.6438523458689,46.5239339581045
30.7980956252244,46.5712095487679
30.6429538917501,46.4695587525546
30.747283630436,46.4474790582091
30.7942317531759,46.5703351410551
30.7112182279618,46.4092444114902
30.6366387460364,46.442264997403
30.7044252916185,46.5142183168508
30.753894798605,46.4649204334524
30.6281553656719,46.4238106765994
30.7299299631644,46.4327670584811
30.7196652546915,46.4622450337219
30.6152030849071,46.486679871475
30.7061183323279,46.4668707584744
30.7276682477382,46.4694921824201
30.7265984121979,46.3909376244982
30.7371331762441,46.4315993823378
30.7116051345043,46.4760772281587
30.7670859746846,46.5551535519997
30.6443794735744,46.3996906975907
30.797430873044,46.5762976660763
30.7367099160667,46.4667807988332
30.6999849547885,46.3788668398369
30.6942384837917,46.4290913075401
30.7257960355426,46.492563232012
30.6808447660322,46.3473179936547
30.7082346332147,46.4832632043008
30.6478927927153,46.4724842400877
30.7994173395205,46.572060566974
30.7203222168073,46.499072711652
30.7063312607607,46.4459191580301
30.638664162836,46.4443340691515
30.6544831873787,46.3498188716812
30.7200989016217,46.4829789318345
30.7073517592251,46.4719246911191
30.7541674508665,46.5499502863505
30.7325707950685,46.4847241488745
30.7133968493655,46.4165923149865
30.7382030117844,46.4681751732723
30.7448193733298,46.4677865476222
30.6170649103499,46.4865395344347
30.7221113349803,46.4136524339108
30.7317684184133,46.4424323223357
30.6971857249039,46.3621901215442
30.7496985504663,46.4609460165025
30.7275695735864,46.5591189729855
30.7345858251153,46.4707138343481
30.7137110486383,46.4198254644926
30.7554631982806,46.4075441742708
30.7948523616568,46.5715244075122
30.6769445403488,46.4665469037659
30.7066039130222,46.3959159910443
30.6459115196152,46.43751152996
30.7606565746899,46.4326663036829
30.7251494601797,46.4240211821599
30.6554153984441,46.350272268273
30.6625121473074,46.4472523599132
30.7089694959766,46.3956982887125
30.7724429424507,46.5661448209662
30.7372500272133,46.3791798993884
30.7283407899832,46.5139790242051
30.6663604392267,46.3327373350029
30.7270346558163,46.4669085415237
30.6540573305131,46.4483552651148
30.6410427292315,46.4431663930082
30.7218256992777,46.4797763686064
30.7320202971692,46.4858954234034
30.7408256668711,46.4620939015247
30.7142615465376,46.3933881251255
30.7493765611289,46.4586736359648
30.6196096647904,46.467029087443
30.7067778911319,46.4034384162447
30.8144833244838,46.5815764978242
30.6675886727475,46.3267586172462
30.7061053488869,46.4458417927386
30.6400923413486,46.4532346760555
30.7117245821617,46.3650094567006
30.7492337432777,46.4463941449358
30.7063650177073,46.4457500339045
30.6571837431115,46.5113054236675
30.7404335669522,46.4684630441243
30.8085498919362,46.5794030728918
30.7080450749757,46.4460774869986
30.6475941735718,46.4423891417079
30.7651228784019,46.4330369374048
30.7092343581735,46.4879249129097
30.7584338095867,46.4369825672695
30.7974905968727,46.5760061968387
30.7088500483192,46.4867950198158
30.7065545759463,46.4669679148869
30.7153339787662,46.4946502956887
30.748641698367,46.5618987258998
30.7475666694503,46.4610377753365
30.7115272338582,46.4754565066342
30.6210118764209,46.4520957869975
30.7234096790826,46.4635224606275
30.7116544715802,46.4924426860927
30.710966349206,46.4667789996403
30.6927947251499,46.3408606906067
30.7341340013677,46.4758847145265
30.709431706477,46.397418317053
30.7108001611609,46.4811743414312
30.7979294371793,46.5770227407847
30.6949240094777,46.4290175406343
30.6990501470349,46.4376194815295
30.7106833101916,46.388670641539
30.7390131785042,46.4713489494152
30.6427513500701,46.4374845420676
30.7026517535747,46.4033412598321
30.7281979721319,46.4539669475352
30.7313529483006,46.4700805184738
30.8025749123774,46.574647806256
30.7110104929054,46.3865529915843
30.7441753946551,46.4552389768623
30.7563252987646,46.4560000354272
30.7393741181647,46.4620705120179
30.7212336543671,46.4112613066467
30.7210181292461,46.3910869575027
30.7033139090669,46.4878943266317
30.7584935334154,46.4719660725541
30.6150472836149,46.4881408160487
30.6991825781333,46.4102807465572
30.619845963417,46.4854978017891
30.6989852298298,46.4046636665583
30.7208285710072,46.3910599696103
30.7120180079288,46.416545535973
30.7341314046795,46.4727181351549
30.7318878660707,46.5289806939779
30.6955316345176,46.4053365646748
30.7053393258665,46.4713453510296
30.7143835908833,46.4718275347066
30.6494923526494,46.4473279260119
30.6776015024646,46.4882667595464
30.7026855105214,46.4414733525601
30.7372474305251,46.4677487645729
30.7729934403501,46.5687230642841
30.6429045546742,46.4533138405398
30.7127554673789,46.4340138991086
30.7456503135553,46.4376608629644
30.6955887616581,46.4945369465407
30.659562309507,46.4492854478052
30.6936750024513,46.4294799331902
30.6986009199755,46.3936256185784
30.615937947669,46.4903412288734
30.7363463797181,46.46640296834
30.7061884429094,46.5139502371199
30.6950174902531,46.4296760452081
30.7617419903594,46.4311189978536
30.6286383496779,46.5059438290497
30.6434524558854,46.4448630318419
30.6167325342597,46.4772431051091
30.6252314947534,46.4946484964959
30.6867600217623,46.4805050417004
30.7186447562271,46.4912714115638
30.7971686075353,46.5761537306503
30.704965402765,46.4606707400003
30.646493177773,46.4428533334567
30.7791449947069,46.5707471562119
30.6412920112991,46.4451095212589
30.7006808672274,46.3794839629758
30.7138278996075,46.4799778782028
30.639767755323,46.4509389060111
30.7066350732806,46.5207403908405
30.7134773466998,46.4124973521173
30.7314801860226,46.471782554886
30.7315217330339,46.48640279578
30.6335772506431,46.4069828261094
30.6346237159896,46.4434704565956
30.6089346795811,46.4964278981996
30.7214881298111,46.5530556931661
30.8063712705325,46.5836149832946
30.7434119683229,46.4426230367751
30.7543414289762,46.4260884547156
30.7399973233338,46.4591396269064
30.7677299533593,46.4313690856562
30.6417022880355,46.4506492359664
30.7575405488443,46.4618744
30.6174336400749,46.4376824532783
30.6170181699622,46.4664569441247
30.7335679233391,46.3929059414485
30.682644270958,46.4501742490606
30.6967962216732,46.47044755381
30.7113428689956,46.4777846621494
30.6967313044681,46.4882163821474
30.7017481060795,46.3680806788525
30.7261803453969,46.4678819048419
30.7134202195593,46.3848077745443
30.6240448082439,46.5092795325468
30.705713248968,46.5140527911109
30.7000784355639,46.4808468883371
30.6969468295891,46.4278102822489
30.7420435136391,46.4389940648476
30.7213816655948,46.4103293247635
30.7266711194676,46.4168172140896
30.6784038791198,46.5230361608849
30.642229415741,46.4444402215281
30.6899513515658,46.3484514851343
30.6573005940807,46.3497469039682
30.6620966771947,46.44719298655
30.7577353004597,46.4401455482554
30.694280030803,46.4044855464687
30.7400985941738,46.4850300116547
30.7072193281267,46.4317091331001
30.61511220082,46.4867230521028
30.7260608977395,46.4881390168559
30.7581507705724,46.4343089667319
30.6919923484947,46.4606023706729
30.7593582305876,46.4818508379334
30.71132209549,46.386227337683
30.8068438677858,46.5775409083182
30.6834388575486,46.486782425466
30.6318842099337,46.421966503954
30.7297533883665,46.3905939786687
30.7119167370888,46.409667221804
30.7118258530017,46.4098237515797
30.6849371466427,46.4825651174848
30.7574522614454,46.4582760143505
30.6525902016775,46.3507634479142
30.7247937138956,46.4851991357802
30.7140200545346,46.3937857467398
30.7648995632163,46.4329379817994
30.7029711462239,46.4979356217867
30.6149589962159,46.4542206337235
30.7146458563919,46.4608092778478
30.7580988368083,46.4376176823366
30.624870555093,46.4769138528222
30.7111585041331,46.3938847023452
30.7125711025164,46.3874094073689
30.6824391325898,46.4548557487906
30.7216854781147,46.4115977557049
30.646506161214,46.4435244323803
30.6442262689704,46.3883341924808
30.7258479693067,46.4722485458276
30.7371799166318,46.4768922625083
30.80474055034,46.5719903984538
30.7344819575871,46.4279758079887
30.6154212067163,46.4663381973983
30.8075216034072,46.5785556530714
30.7231136566272,46.3912039050363
30.7232928281134,46.4798645290548
30.7054457900829,46.3903151037809
30.7139083969418,46.3867239149026
30.7138408830485,46.4195483887976
30.6418243323811,46.4428083536361
30.6381785821418,46.4992580285129
30.7460995406147,46.4370203503188
30.8049664622138,46.5786492110983
30.7400518537861,46.4783909901313
30.8112764145511,46.5811680810529
30.6931115211109,46.4580097338125
30.6484355005501,46.4484668150699
30.7573172336587,46.4397299347129
30.7314620092052,46.4282043054775
30.7566836417368,46.4388429326503
30.6544857840669,46.3497756910534
30.6800320026241,46.3467854325786
30.6526966658939,46.3895162621667
30.8140237106716,46.5811716794386
30.7446272184027,46.4640244354256
30.6751839857461,46.4623295957847
30.8056441978352,46.5749914520855
30.7460086565275,46.4683155103127
30.6170181699622,46.4769624310285
30.7112441948439,46.4092713993825
30.6551739064411,46.35020030056
30.7083333073665,46.4312647324724
30.7110208796582,46.3863820682659
30.6697439239573,46.4912714115638
30.7084839152823,46.4321787224274
30.72363039758,46.417069101085
30.6773678005262,46.3239896594889
30.6175219274739,46.4865125465423
30.7447181024898,46.4761923764995
30.7727155947122,46.5751659737895
30.8105363584128,46.5799500275106
30.6565657313188,46.4510198696883
30.7632636496473,46.43711030996
30.689953948254,46.4611079438567
30.6334889632442,46.4477129532764
30.7131813242445,46.4811527511173
30.7476056197734,46.4753287639436
30.6517826316459,46.3693185235159
30.6402429492645,46.4414319711251
30.6547584363284,46.3502344852237
30.7719547650683,46.5576022534342
30.641987923738,46.4541378708536
30.7299091896588,46.4592169921979
30.7238952597768,46.5045332618751
30.6455895302778,46.4428137512145
30.694890252531,46.4663130086987
30.7138512698013,46.4683137111199
30.7182864132548,46.4969154794551
30.7425342877097,46.4181720062866
30.744567494574,46.4569194229607
30.8108375742445,46.5784387055378
30.6961626297513,46.3633146170597
30.6490301421489,46.448035008792
30.6796736596519,46.4843859006234
30.6812810096505,46.4865881126409
30.750404849658,46.4811941325523
30.8016894416996,46.5992859527983
30.6163014840177,46.4796792121939
30.7031555110864,46.376668226205
30.705510707288,46.5139214500347
30.6463269897279,46.4364356126508
30.8038161293392,46.5748655085878
30.6542235185582,46.3496533459413
30.7385899183269,46.4829393495923
30.7027426376619,46.4238142749851
30.7611213818785,46.434389930409
30.6376332776188,46.4622828167713
30.697351912949,46.4869425536274
30.6169506560689,46.4373082211708
30.6546961158115,46.3496425507843
30.7620769631378,46.5889621843698
30.6200433117206,46.4611061446639
30.6902136170745,46.5484497595347
30.6410660994253,46.4370977156103
30.7049835795825,46.5122931805283
30.7650527678203,46.4325187698713
30.6813744904259,46.4506312440381
30.7205948690687,46.4170511091568
30.6961600330631,46.4753251655579
30.7115739742458,46.4643518885197
30.7274708994346,46.4628441649326
30.6137489395125,46.4924858667205
30.7471304258319,46.3914378001035
30.6450935628307,46.3909610140049
30.7125243621287,46.4683299038553
30.6986398702985,46.4654439985644
30.7522822552299,46.4676390138106
30.6918599173962,46.4562573200011
30.7532248530482,46.4664461489678
30.6352858714818,46.5011813656426
30.7177748656785,46.4194890154343
30.6929583165068,46.4091922348982
30.7586597214605,46.5652776100247
30.7605345303443,46.474369794168
30.7236381876446,46.478743631925
30.7092629217437,46.4823905957808
30.7043006505846,46.3821557643206
30.7603293919761,46.4566189577589
30.659487005549,46.3416109540146
30.7046018664164,46.357510421007
30.7362269320607,46.3820442143654
30.7446973289842,46.3872168937366
30.7698410608697,46.5560117669771
30.7142823200433,46.4169179688878
30.6486666058003,46.3637410257591
30.7097978395139,46.4213601759721
30.7153885092184,46.3832064929302
30.6347457603352,46.3992157106849
30.6548908674268,46.4747080424191
30.7300208472516,46.4272525324732
30.8122969130155,46.5829546795279
30.7151132602688,46.3652289582252
30.6266570765778,46.4344115207229
30.7071206539749,46.4932523228639
30.8075605537303,46.5833361084068
30.6527226327759,46.5256144042028
30.7616822665307,46.4302751764188
30.7595659656439,46.443589203322
30.7112286147146,46.4812840921936
30.7119037536478,46.4671478341694
30.7186421595389,46.4254965202762
30.7465513643623,46.3843471811811
30.7591816557897,46.4597243645745
30.7238381326363,46.5047185787361
30.7293690785122,46.4271643720248
30.6849059863842,46.4759746741677
30.7355154394926,46.4535909162348
30.7219503403116,46.416340427991
30.7381484813321,46.5574943018647
30.6453376515219,46.4419267491519
30.6462594758346,46.4442009288824
30.6897851635207,46.3476022661211
30.7503477225175,46.4382204119329
30.6392925613816,46.4954221494105
30.7610616580498,46.4321121522929
30.7486858420665,46.4470256616173
30.7074530300651,46.403753274989
30.7262141023436,46.4815485735388
30.8156128838528,46.5820047057165
30.7261907321497,46.4770631858267
30.6780844864706,46.3796081072807
30.7391793665493,46.4826568763188
30.699128047681,46.3431042840592
30.7292833878015,46.4526301472664
30.6337512287529,46.446381550586
30.6572460636284,46.3939746619864
30.6317907291584,46.4063117271858
30.6780455361476,46.3205424060367
30.7486235215496,46.4581302797317
30.7260583010513,46.4376590637716
30.7048018114081,46.4328714116649
30.726993108805,46.4872556131789
30.7179540371646,46.4630942527352
30.6731793424521,46.4740603330021
30.7285043813401,46.3880895022566
30.6868457124731,46.4463005869089
30.6446651092769,46.3872204921223
30.6410557126725,46.4547406004499
30.7064169514714,46.4031937260205
30.7314490257641,46.4280531732802
30.7047161206974,46.4425636634119
30.6295394004849,46.5254758663553
30.7036384950925,46.4798375411624
30.7104625916943,46.4124091916689
30.7369020709939,46.3930408809104
30.697224675227,46.3638975555349
30.7488728036172,46.4405899488831
30.7308751576709,46.4699581733617
30.6946461638398,46.3433399783192
30.7184344244825,46.470940532644
30.8110375192363,46.585079526254
30.727120346527,46.370765074547
30.7461930213901,46.4517503419751
30.7119141404006,46.4131000817136
30.7221554786797,46.4750175035849
30.7466448451377,46.4016734080836
30.7676131023901,46.4394330678968
30.7771481414775,46.5605367369314
30.6439951637202,46.44155611543
30.6857213464805,46.4457824193754
30.6813303467264,46.3785339891643
30.7106729234388,46.4821944837629
30.7566083377789,46.4528568455623
30.7353907984588,46.4468907221554
30.7128385614015,46.4343089667319
30.6502895359282,46.5257853275212
30.6346392961188,46.4436467774924
30.797127060524,46.5782246015916
30.6208119314292,46.4573692211668
30.7599502754982,46.4551022382076
30.702236283462,46.4788479851088
30.6895280913885,46.333516385496
30.70728684202,46.5572586076047
30.7971036903302,46.5736222663459
30.6400949380368,46.4390804261032
30.711335078931,46.4096510290686
30.7159883441937,46.3832370792083
30.7561539173431,46.4091238655709
30.7414800322986,46.4724482562312
30.7517161772013,46.4044999400113
30.6248108312643,46.4378677701393
30.7148743649539,46.4849778350628
30.7472550668658,46.3909646123906
30.7601658006192,46.4820613434938
30.7413476012002,46.4724698465451
30.7157027084912,46.4706778504916
30.7408594238177,46.4390138559686
30.7311270364268,46.4533444268178
30.6496066069304,46.3624546028894
30.6477577649287,46.3597216289886
30.7288107905482,46.4537366508536
30.8064258009848,46.5907973610511
30.7183565238364,46.4882253781115
30.7258245991129,46.4915125034023
30.7347520131604,46.4633497381163
30.6488172137162,46.3955615500579
30.7173542021894,46.4574106026018
30.7337808517719,46.4327364722031
30.7376888675199,46.4210651083488
30.7495816994971,46.4594023090588
30.6960094251472,46.4329379817994
30.6545714747776,46.3498278676453
30.701158657857,46.4323334530103
30.7218205059013,46.464585783587
30.7462319717131,46.4682327474427
30.7977840226398,46.5763642362108
30.6442756060463,46.441279039735
30.6453194747045,46.4365453634131
30.7115947477515,46.3814037017198
30.7273514517772,46.4283464417106
30.8092925447628,46.5802684846406
30.7518122546649,46.470724629505
30.7456009764794,46.4626786391927
30.7112545815967,46.4879501016093
30.6540962808362,46.3494662298875
30.6364647679267,46.4425438722908
30.6838776978552,46.4453776009898
30.7119245271535,46.474780010132
30.7328330605772,46.4851847422376
30.6542962258279,46.3498152732955
30.7457957280948,46.4751542422396
30.7265906221333,46.3675193306911
30.6522370520817,46.3492611219055
30.7025998198106,46.3750237639632
30.6899617383186,46.3563211545498
30.6336837148595,46.443528030766
30.6422320124292,46.4373801888838
30.7671379084487,46.4309498737281
30.7213712788419,46.4830976785609
30.7678026606291,46.5839442355815
30.7917674960697,46.5785502554929
30.6149745763451,46.4924480836712
30.6334889632442,46.4432905373131
30.7108520949249,46.4455881065503
30.7275929437802,46.4299081410825
30.6397729486994,46.4420832789277
30.6176543585723,46.466998501165
30.6986061133519,46.3433147896196
30.749161036008,46.4157358992019
30.679624322576,46.4677973427791
30.7349831184106,46.481915608875
30.8075267967836,46.5654017543296
30.7367410763252,46.4813578590994
30.652317549416,46.3894604871891
30.7079801577706,46.4041562941817
30.8107492868456,46.5727064771981
30.6442626226052,46.441658669421
30.7432769405363,46.4848554899507
30.7301922286731,46.4598611032291
30.7148172378134,46.3653459057588
30.7160688415281,46.4810178116555
30.6895436715177,46.3435738733864
30.7556215962611,46.4292118534593
30.7068531950898,46.4720542330025
30.7000083249824,46.4542116377594
30.6665006603897,46.46933925103
30.6383889138863,46.4532202825129
30.7144614915294,46.3889747051264
30.7097562925026,46.4498395991952
30.727805872213,46.3876720895213
30.7013923597955,46.3652901307813
30.6964690389595,46.4743050232263
30.7268970313414,46.5536566235695
30.649640363877,46.4756652130018
30.7122828701257,46.4420724837707
30.7214803397465,46.5191355108409
30.7287692435369,46.3871809098801
30.8082123224696,46.5782192040132
30.7584831466626,46.4457338411691
30.6984087650483,46.34313666953
30.6362050991062,46.4398792677173
30.7698903979456,46.4377400274487
30.725229957514,46.4971277842084
30.7137370155203,46.4889972318333
30.7487871129065,46.4468403447563
30.7492700969126,46.4463599602721
30.7237810054958,46.415005426915
30.7355388096864,46.4510756446658
30.7313944953118,46.4848033133588
30.7501114238909,46.4372200607224
30.7112935319197,46.3877710451266
30.7694281874452,46.5559793815063
30.6691466856703,46.3610746219929
30.6152420352302,46.4880724467214
30.7115791676222,46.4321391401852
30.6302586831176,46.4779609830462
30.71784497626,46.4195411920263
30.7953405390392,46.5704340966604
30.7158221561486,46.499965111293
30.6435303565315,46.4434056856539
30.7183695072774,46.4060346514908
30.7233629386949,46.3890772591174
30.653891142468,46.3507742430711
30.6159976714978,46.4813650558707
30.6838127806501,46.486854393179
30.7324253805291,46.4737814581143
30.6462620725228,46.4449709834114
30.7967946844338,46.5709342722657
30.727006092246,46.5052745293189
30.6547013091879,46.3495076113225
30.71949387327,46.4061480006387
30.8139691802193,46.5811860729812
30.722095754851,46.5096861501252
30.7111481173803,46.3936831927488
30.7480236865743,46.4768184956025
30.6249666325566,46.4669085415237
30.8099650870078,46.5790324391699
30.8026398295825,46.5754160615922
30.6381733887654,46.4949417649263
30.6363712871513,46.4429199035912
30.7404257768876,46.4685512045727
30.7003484911372,46.3784980053078
30.7240328842517,46.3949768123898
30.7125970693985,46.4903574216088
30.6150213167328,46.4869119673494
30.6928414655376,46.4090806849431
30.7473485476411,46.4720758233164
30.6429486983737,46.4365885440409
30.6912341155389,46.4890853922817
30.6754462512547,46.4685943852005
30.7132774017081,46.4232493284381
30.7370968226092,46.4675508533622
30.6922130669921,46.4820937289647
30.7635700588555,46.4548737407189
30.7083800477541,46.4189618519367
30.7092810985611,46.3864810238713
30.666656461682,46.3343404158097
30.6463867135566,46.388742609252
30.6149745763451,46.4924318909358
30.7074062896774,46.4785331263645
30.7698852045692,46.5616828227608
30.6974246202188,46.4049119551681
30.7141680657623,46.4620813071749
30.6126453470256,46.5160175096755
30.6958614139196,46.3777225532004
30.618017894921,46.4702856264558
30.7311763735026,46.3868552559788
30.6781987407516,46.4947402553299
30.8056857448465,46.5729367738797
30.7083826444423,46.4171464663765
30.6157120357952,46.4893624679767
30.6411154365012,46.4368746157
30.6909017394487,46.4801937813417
30.7019116974364,46.3665927463864
30.7482236315661,46.3961282957977
30.7068402116488,46.512635027165
30.6881232830698,46.3583848287198
30.7918194298337,46.579154784282
30.7094265131006,46.4473747050253
30.6861575900988,46.4815737622383
30.7199742605878,46.4117992653013
30.7528405431939,46.468076217667
30.7446687654139,46.4745497134505
30.7250378025869,46.4981461273472
30.7447726329421,46.4582652191936
30.6383162066166,46.3942805247666
30.6416114039483,46.4441685434116
30.7392572671955,46.4658704072638
30.7172918816724,46.405077480908
30.6951758882336,46.4914495316534
30.6438289756751,46.451032464038
30.7147159669735,46.4187243584838
30.7134202195593,46.3831903001948
30.6404714578265,46.4369034027852
30.7232434910375,46.39853741499
30.7116544715802,46.475971075782
30.7116960185915,46.472696544841
30.7589531472277,46.4361783280768
30.7580988368083,46.4580888982967
30.7511838561194,46.4271265889754
30.6543144026454,46.4753287639436
30.7069207089831,46.3950991575019
30.6752125493163,46.5040960580187
30.7055626410521,46.4218963354339
30.7058872270777,46.4224648803665
30.6961989833862,46.4328786084362
30.6786323876818,46.3266524648695
30.7071102672221,46.4743841877106
30.7276370874797,46.4679898564114
30.7421525745436,46.4682849240347
30.7108287247311,46.4064790521185
30.7046018664164,46.4681823700436
30.7273981921649,46.4300538757013
30.6429590851265,46.4445571690617
30.7538117045825,46.4320311886157
30.6730728782357,46.4453847977611
30.730914107994,46.4519338596432
30.6725898942296,46.46933925103
30.7187953641429,46.4747404278899
30.8048522079328,46.5727838424896
30.6437380915879,46.4431771881651
30.7068999354775,46.4033754444958
30.762853372911,46.594863536835
30.6919144478485,46.3804357359801
30.740532241104,46.4568186681625
30.6471968802765,46.3873104517635
30.8103182366036,46.5777352211433
30.7497037438427,46.4685602005368
30.7151028735159,46.4703018191912
30.7201144817509,46.4797026017006
30.8151091263411,46.5938901735168
30.7517914811593,46.4613580316593
30.6281839292421,46.4240535676308
30.6982711405735,46.3431762517721
30.721080449763,46.4971403785582
30.7418643421529,46.4554350888802
30.7196626580033,46.448948998747
30.7179618272292,46.4084023892482
30.7206286260154,46.3986777520303
30.7674936547327,46.4344996811713
30.6890554941352,46.3396786209208
30.7118076761843,46.4329487769564
30.6379890239028,46.4622432345291
30.7331264863443,46.4938172694108
30.7262997930543,46.4178877338203
30.7179826007349,46.3838811902395
30.6842827812151,46.5254524768486
30.6943475446963,46.4053113759752
30.6101083826496,46.5109869665375
30.714570552434,46.4194296420711
30.7055184973526,46.3886598463821
30.643815992234,46.3889333236914
30.6787128850162,46.4947798375721
30.6398067056461,46.4539111725577
30.7503061755062,46.4638319217934
30.7111247471864,46.4610053898657
30.8113621052618,46.5920010210508
30.6618759586973,46.4475996041284
30.7183876840948,46.4885564295912
30.7469564477222,46.4016518177697
30.6350313960377,46.4220060861962
30.7607474587771,46.434841527808
30.8093600586561,46.5849985625768
30.7205766922513,46.4093001864677
30.6765005066658,46.5134716518285
30.6416373708303,46.4080713377684
30.7044564518769,46.4577110678035
30.7477899846359,46.4616926815247
30.7266944896614,46.5088765133541
30.7787996351757,46.5707579513689
30.7028698753839,46.4040213547199
30.7062014263504,46.446115270048
30.7207428802964,46.3918570120317
30.7382523488603,46.4726281755136
30.6242914936234,46.4691251470838
30.701044403576,46.4321643288848
30.7084813185941,46.4181935966005
30.6803410085205,46.4875596767663
30.7055678344285,46.5141949273441
30.7458398717942,46.4421246603627
30.7259752070288,46.3992696864697
30.6383058198638,46.4515884146209
30.7281875853791,46.5256989662656
30.8004586114906,46.5677676928941
30.6546831323704,46.5319763500312
30.6770977449529,46.4890548060037
30.7357777050013,46.4813326703998
30.7231448168857,46.4000433393843
30.7507242423072,46.4641557765018
30.8138419424973,46.5940287113643
30.64191261978,46.4638571104929
30.7053600993721,46.465971162062
30.7487663394009,46.4318566669117
30.7379926800398,46.4426572214388
30.704583689599,46.4306548061048
30.7452711970774,46.4421984272685
30.7468863371407,46.4494887565944
30.6432680910229,46.4426518238603
30.6088801491288,46.464965413273
30.7072894387082,46.4409371930983
30.7725468099789,46.5594464260796
30.7246379126034,46.4808756754223
30.7253909521827,46.3801046845003
30.6442548325406,46.4462322175816
30.7241419451563,46.4790854785617
30.7050484967876,46.5145331755951
30.6210066830445,46.4561853522882
30.7607188952068,46.4324360070013
30.7330823426448,46.3730410534703
30.7468707570115,46.4639848531835
30.6508504205804,46.3493474831611
30.6151693279605,46.4852926938071
30.7238511160774,46.3920315337357
30.7277850987074,46.3884745295211
30.6776690163579,46.4895477848377
30.7281174747976,46.3892463832429
30.8009000484854,46.5794264623986
30.6424761011204,46.523271855145
30.7582494447242,46.4107773237769
30.6280099511324,46.5040186927272
30.7577690574063,46.4553361332749
30.6573629145976,46.4513149373115
30.7279434966879,46.4223137481692
30.6426059355307,46.452295497401
30.6587781096692,46.4384687005427
30.6815432751592,46.3355692645091
30.6422008521707,46.4416838581206
30.7135059102701,46.4694939816129
30.7022466702148,46.4415687097798
30.7956469482474,46.5729187819514
30.7218906164829,46.5564471716407
30.7111766809505,46.4212504252098
30.6799411185369,46.4918201653754
30.6914963810476,46.4890008302189
30.7063182773197,46.3967580132863
30.6938879308841,46.4721226023299
30.6929790900124,46.3657291338305
30.7071024771575,46.3963621908649
30.6525382679134,46.3707362874618
30.6247848643822,46.4819443959602
30.7386470454674,46.4511116285223
30.7390521288273,46.4686051803575
30.7194523262587,46.3745469778647
30.6957731265206,46.4694795880703
30.6398378659045,46.4398612757891
30.7252013939438,46.3988198882635
30.7184603913645,46.4222363828777
30.782229860294,46.5719688081399
30.7157260786851,46.4980129870782
30.7178761365185,46.4192749114882
30.6547869998986,46.4741592886075
30.7715263115145,46.575736317915
30.7267542134901,46.4218495564204
30.8054234793378,46.5799482283177
30.6359402369094,46.4438824717524
30.7040487718288,46.384656642347
30.7690516676555,46.4392765381211
30.6869236131192,46.4897780815192
30.6432836711521,46.451525442872
30.7541570641137,46.4643644828695
30.7232071374026,46.5534281260808
30.6797879139329,46.5434282123608
30.6623303791331,46.52648521353
30.654563684713,46.4648358713896
30.660959327761,46.485458219547
30.7241055915214,46.3916860887133
30.6535639597542,46.3896530008213
30.7044902088236,46.4214951154339
30.7633519370463,46.4706400674423
30.7053107622963,46.3860402216292
30.7334199121115,46.47314814224
30.6833791337199,46.4478712822449
30.8003287770803,46.5803206612325
30.6404896346439,46.4449925737253
30.7192939282782,46.553025106888
30.7266036055743,46.4429055100486
30.6536860040999,46.4742762361411
30.6742621614334,46.4458759774023
30.7259310633293,46.4680564265459
30.6406765961946,46.4523746618853
30.7017481060795,46.3677370330229
30.6246472399074,46.4129885317585
30.7374915192163,46.4333140130998
30.7291613434558,46.5038207815165
30.641543890055,46.4534595751586
30.7392650572601,46.4094261299655
30.6231982878892,46.4215616855685
30.7124282846652,46.4796180396378
30.6524681573319,46.3491387767934
30.7301922286731,46.4846000045696
30.655083022354,46.4744651513877
30.7359283129171,46.4657642548872
30.7080580584168,46.3964863351698
30.7236122207625,46.4151835470047
30.7102210996912,46.4217038218016
30.7215140966932,46.4786842585618
30.7121140853924,46.3993326582186
30.6831921721692,46.4512681582981
30.7323916235824,46.3874525879967
30.7286134422447,46.3888613559784
30.7389015209114,46.4684684417028
30.7284498508878,46.4740801241232
30.7459333525696,46.4507769786569
30.7061209290161,46.4547423996427
30.7052847954142,46.5143154732633
30.723757635302,46.4657156766809
30.6404091373095,46.44044781265
30.7949354556793,46.5714848252701
30.7126100528395,46.4774158276203
30.6447196397292,46.4365597569557
30.6803176383266,46.4906704811603
30.7064455150417,46.468209357936
30.7412722972423,46.4808954665434
30.7396779306846,46.4586340537226
30.7070323665759,46.4255037170475
30.709621264716,46.447079637402
30.7435210292275,46.4694076203573
30.6459712434439,46.4477867201822
30.797228331364,46.5691998503826
30.7056145748162,46.3900758111352
30.7126593899154,46.4927179625949
30.7500439099975,46.4606077682514
30.7029711462239,46.4787382343465
30.6399547168737,46.4396741597353
30.7300494108218,46.434184822427
30.7445648978858,46.4566909254719
30.7510929720322,46.4702514417921
30.7035657878227,46.3873266444989
30.7093486124545,46.4471264164155
30.711093586928,46.4076899088896
30.705256231844,46.5117174388244
30.7191329336095,46.495591273536
30.6407778670346,46.4370761252964
30.7078035829727,46.5586277933443
30.714773094114,46.3850398704187
30.7462189882721,46.4368044471798
30.6150472836149,46.4880814426855
30.6368880281041,46.4704727425096
30.7312802410308,46.486546731206
30.7475303158155,46.4579161757856
30.7149470722237,46.4177617903226
30.7063961779658,46.4232205413529
30.7703344316286,46.5710332278711
30.6399910705086,46.4534433824232
30.7759926152265,46.5606194998013
30.6940982626286,46.3697359362513
30.7041578327334,46.4026359762448
30.6446573192123,46.4468151560568
30.7025426926701,46.3741349627078
30.7274423358644,46.4645264102237
30.712337400578,46.387459784768
30.6867600217623,46.4803952909381
30.7107923710962,46.4806921577542
30.684776151974,46.3433345807407
30.7304129471705,46.4297300209929
30.7235706737513,46.4782884361403
30.814916971414,46.5827657642813
30.7275462033926,46.4298055870915
30.7490753452972,46.3920495256639
30.7260115606636,46.4975793816074
30.6982607538207,46.4051458502354
30.7083826444423,46.4476733710342
30.7085877828105,46.4049587341816
30.6239902777916,46.5096321743405
30.7045758995343,46.5587393432995
30.7094239164124,46.4033466574106
30.702376504625,46.4007396270075
30.7061936362858,46.4607678964128
30.7136019877337,46.4442135232322
30.644678092718,46.43655615857
30.7419448394873,46.4399512354303
30.6913899168312,46.4890638019678
30.697580421511,46.4270978018903
30.7049965630235,46.3883359916736
30.7059105972715,46.4090590946292
30.7056561218275,46.5141427507521
30.7463150657357,46.4682381450212
30.7233525519421,46.4927035690523
30.7297118413552,46.3682785900632
30.7305869252802,46.4533768122887
30.7063780011484,46.4649744092371
30.7266607327148,46.3877476556199
30.7277227781905,46.470632870671
30.6652957970628,46.4629503173093
30.7510799885912,46.4273137050292
30.7061754594684,46.4688588665458
30.6584431368908,46.5207583827688
30.7062689402438,46.4225962214427
30.6869859336361,46.4804150820592
30.8073787855559,46.5913407172841
30.6930933442934,46.3375501758091
30.7097225355559,46.4034744001012
30.6895670417115,46.3440290691711
30.7340638907862,46.3844227472798
30.6162080032423,46.486710457753
30.7297741618721,46.5586421868869
30.7065831395165,46.4467377907653
30.7094524799827,46.4798861193687
30.7224437110705,46.4707570149759
30.7281512317442,46.4289023922935
30.7413294243828,46.4659855556046
30.7130514898343,46.452367465114
30.7228280209247,46.4771099648401
30.6857005729748,46.4802693474404
30.7223164733484,46.3755167427972
30.715471603241,46.3653351106019
30.7433600345588,46.4193504775868
30.7254299025058,46.3701893328431
30.7536844668604,46.4654224082505
30.7750889677313,46.5759486226683
30.6613306541743,46.5118775669858
30.7342949960364,46.463034879372
30.6893333397731,46.4277401137287
30.6514918025669,46.4658973951562
30.6773652038379,46.4544365368625
30.6478875993389,46.3678072015431
30.708390434507,46.4416388783
30.7274189656705,46.4716314226887
30.6445145013611,46.4396561678071
30.7308803510473,46.4722593409846
30.7014728571298,46.3729474954434
30.7975918677127,46.5712689221311
30.6468593108099,46.4138017669153
30.7081515391921,46.4941465216978
30.7208493445128,46.4096150452121
30.6383733337571,46.4507661835
30.7088500483192,46.3810744494329
30.6987515278913,46.3718643813629
30.7153521555836,46.3933287517623
30.7299065929706,46.3682192167
30.6418399125103,46.4510288656524
30.6400144407024,46.4440282063712
30.7385951117033,46.4756364259166
30.7214751463701,46.4072473074547
30.7248274708423,46.4851631519237
30.6995409211055,46.4101224175886
30.7242873596957,46.4920378677071
30.7458762254291,46.4596721879825
30.6253535390991,46.5061777241169
30.7021973331389,46.4946323037604
30.7240095140578,46.491361371205
30.7134773466998,46.4653000631384
30.7067960679493,46.4037280862894
30.6849968704714,46.445663672649
30.694991523371,46.4522397224234
30.7215686271455,46.3822421255762
30.7125113786877,46.4684432530032
30.7175048101052,46.3984312626134
30.8025878958184,46.5990448609598
30.7335004094458,46.4465902569537
30.6286071894195,46.5318809928115
30.7541960144368,46.4526931190153
30.7536013728379,46.4656257170397
30.6344679146973,46.4449907745325
30.7106911002563,46.4075225839569
30.7458061148476,46.4369825672695
30.6475162729256,46.428517365029
30.7267827770604,46.46576605408
30.6493443414217,46.5298874871616
30.7565564040148,46.4376356742649
30.6987645113324,46.3565730415453
30.6654879519899,46.5183924442042
30.6481706383532,46.4484686142628
30.6285656424082,46.5077718089597
30.7527704326124,46.4702874256486
30.7607864091001,46.4301132490645
30.7024725820886,46.4414985412596
30.6722601148276,46.4906686819675
30.7377615747896,46.4383391586594
30.723960176982,46.3859250732884
30.6942774341147,46.4878115637618
30.6386745495888,46.451115226908
30.7054639669003,46.403917001536
30.7064039680304,46.4685116223306
30.7464449001459,46.447090432559
30.6348678046809,46.4436431791067
30.7650190108737,46.4324827860148
30.7302259856198,46.4792869881581
30.6909848334713,46.4797709710279
30.7584519864042,46.5522892370227
30.6318270827932,46.4259697079891
30.7227942639781,46.4971367801725
30.7121919860385,46.3993416541827
30.6397184182471,46.4988694028628
30.7336873709965,46.392880752749
30.7330174254397,46.4866222973046
30.7048407617312,46.3878466112253
30.7952444615757,46.5659846928048
30.6877285864627,46.4350358406331
30.7070375599523,46.3670407453998
30.7189797290055,46.4679826596401
30.7245678020218,46.4235443960614
30.7256558143796,46.4136614298749
30.7213167483896,46.4163314320269
30.7280447675279,46.4699077959626
30.6710370746832,46.5123543530843
30.7935436308016,46.5704610845528
30.7251676369971,46.4138503451215
30.6735376854243,46.4676318170393
30.7038721970309,46.4933836639401
30.8076514378174,46.5764308063453
30.7400466604097,46.470458348967
30.7742528341294,46.5585864119094
30.7217088483085,46.4235084122049
30.6464230671915,46.4410235543539
30.7299533333583,46.5583651111919
30.7092135846678,46.4022905312225
30.7215452569516,46.4714874872627
30.7491065055557,46.4448234495998
30.6635274523954,46.3286891511472
30.7490286049095,46.4717303782941
30.695638098734,46.405673013733
30.7647411652358,46.4318188838624
30.7066999904857,46.3958818063807
30.6446521258359,46.373393695264
30.6459374864972,46.4371786792874
30.796683026841,46.5698349654498
30.7301299081562,46.5280091298526
30.6161015390259,46.5187252948768
30.7499218656519,46.4678135355146
30.745951529387,46.4377976016191
30.6517930183987,46.3500095861206
30.657926395938,46.434245994983
30.7415968832679,46.463168019641
30.6409674252735,46.4540928910329
30.7011950114919,46.3730878324838
30.7575717091028,46.4547693875351
30.7942239631112,46.5792105592596
30.8127175765047,46.5939207597948
30.6258806668046,46.4710808696843
30.8097495618868,46.5834440599763
30.7136201645511,46.4716728041237
30.6654230347848,46.4950910979308
30.6160158483152,46.4676372146177
30.7146666298976,46.4183915078112
30.6303313903874,46.4923761159582
30.6461218513598,46.442849735071
30.6575057324489,46.5265499844717
30.7123140303842,46.3826811286254
30.6336966983006,46.4443538602725
30.7424927406985,46.3851244324814
30.7523497691233,46.4006766552586
30.6706397813879,46.5326492481476
30.7050147398409,46.5010050447457
30.6782844314624,46.3797322515856
30.7071881678682,46.4847943173947
30.7319242197056,46.4709027495947
30.74091395427,46.4842815474396
30.7031736879038,46.3761986368778
30.6839452117485,46.4835852598164
30.6104381620516,46.5108970068963
30.7969063420266,46.5705456466155
30.7178761365185,46.3916357113142
30.709088943634,46.4209733495148
30.7479769461867,46.4445067916626
30.728223939014,46.4315094226966
30.6984866656945,46.445406388075
30.6548103700925,46.3497469039682
30.7312906277837,46.4865863134481
30.7366086452267,46.5306881279686
30.7192264143849,46.4939396145229
30.6650646918126,46.3292720896224
30.7282810661545,46.4803161264538
30.7180293411226,46.4213062001874
30.7570523714619,46.4380153039509
30.6428318474045,46.4365939416193
30.7278915629238,46.4251258865543
30.6222089496832,46.5095674033988
30.6948123518849,46.4659783588333
30.7448115832652,46.5455800469792
30.7088136946843,46.4608722495966
30.6209028155163,46.4524232400916
30.71949387327,46.3623448521271
30.7038877771601,46.4984429941633
30.753767560883,46.574719773969
30.6919559948598,46.4883998998155
30.7318385289948,46.4701884700433
30.7319268163938,46.4825093425072
30.704609656481,46.3869776010909
30.8051378436353,46.5655672800694
30.6575550695248,46.5194485703924
30.7455360592743,46.4737292815224
30.7023557311194,46.3650400429786
30.7445700912622,46.4453578098687
30.7387171560489,46.4469932761465
30.7396909141257,46.4580511152474
30.713111213663,46.4401347530985
30.7040825287755,46.3849661035128
30.7169750857115,46.3981020103264
30.7235005631697,46.4151241736415
30.7644607229097,46.444749682694
30.7186291760978,46.4191813534613
30.7472420834247,46.4514408808093
30.6126167834553,46.5145421715592
30.7454166116169,46.3792842525723
30.7240121107461,46.3978105410888
30.6184852987978,46.4689560229583
30.6249302789217,46.4378569749823
30.7093564025191,46.4859619935379
30.6131958449249,46.5158969637563
30.7449907547513,46.4708019947965
30.7150587298165,46.4178373564212
30.7776467056128,46.5639030267065
30.6399157665507,46.4395176299596
30.711132537251,46.3986615592949
30.7077672293378,46.5130596366716
30.7067830845083,46.5129013077031
30.7277643252018,46.4867176545243
30.7440845105679,46.4722611401774
30.6616370633825,46.4472163760567
30.6344912848912,46.4452228704069
30.7158195594604,46.4753827397283
30.6237254155948,46.4688732600884
30.6488327938454,46.3648979067455
30.7235499002456,46.3917112774129
30.7446376051555,46.4678549169495
30.6980893723992,46.4868525939862
30.6903252746673,46.4712913752448
30.7625521570793,46.4320689716651
30.7118492231955,46.4810322051981
30.7183721039656,46.3851424244097
30.6509542881086,46.4794363211625
30.688468642601,46.3489696526679
30.7106131996101,46.4065294295176
30.7517239672659,46.4615379509418
30.7982696033341,46.5703729241044
30.7108001611609,46.3893561340053
30.796238993158,46.5688885900239
30.6150446869267,46.4944703764062
30.6845372566592,46.3805436875496
30.6432784777757,46.4515830170424
30.7214076324768,46.491095090667
30.7122153562324,46.4341704288844
30.7215660304573,46.4803485119247
30.716715416891,46.4203922102324
30.6412582543525,46.4519104701365
30.7478419184,46.4664317554252
30.7102574533261,46.4757335823292
30.806872431356,46.5896800623069
30.6838984713608,46.3881020966064
30.7552476731596,46.4283464417106
30.7112623716613,46.4083178271854
30.7092447449263,46.3823914585806
30.7180371311872,46.4095664670058
30.7066922004211,46.4636394081611
30.6308740982221,46.4692474921959
30.6854564842836,46.4819479943459
30.6966352270046,46.4277724991995
30.726206312279,46.4309264842213
30.7083826444423,46.3884115577723
30.6460829010367,46.4370671293322
30.7642218275949,46.4319376305889
30.6701100569942,46.4624771295963
30.7027426376619,46.4876712267215
30.7128437547779,46.3896763903281
30.7274864795639,46.4284202086165
30.7155183436287,46.393434904139
30.7217426052552,46.4983206490512
30.7325993586388,46.3910779615386
30.7815339478552,46.5729097859873
30.7573795541756,46.4490119704958
30.7488883837465,46.4335569041311
30.7147419338555,46.4836698218792
30.7437131841546,46.4847961165875
30.6664201630554,46.3326203874693
30.7491584393198,46.4352607397362
30.7091928111622,46.3755671201963
30.7268399042009,46.4160921393812
30.7237264750435,46.4784341707591
30.7044486618123,46.4432779429633
30.7221762521854,46.4628063818833
30.7041266724749,46.4790135108487
30.6930803608524,46.4848554899507
30.6323490171224,46.4041095151683
30.7401894782609,46.4687455173978
30.6590845188773,46.5230649479701
30.7071362341041,46.4038522305944
30.7030672236874,46.4770523906697
30.6461270447362,46.363742824952
30.6480563840722,46.3587230769709
30.6165299925797,46.488056253986
30.7265023347343,46.4745479142576
30.7429030174348,46.4454567654741
30.7097770660082,46.397490284766
30.7310127821458,46.4724752441235
30.7470655086268,46.3947753027934
30.7059469509064,46.513887265371
30.7094784468647,46.4750822745266
30.7426745088728,46.4761312039434
30.7097121488031,46.447306335698
30.7340976477329,46.4467054052945
30.6500818008718,46.3651246050414
30.7603371820407,46.4766601666339
30.6339823340031,46.4433031316629
30.6145149625329,46.486289446632
30.6599777796197,46.3651479945481
30.6956277119812,46.4288718060155
30.7583585056288,46.5552579051836
30.6878688076257,46.4832182244802
30.7601476238018,46.4253507856574
30.7994562898436,46.5660890459886
30.6433278148516,46.4426176391966
30.7185616622045,46.4863326272598
30.7087046337797,46.4928007254648
30.7290782494333,46.4318116870911
30.7486858420665,46.4318098878983
30.7631857490012,46.5541190161255
30.7020025815235,46.4243126513975
30.6969753931594,46.4274522428767
30.7022960072907,46.4008943575904
30.722970838776,46.4151547599195
30.7054561768357,46.5118865629499
30.7257363117139,46.4750121060064
30.6439224564504,46.4522972965938
30.8042108259463,46.5725445498439
30.7453646778528,46.438353552202
30.6839997422008,46.3804195432447
30.6984035716719,46.4044189763341
30.6425981454661,46.4452264687925
30.731511346281,46.4204084029678
30.7103119837784,46.392726022166
30.6934568806421,46.4751542422396
30.7221658654326,46.471289576052
30.6987541245795,46.471854522599
30.7415371594391,46.4584055562339
30.7328875910295,46.4752388043024
30.7471719728432,46.4017543717607
30.7280992979802,46.4696289210748
30.6254340364334,46.47425644502
30.7063909845894,46.4664857312099
30.6390796329488,46.444370053008
30.6436446108125,46.4431591962369
30.7609967408447,46.4318062895127
30.7371149994267,46.464544402152
30.6389731687324,46.4955480929083
30.6336785214831,46.4434596614386
30.6921455530987,46.4813632566778
30.7285069780283,46.3876936798352
30.7338042219657,46.3853187453065
30.7445856713914,46.4571569164135
30.8109726020311,46.5958674864312
30.731041345716,46.4423765473581
30.7244483543644,46.5206054513787
30.7269437717291,46.4279955991098
30.6337616155057,46.4461674466399
30.6457790885167,46.4756742089659
30.7084968987233,46.4183699174973
30.6235410507322,46.5133223188241
30.802938448726,46.5699807000686
30.6801540469697,46.4863560167665
30.6158185000116,46.4867500399952
30.7097900494493,46.4404658045782
30.813039565842,46.5939855307365
30.7398311352887,46.4726011876213
30.7240562544455,46.3982243554385
30.6852357657862,46.4810394019694
30.7082761802259,46.4100684418039
30.6808213958383,46.4951468729083
30.6347899040347,46.4380332958791
30.6266804467716,46.4684360562319
30.7043318108431,46.3830481639616
30.6536937941645,46.4740567346165
30.8099339267493,46.5852558471508
30.7327317897372,46.4745497134505
30.6847449917155,46.4667394173982
30.7447622461893,46.4624537400896
30.6853266498734,46.482696458561
30.6304897883678,46.4691161511197
30.79273606077,46.5661700096657
30.7109845260234,46.3911391340946
30.6952044518038,46.343383158947
30.7140745849869,46.4929266689626
30.8107648669748,46.5788273311879
30.6267193970947,46.5076872468969
30.6123259543764,46.5162657982854
30.6210300532383,46.4606851335429
30.7042253466267,46.4241111418011
30.7068505984016,46.4330999091537
30.7176294511391,46.3983574957075
30.7086501033274,46.4272327413521
30.7214076324768,46.4532382744412
30.7409529045931,46.4609262253814
30.7032334117325,46.4799185048396
30.7112779517905,46.4460666918417
30.7444402568519,46.388177662705
30.6298328262521,46.4826029005341
30.6454233422327,46.4452084768643
30.7589635339805,46.4360110031441
30.7231603970149,46.5533003833902
30.6334370294801,46.4676174234967
30.6363479169575,46.4502408191951
30.694191743404,46.4874121429547
30.7242328292434,46.3934313057533
30.7460813637973,46.3875371500594
30.6153251292528,46.4845982053768
30.6134970607567,46.4986750900377
30.6959626847596,46.3634153718579
30.6463114095987,46.4371480930094
30.7500231364919,46.4382977772244
30.7037839096319,46.4608236713904
30.7064896587412,46.5206828166702
30.7484858970748,46.3974021243176
30.7400596438507,46.4705555053795
30.6407648835936,46.4365003835924
30.6812160924454,46.3904788303279
30.6883128413087,46.4796396299517
30.7047810379025,46.3876145153509
30.6949343962305,46.3626075342795
30.6345665888491,46.4371642857448
30.6788193492325,46.4904941602635
30.7149288954062,46.417121277677
30.7266062022625,46.4169791414438
30.7229942089698,46.5534011381884
30.7440273834274,46.4808558843013
30.7993160686805,46.577368185807
30.6122844073651,46.5148480343395
30.6868301323439,46.4659423749768
30.689914997931,46.4774626066338
30.6959600880714,46.4040465434194
30.8033227585803,46.5742034056283
30.7129242521122,46.4840134677087
30.7255701236688,46.4982828660019
30.7242432159963,46.4979824008002
30.7229474685821,46.4207736391112
30.7213816655948,46.4109752349876
30.7175879041278,46.4042642457512
30.7080113180291,46.3811734050382
30.6686065745237,46.4645012215242
30.7085670093049,46.5596191485908
30.646467210891,46.4375331202739
30.6642675085338,46.5202204241142
30.6542962258279,46.3497702934749
30.6349405119506,46.444359257851
30.6297263620357,46.4805842061847
30.7148198345016,46.3934115146323
30.7124230912888,46.4702262530926
30.733528973016,46.4894452308467
30.6540547338249,46.3490236284526
30.7275488000808,46.4664281570395
30.7723208981051,46.5663859128047
30.7592933133825,46.472788303675
30.7041578327334,46.5586187973802
30.7126567932272,46.3943470949011
30.7509657343102,46.4389670769552
30.7445545111329,46.4209067793803
30.6346470861835,46.44338409534
30.7013767796662,46.459164815606
30.6886530074635,46.4800732354225
30.7237420551728,46.5532859898476
30.7966155129477,46.6004500305559
30.722742330214,46.4170565067353
30.7197197851438,46.4121752966017
30.7108417081721,46.4462430127385
30.6558568354389,46.3660224022609
30.7727545450353,46.5682732660779
30.6539456729203,46.3492071461207
30.7690023305796,46.5557131009682
30.7277461483843,46.4507571875358
30.7623444220229,46.450026715249
30.6869132263664,46.4801344079785
30.7023583278076,46.4607229165922
30.7645723805025,46.4540137265487
30.764870999646,46.4768562786518
30.7231448168857,46.3956101282641
30.6546337952946,46.3701263610942
30.6768874132083,46.4426950044881
30.6523616931155,46.3509883470172
30.6693570174148,46.4703090159625
30.663953309261,46.471505479191
30.7274864795639,46.4704277626889
30.6900837826643,46.4940673572135
30.7293223381245,46.4232583244022
30.7182474629318,46.500909687526
30.6638234748508,46.542532214334
30.7380368237393,46.3956029314928
30.7113818193187,46.4472919421554
30.7144017677007,46.3889207293417
30.7476108131498,46.4652280954254
30.7274449325526,46.4775687590104
30.7309582516935,46.3899552652159
30.7805238361436,46.5729097859873
30.6517125210643,46.3462834577805
30.6843295216028,46.4564822191042
30.7241367517799,46.3945396085334
30.7606332044961,46.4766583674411
30.7704720561034,46.570972055315
30.7097562925026,46.3897339644985
30.7109559624531,46.3874849734675
30.7605007733976,46.4297534104996
30.726434820841,46.4297821975848
30.6972584321737,46.4271787655674
30.6296562514541,46.4807227440322
30.7146328729509,46.4312629332796
30.6795957590057,46.4883603175733
30.6406246624305,46.4445355787478
30.6643739727501,46.3571649759847
30.6232034812656,46.5212459640243
30.7248975814238,46.424451189245
30.6162885005767,46.4867194537171
30.6616889971466,46.4474430743526
30.6910549440528,46.4801847853776
30.6943761082665,46.480037251566
30.6543014192044,46.4479360531866
30.723516143299,46.5051575817853
30.7605319336561,46.4301654256565
30.7042201532503,46.4417450306766
30.7510358448917,46.3769381051288
30.7344430072641,46.3920189393859
30.724557415269,46.5204813070738
30.7014053432365,46.4254119582135
30.6484303071737,46.4475024477159
30.7092940820022,46.4867176545243
30.7272891312603,46.4282312933698
30.7475510893211,46.4340013047589
30.6355896840017,46.4397407298698
30.7584078427047,46.4547855802705
30.6953732365371,46.4520975861903
30.6618136381804,46.4475888089714
30.708416401389,46.4106225931939
30.6150394935502,46.4879698927304
30.7111091670572,46.4664551449319
30.6681703309053,46.4967715440291
30.6975700347582,46.427326299379
30.686349745026,46.3331619445095
30.7426511386789,46.4163260344484
30.7499374457811,46.4714101219713
30.7400206935276,46.4769354431361
30.7593192802645,46.4818868217898
30.7637881806647,46.4784341707591
30.6830363708769,46.4571713099561
30.6850072572242,46.3737679273715
30.7349597482168,46.4925020594559
30.7030828038167,46.383003184141
30.7152612714964,46.4722485458276
30.689585218529,46.3393619629837
30.7214439861117,46.494164513626
30.705295182167,46.3875479452164
30.7329628949874,46.4888281077078
30.6458829560449,46.4440803829632
30.7117972894314,46.4091004760642
30.7016078849164,46.4726515650204
30.6798684112672,46.4677595597298
30.7348974276999,46.433198864759
30.7515266189624,46.4611943051123
30.7349961018517,46.42211043938
30.7036670586627,46.4941195338054
30.7642296176595,46.5556591251835
30.6704086761377,46.4829339520139
30.7129657991235,46.4686933408059
30.7236537677738,46.470057128967
30.7106962936327,46.4529162189256
30.6999382144009,46.4535405388358
30.6682923752509,46.4680420330033
30.7279383033115,46.3872582751716
30.6147486644713,46.4961112402624
30.6403052697814,46.4539129717505
30.7436508636377,46.4724140715675
30.6585210375369,46.438589246462
30.6443457166278,46.3988828600124
30.7178943133359,46.5009456713825
30.713999281029,46.4424197279859
30.7234564194703,46.5532176205203
30.8126396758585,46.5950164682251
30.7470707020032,46.3919415740944
30.7106469565568,46.4069126575893
30.7173412187483,46.4038792184867
30.7373746682471,46.3721234651297
30.7579638090217,46.462788389955
30.7415916898914,46.4724698465451
30.6461062712305,46.4373765904981
30.7129606057471,46.4839774838522
30.7058119231198,46.4689236374874
30.6454674859322,46.4439256523802
30.6996785455804,46.4801541990996
30.7312932244719,46.4753089728225
30.8030501063188,46.5847628683168
30.6542598721931,46.3504251996631
30.6367088566179,46.4427147956092
30.6537119709819,46.4741251039438
30.691031573859,46.462234238565
30.6918365472024,46.4267883407244
30.7446765554786,46.5457293799836
30.7441312509556,46.3811356219889
30.6313129385287,46.4756922008942
30.8092925447628,46.5850165545051
30.7065156256232,46.3857559491629
30.7390651122683,46.4576157105838
30.731942396523,46.4732686881592
30.6386953230945,46.4692816768596
30.7269905121168,46.4179435087979
30.7036358984043,46.4607211173994
30.7184889549348,46.5008089327278
30.7153365754544,46.3835591347239
30.6943034009968,46.4867536383808
30.7445025773688,46.4743679949752
30.8001132519594,46.5761735217714
30.7188758614773,46.4510108737241
30.6939736215948,46.4483210804511
30.7068583884662,46.406207374002
30.7096004912103,46.3900812087136
30.727247584249,46.5539372976502
30.6159327542926,46.4887327504881
30.7181903357913,46.4526301472664
30.7096316514688,46.443054843053
30.7063520342663,46.4937345065409
30.7478523051528,46.4720362410743
30.693607488558,46.4831372608031
30.6444443907796,46.4368188407224
30.752448443275,46.4677937443935
30.6893177596439,46.4778242443915
30.7111091670572,46.4659585677122
30.6994266668245,46.4730725761413
30.7257986322308,46.3910707647673
30.6765498437417,46.5423648894013
30.7232227175318,46.488045458829
30.8023022601159,46.5701534225798
30.7108702717424,46.4029364414465
30.7240173041225,46.4639776564122
30.751534409027,46.4145826166012
30.7416695905376,46.4248020318459
30.673483154972,46.4737238839439
30.7014988240118,46.4249711559714
30.7428744538645,46.4458975677162
30.6136320885433,46.4866708755109
30.6991202576164,46.426586831128
30.7320099104163,46.4603810699555
30.7558059611236,46.4294421501409
30.7018415868549,46.3673484073728
30.717019229411,46.4958161726391
30.7746760943067,46.5587987166627
30.711638891451,46.4418241951609
30.6352469211587,46.439245951843
30.7177151418498,46.413013720458
30.732487701046,46.4563544764137
30.7222645395843,46.5076746525471
30.6824183590842,46.3792428711373
30.8071113266709,46.5806876965687
30.7474238515991,46.4366263270902
30.8149870819955,46.5893652035625
30.767636472584,46.434226203862
30.7475744595149,46.3796314967874
30.6362076957944,46.4441577482546
30.6301522189012,46.4175350920267
30.6659527591786,46.3321561957205
30.7083488874957,46.4815917541666
30.7414306952228,46.4631878107621
30.6396820646122,46.4526373440377
30.7100133646349,46.4424197279859
30.7092940820022,46.4933836639401
30.6899253846838,46.3760295127523
30.6532082134702,46.5367172231244
30.7240069173696,46.4770613866338
30.7652553095003,46.4757587710287
30.6490353355254,46.3889657091623
30.73274217649,46.4844740610719
30.7115791676222,46.4886229997257
30.7041578327334,46.3898868958886
30.7308362073478,46.4696631057384
30.7123062403195,46.4515902138137
30.6928518522904,46.4102015820729
30.6375372001552,46.4439976200932
30.621596131267,46.4711636325543
30.7338613491062,46.4799742798171
30.7328694142121,46.4867086585602
30.7041812029272,46.3834475847687
30.7253234382894,46.3989962091603
30.7688828829222,46.4368872100498
30.6928077085909,46.4074686081721
30.7267256499199,46.3877440572343
30.7042617002616,46.4023031255722
30.7072582784497,46.557789369488
30.7518849619346,46.4639974475333
30.6676198330059,46.4987398609794
30.7083852411305,46.4015888460208
30.7173697823186,46.3992966743621
30.7081541358803,46.4854726130896
30.6845658202294,46.4564462352477
30.6195057972622,46.4658973951562
30.7133059652783,46.4480781894198
30.6532004234056,46.4740639313878
30.7373409113005,46.4678585153352
30.6809304567429,46.3474223468386
30.6785726638531,46.4679160895056
30.6755267485891,46.5142650958642
30.7405945616209,46.4604998166819
30.7249495151879,46.5024102143419
30.6349534953916,46.4440749853847
30.7997938593102,46.5818481759407
30.6405467617844,46.4519194661006
30.6141150725494,46.4907532440303
30.6452130104881,46.4414787501386
30.675830561109,46.4683496949764
30.7209454219764,46.4110418051221
30.622206352995,46.512142048331
30.6424293607328,46.5248947270729
30.7457723579009,46.4441055716627
30.7230954798098,46.4656131226899
30.7133449156014,46.4854906050178
30.7132202745676,46.4839253072603
30.7033970030894,46.4046438754372
30.7266685227794,46.5536368324485
30.7016624153687,46.4250035414422
30.6152628087358,46.4914675235817
30.6944462188481,46.406207374002
30.7268658710829,46.4304766860152
30.6357532753586,46.4382366046683
30.6975388744998,46.404789610056
30.6423332832692,46.4504315336346
30.7264322241528,46.4675814396402
30.7414151150935,46.4643446917484
30.7577638640299,46.4579953402699
30.7015793213462,46.3728881220802
30.7356920142905,46.4495787162356
30.689039914006,46.3525014681829
30.7315217330339,46.4732147123745
30.8076410510646,46.579647763116
30.615036896862,46.4892203317436
30.7262634394195,46.4376176823366
30.7457567777717,46.4374017791976
30.7213245384543,46.4528784358762
30.7071907645564,46.4608488600899
30.7300442174454,46.5585810143309
30.7654318842982,46.4754403138987
30.7411736230905,46.438896908435
30.7138746399951,46.4195861718469
30.7210908365158,46.464153977309
30.7374967125927,46.4650409793716
30.7284031105001,46.4226969762409
30.6366179725308,46.4424197279859
30.7400622405389,46.4707192319266
30.6335980241488,46.4181000385736
30.7607890057883,46.4326842956111
30.8156985745636,46.5829007037432
30.6374359293152,46.4779088064543
30.7247989072721,46.5015663929071
30.6653788910853,46.5290796495833
30.6911769883984,46.4801128176646
30.6288954218102,46.4202302828781
30.7061442992099,46.465981957219
30.7279097397412,46.5590542020438
30.7420149500688,46.4556689839474
30.7241808954794,46.4886122045688
30.6975752281346,46.3622908763424
30.6462153321351,46.4449206060123
30.7352220137255,46.4705663005365
30.7494336882695,46.4457428371332
30.7644581262215,46.4524412320198
30.6918287571378,46.4794237268127
30.7236070273861,46.4151673542693
30.6919352213542,46.4750103068136
30.6686974586109,46.4944775731775
30.7951172238536,46.574575838543
30.7064091614068,46.3928969454844
30.70594175753,46.4437169460126
30.7464578835869,46.3963172110443
30.7472888238124,46.4481879401821
30.7098264030841,46.5701156395304
30.7124178979123,46.3874525879967
30.7020493219112,46.4793571566782
30.7546296613669,46.4046780601009
30.7086656834566,46.4457842185682
30.7262634394195,46.4976099678854
30.6367763705113,46.499441546181
30.7405867715563,46.468239944214
30.6369321718035,46.4440659894206
30.7153651390246,46.4704043731822
30.7948419749039,46.5782425935199
30.7215400635752,46.4829969237627
30.7110650233577,46.4078644305936
30.7158870733537,46.4173659679011
30.7138330929839,46.3870477696111
30.7045031922646,46.386884043064
30.7264685777876,46.487973491116
30.7114753000941,46.3888181753507
30.7644503361569,46.4520220200917
30.7255155932165,46.431412266284
30.6379552669562,46.4109878293374
30.7057002655269,46.4244224021598
30.6407908504756,46.4369321898704
30.6456310772891,46.4425636634119
30.7566420947255,46.4561115853823
30.7105846360399,46.4821890861844
30.7235888505687,46.4985779336251
30.703721589115,46.4042408562445
30.723401889018,46.4104318787545
30.7738841044043,46.5799086460756
30.7252377475786,46.4863955990087
30.691514557865,46.3456681338344
30.7089980595468,46.3817959257556
30.7286342157503,46.4232781155233
30.7430692054799,46.4724536538096
30.6972506421091,46.4708181875319
30.7219217767413,46.4913019978418
30.7119972344232,46.4189438600084
30.7404283735758,46.4679502741693
30.7551853526427,46.4564858174899
30.7279668668817,46.4907496456446
30.6146629737606,46.4933674712046
30.7420928507149,46.4625365029596
30.6537561146814,46.4742942280694
30.7576158528023,46.4344079223373
30.7028413118136,46.4785960981134
30.7133682857952,46.4164249900538
30.72621929572,46.4177509951656
30.722843601054,46.4229794495144
30.7710641010141,46.5567854198918
30.7270476392573,46.4283770279887
30.682415762396,46.4406979004526
30.7514954587039,46.5453893325398
30.7113013219844,46.4589111294177
30.7046563968687,46.4451113204518
30.7475407025683,46.4750031100423
30.6975466645644,46.5542863410582
30.6346003457958,46.4506186496883
30.7070531400816,46.4781211112076
30.7371279828677,46.4676678008958
30.732246209043,46.4914351381109
30.7472784370596,46.3879167797455
30.704583689599,46.3898113297899
30.7150872933867,46.4829717350632
30.6461685917474,46.4374143735474
30.7185201151932,46.4467054052945
30.7238952597768,46.5031910640278
30.6821067564996,46.3348459889935
30.7109455757003,46.3891060462026
30.747701697237,46.4409785745333
30.6334396261683,46.4431178148019
30.6342420028235,46.4441037724699
30.7129580090589,46.4610971486997
30.7332017903023,46.392459741628
30.7223398435423,46.4998823484231
30.6491340096771,46.5340148355016
30.7447440693719,46.4625005191031
30.6180334750502,46.4677775516581
30.7445778813268,46.4291632752531
30.7468006464299,46.4640082426902
30.6839322283075,46.4675778412545
30.8161426082466,46.5895325284952
30.8088718812736,46.5795829921743
30.7167128202028,46.4691989139896
30.7106417631804,46.3881236869203
30.7028465051901,46.3801676562492
30.8138627160029,46.5800058024881
30.6434680360146,46.4470202640388
30.6659735326842,46.4657174758737
30.7295144930517,46.4809674342564
30.7546452414962,46.4514768646658
30.7047576677087,46.4426788117527
30.6668122629743,46.5354308002547
30.6915119611768,46.4880706475285
30.764985253927,46.4299225346251
30.7290315090456,46.491505306631
30.7053003755434,46.5118523782862
30.7516746301901,46.3996133322992
30.7086371198864,46.4347461705883
30.7991343005062,46.5736366598885
30.728553718416,46.4624213546188
30.7299195764116,46.5586133998017
30.7137058552618,46.4196869266451
30.7260634944277,46.4776191364095
30.6805747104589,46.3260659280087
30.637191840624,46.4386756077176
30.7144043643889,46.486444177215
30.6863289715204,46.3770226671915
30.7055834145577,46.4012434009984
30.7113039186726,46.4833603607133
30.720267686355,46.4281017514865
30.7694126073159,46.5815746986313
30.7493817545054,46.4385658569553
30.7995991076948,46.5751263915474
30.6515151727608,46.4678099371289
30.7108391114839,46.4796756138082
30.71401226447,46.4183483271834
30.624642046531,46.4769912181137
30.7230798996806,46.4171194784841
30.8139510034019,46.5940449040997
30.7359828433694,46.4783586046605
30.721207687485,46.4812553051084
30.7005354526879,46.3787696834244
30.71111955381,46.395642513735
30.7464500935223,46.4364374118436
30.685549965059,46.4822808450185
30.637547586908,46.4444150328286
30.6457764918285,46.444943995519
30.7090344131817,46.477439217127
30.7083618709367,46.4612320881616
30.7175126001698,46.4213044009945
30.7060845753812,46.4461944345323
30.706411758095,46.4638103314795
30.7287692435369,46.4308815044007
30.6945838433229,46.4293809775849
30.7042357333795,46.3803205876393
30.7477718078185,46.4510486567735
30.7218179092131,46.4671244446627
30.7128099978312,46.4888335052862
30.6887854385619,46.3397559862123
30.6441042246247,46.4544113481629
30.608958049775,46.4963451353296
30.6766666947109,46.3256035354527
30.7592050259835,46.4346094319336
30.7263828870769,46.4188179165107
30.7322747726132,46.4846072013409
30.741815005077,46.4666044779363
30.7128593349071,46.4119324055703
30.6649945812311,46.3531923582276
30.6956926291863,46.4291974599168
30.7600775132203,46.4810573938976
30.717920280218,46.4630384777577
30.7258687428124,46.4859565959595
30.7075231406466,46.4188898842237
30.7064039680304,46.5605349377386
30.706754520938,46.4210201285282
30.6144604320806,46.4890530068109
30.7445363343155,46.4567431020638
30.7263361466892,46.4875578775735
30.6808213958383,46.3818265120336
30.7099380606769,46.4644652376677
30.7153209953251,46.4930292229536
30.6796944331575,46.4966402029529
30.7413398111356,46.4710107011642
30.7446376051555,46.4677505637657
30.8081733721466,46.5922601048176
30.7487663394009,46.4609748035877
30.7993835825739,46.5660980419527
30.7020415318466,46.3728179535601
30.6467840068519,46.4961904047467
30.7665095099031,46.4345932391982
30.7102496632615,46.4472199744424
30.7224774680171,46.4781193120148
30.7224047607474,46.4870181197261
30.7129995560702,46.3932423905067
30.7468941272053,46.4641071982956
30.7550633082971,46.4286577020693
30.7241263650271,46.4663777796404
30.7426459453025,46.4455899057431
30.7109533657649,46.4053257695178
30.6309805624385,46.4700013539895
30.7937435757934,46.579442655134
30.7226047057391,46.4783981869026
30.8008507114095,46.5711789624899
30.705484740406,46.4219413152545
30.7555410989268,46.409060893822
30.7265127214871,46.4217128177657
30.6642155747697,46.5277644396284
30.6873053262853,46.4799113080683
30.7214673563055,46.4064160803696
30.7335835034683,46.3916465064712
30.7039838546237,46.4430620398243
30.7182968000076,46.4589848963235
30.721612770845,46.3819488571457
30.7125711025164,46.3873698251267
30.7066844103565,46.4064628593831
30.7165336487167,46.4053923396523
30.7071829744918,46.4013117703258
30.643904279633,46.4448378431424
30.6778637679732,46.4897205073489
30.7203845373242,46.4334705428756
30.7617679572415,46.4306781956115
30.6430343890844,46.443240159914
30.7171282903156,46.4728656689665
30.7056015913752,46.511823591201
30.7245106748813,46.4144296852111
30.6491288163007,46.4439904233219
30.6861679768517,46.4901613095909
30.7112701617259,46.4628963415245
30.7233785188241,46.463990250762
30.7613888407636,46.453270659912
30.6500142869785,46.3649069027096
30.6854435008426,46.4825273344355
30.7260842679334,46.4130784913997
30.701348216096,46.3676740612741
30.6391263733365,46.4531357204502
30.7110130895936,46.5521560967537
30.7080165114055,46.3883269957095
30.6443768768862,46.4508309544417
30.7099614308708,46.4123965973191
30.7118076761843,46.4715522582044
30.737322734483,46.4244188037742
30.7401972683256,46.4562807095079
30.6514892058787,46.5009114867189
30.7372396404605,46.4673241550662
30.7937825261165,46.6007109135155
30.7199301168884,46.4915286961377
30.7077101021973,46.4024362658413
30.7026102065634,46.4033394606393
30.8128058639036,46.5817492203353
30.7647151983537,46.4765846005353
30.7138590598659,46.3934726871883
30.794436891544,46.5704322974676
30.7127165170559,46.4156297468252
30.637763112029,46.446012716057
30.6880505758,46.4802459579337
30.6180906021907,46.4384938892423
30.7588466830113,46.4356025863729
30.7112000511444,46.3870423720326
30.7556994969072,46.4289923519347
30.6426422891655,46.4374125743546
30.7239238233471,46.4913037970346
30.6230217130913,46.4415633122013
30.6777884640153,46.499698830755
30.7258713395006,46.4227131689763
30.6428915712332,46.4426788117527
30.7320151037927,46.4846179964978
30.6170103798976,46.4763830909389
30.7233110049308,46.4859907806231
30.7227059765791,46.4132548122966
30.733617260415,46.4889846374835
30.7499452358458,46.3783180860254
30.6521176044243,46.450694215787
30.719405585871,46.4060580409975
30.7585818208144,46.4262054022492
30.7409165509582,46.4582130426017
30.7530690517559,46.5748493158524
30.7147185636617,46.4743014248407
30.7046174465456,46.3854716766966
30.7178008325606,46.4195034089769
30.7026984939624,46.4768886641227
30.7181539821564,46.4474754598235
30.7031087706987,46.5587807247344
30.6737090668458,46.3333472613705
30.7654214975454,46.4313618888849
30.7481665044256,46.46512913982
30.6457219613762,46.4473531147114
30.8039849140725,46.5992157842781
30.7229007281945,46.5116148848334
30.764743761924,46.4540641039478
30.7098367898369,46.4352481453864
30.6668953569969,46.3348136035227
30.7753382497989,46.5763354491256
30.6136346852315,46.4926819787384
30.7478574985292,46.3884619351714
30.7048329716666,46.4309570704994
30.7015247908939,46.3683451601977
30.7266970863496,46.4897241057345
30.7315243297221,46.4278840491547
30.6434576492618,46.440519780363
30.7086111530043,46.4000541345413
30.7041370592278,46.486649285197
30.709647231598,46.4453020348912
30.6577550145165,46.4900659523712
30.6966430170692,46.4754151251992
30.7147782874904,46.3902593288033
30.6404506843208,46.4413132243987
30.7260608977395,46.4310128454769
30.6163612078464,46.485807262955
30.7151522105918,46.3945360101477
30.7387535096838,46.4841358128208
30.7206857531559,46.4163008457489
30.7017584928323,46.4901828999048
30.7448375501472,46.4315795912167
30.6847839420386,46.483220023673
30.6439743902145,46.4529576003605
30.8099572969431,46.5797791041922
30.741687767355,46.4399692273586
30.7000810322521,46.4725022320159
30.6199550243216,46.4613328429598
30.6789413935782,46.3268179906094
30.709634248157,46.4799275008037
30.6978478803961,46.4300214902305
30.6422112389236,46.4417630226049
30.719823652672,46.4115203904135
30.7646814414071,46.4540371160554
30.7289250448292,46.4527776810781
30.7426589287436,46.4448630318419
30.6560619738071,46.4968093270784
30.6448390873867,46.4390732293319
30.6334344327919,46.4528928294188
30.7406880423962,46.4323406497816
30.7027504277265,46.4429846745329
30.7607188952068,46.4329721664631
30.6910367672354,46.4797655734495
30.7572964601531,46.4393071243991
30.6646466250116,46.54148508411
30.7236875247205,46.3877872378621
30.7312802410308,46.4571263301355
30.6828494093261,46.3777549386712
30.7012495419442,46.478804804481
30.7111429240039,46.4816007501307
30.7492103730839,46.4464391247564
30.7215971907157,46.4792438075303
30.8106090656825,46.5959448517227
30.7461436843142,46.4736807033161
30.706640266657,46.5123831401695
30.6544909774433,46.3497271128471
30.6393522852103,46.4550482624229
30.6637559609574,46.3365408286344
30.7961714792647,46.5701030451807
30.7499582192868,46.4439112588376
30.80887707465,46.5795236188111
30.7265101247989,46.4381016652065
30.7289042713236,46.427356885657
30.7383899733351,46.4538607951586
30.6562411452932,46.5228976230374
30.7413424078238,46.390950218848
30.7342378688959,46.5297165638433
30.7325084745516,46.4739002048407
30.6356416177658,46.4381862272692
30.7244094040414,46.3912057042291
30.7265101247989,46.4305936335488
30.608615286932,46.4951720616079
30.7253857588063,46.4781642918354
30.6970948408168,46.4049479390246
30.6369711221266,46.3782874997473
30.6481862184824,46.4254443436843
30.6321490721306,46.404667264944
30.7388314103299,46.4587617964132
30.6384823946617,46.4445103900483
30.6169688328863,46.4878205597259
30.7635181250914,46.4336720524719
30.6887153279804,46.5002799700374
30.7161285653568,46.3831974969661
30.6688376797739,46.3410226179609
30.6419905204262,46.4070817817148
30.7342872059718,46.3706229383139
30.7474160615344,46.393188414722
30.665768394316,46.332859680115
30.6483212462691,46.4645462013448
30.7990719799893,46.570038274239
30.7530482782503,46.4101566022523
30.6462205255115,46.447993627357
30.7117090020325,46.4766349779344
30.7260193507282,46.492707167438
30.7651696187896,46.4368530253861
30.7055392708583,46.5130722310214
30.7150379563108,46.4998769508446
30.730914107994,46.4308293278088
30.7096783918565,46.4033412598321
30.7070063996939,46.4318512693333
30.7279149331176,46.4781588942569
30.7991005435595,46.5699375194408
30.7124490581708,46.4773870405351
30.732399413647,46.4737166871726
30.6153900464579,46.4840296604441
30.6891463782224,46.5198965694057
30.8096924347463,46.5833612971063
30.6598531385859,46.5350799576539
30.6971415812045,46.3951837195647
30.6939658315302,46.4038360378589
30.7651176850255,46.4326213238623
30.6548181601571,46.5307942803453
30.798344907292,46.5784189144167
30.7434716921516,46.4193036985734
30.7545465673444,46.4045107351682
30.7226826063853,46.5532266164844
30.7632428761417,46.4338105903194
30.7505242973154,46.4319142410821
30.708618943069,46.4056946040469
30.7227786838488,46.4102861441357
30.6464853877084,46.4429360963266
30.7044538551887,46.5143892401691
30.7024492118947,46.4248668027875
30.7105898294163,46.4124145892474
30.7197301718966,46.4692834760524
30.815031225695,46.5827837562096
30.7065078355586,46.4570759527364
30.7439754496633,46.4557265581178
30.7506229714672,46.4268890955226
30.6503934034564,46.3902701239602
30.7246976364321,46.3792986461148
30.6695154153953,46.4668419713892
30.6248160246407,46.4426284343536
30.6606373384237,46.3584891819037
30.6859654351717,46.4811437551532
30.6907745017267,46.4798753242118
30.6451870436061,46.4397065452062
30.6409907954674,46.4371085107672
30.6445067112965,46.4415093364166
30.7958235230453,46.5751893632963
30.7663614986755,46.4311855679881
30.6467840068519,46.4952098446572
30.7529651842278,46.4687563125547
30.6560489903661,46.4501058797333
30.7213193450778,46.4602677208075
30.7290444924866,46.3906407576821
30.6176829221426,46.4860105717442
30.7443260025709,46.5417639589979
30.71111955381,46.3974884855732
30.6307157002416,46.4118082612654
30.6809148766137,46.4564246449338
30.6983776047899,46.4299207354323
30.8074125425026,46.5843958329806
30.6988579921077,46.4045773053027
30.7061468958981,46.49378488394
30.8003962909737,46.5803080668827
30.7070998804692,46.4331664792882
30.6274542598566,46.4719786669039
30.7970725300717,46.5719436194404
30.7233603420067,46.4110669938216
30.7542765117711,46.4046348794731
30.6419723436087,46.4443034828734
30.721867246289,46.4672323962322
30.6464256638797,46.4480619966844
30.6843476984202,46.4868399996364
30.6554543487672,46.3502542763447
30.7109196088183,46.4124739626106
30.7236719445912,46.4697278766801
30.6348028874757,46.4384021304082
30.7191459170506,46.4222507764203
30.7138902201244,46.4335371130101
30.8006351862885,46.5713534841939
30.6952719656971,46.3655222266557
30.7661277967371,46.5664164990827
30.6894398039895,46.3412313243286
30.7691425517426,46.4392117671794
30.7489403175106,46.3921088990271
30.6152939689943,46.4683209078912
30.7444818038632,46.488918067349
30.7313010145365,46.484821305287
30.7054120331362,46.3856875798356
30.7466889888371,46.4696864952451
30.6433511850454,46.45361970332
30.7517005970721,46.4264716827872
30.7600930933495,46.4815521719244
30.7103950778009,46.4518798838585
30.7092083912914,46.4473351227832
30.6946565505926,46.4402103191971
30.7998016493748,46.5697719937009
30.645934889809,46.442079680542
30.7214284059824,46.499934525015
30.6831713986635,46.4577254613461
30.7045784962225,46.3848635495218
30.6909328997072,46.4944685772134
30.6768692363909,46.442777767358
30.7130047494466,46.4229794495144
30.6416867079062,46.4510864398228
30.7144614915294,46.4310974075397
30.6460075970787,46.4423927400935
30.7694203973805,46.4375691041304
30.7520199897213,46.4376050879869
30.6899487548776,46.4943966095004
30.6405389717198,46.4402139175828
30.7058586635074,46.4719210927335
30.6946799207865,46.441987921708
30.7981215921064,46.5699393186336
30.6934438972011,46.3377804724907
30.8053170151214,46.5842159136981
30.6821041598114,46.3348999647782
30.7069518692416,46.3958206338246
30.7500672801914,46.378363065846
30.6425773719604,46.450591661796
30.6937165494625,46.4743266135402
30.7113428689956,46.3935644460224
30.6709695607899,46.4911292753306
30.6731767457639,46.3364166843295
30.7145056352289,46.4857784758698
30.7195406136577,46.555664522762
30.7290315090456,46.4847475383812
30.6566306485239,46.4708559705812
30.7121244721452,46.3906965326597
30.7304441074289,46.435724931485
30.7370448888451,46.4831858390093
30.7568368463409,46.4656832912101
30.7234797896641,46.5016365614272
30.7364762141283,46.4813182768572
30.7127450806261,46.4737418758722
30.680855152785,46.3471902509642
30.8080253609189,46.5828521255369
30.7126567932272,46.4854204364977
30.7307894669602,46.4699905588325
30.6442989762401,46.4374269678972
30.7406932357726,46.4763507054681
30.6081790433136,46.5127447779273
30.6985282127057,46.4355881928303
30.6440652743017,46.4537348516608
30.7112182279618,46.4210777026986
30.7101561824861,46.3894892742743
30.6660098863191,46.3327823148235
30.6813744904259,46.4566207569517
30.6589391043378,46.5221347652797
30.7143342538074,46.4166336964214
30.7193951991182,46.3897933378617
30.6902993077852,46.460334290942
30.652546057978,46.3510603147302
30.7577638640299,46.4378983564173
30.6367504036292,46.4419717289725
30.7058430833782,46.4217775887074
30.7220723846572,46.5096105840266
30.7073725327307,46.3813461275494
30.6897877602089,46.4613994130943
30.730026040628,46.5280523104804
30.7055496576111,46.4414265735466
30.7113506590602,46.4656850904029
30.7976360114121,46.5698997363915
30.7220983515392,46.4705357142584
30.6758461412382,46.3271220541968
30.6470099187257,46.4961688144328
30.6721095069118,46.469236697039
30.7688828829222,46.5564417740623
30.7504957337451,46.4812499075299
30.7328979777823,46.4808109044806
30.6157276159245,46.4663777796404
30.7139421538885,46.4338087911266
30.7275462033926,46.4285659432353
30.6333020016935,46.4773204704006
30.7270917829568,46.5057387210677
30.720649399521,46.4885636263625
30.7220152575167,46.5128041512905
30.7073439691605,46.4646829399995
30.6584535236436,46.4914963106669
30.7270086889342,46.4967283634013
30.7540921469086,46.4380512878074
30.6551583263119,46.4413995856543
30.6362855964406,46.444328671573
30.6945319095588,46.4885240441204
30.7330174254397,46.4889522520127
30.7475173323744,46.4386900012602
30.6441769318945,46.4539057749792
30.7611499454488,46.4332312502299
30.6992864456615,46.4502947949799
30.7585350804267,46.4336648557006
30.6958640106078,46.4040465434194
30.7031009806341,46.3826397471904
30.7083722576895,46.3986633584877
30.7144407180238,46.4741862764999
30.744035173492,46.4707480190118
30.655096005795,46.5295420421393
30.7257441017785,46.4884070965868
30.7051108173045,46.5136839565818
30.6709254170904,46.3349341494419
30.6125258993682,46.4989377721901
30.7495089922274,46.5462043668894
30.717019229411,46.4208438076314
30.724531448387,46.5206666239347
30.718746027067,46.495078503581
30.7028880522013,46.382141370778
30.7014001498601,46.3652181630683
30.7102912102727,46.4096276395618
30.7398648922354,46.4763417095039
30.6401546618655,46.4396741597353
30.6422683660641,46.4366029375835
30.7042279433149,46.3836778814503
30.6648803269501,46.3533039081827
30.7114675100294,46.479749380714
30.720166415515,46.4344025247588
30.7028776654485,46.4476661742629
30.7021921397625,46.4788030052882
30.7486624718727,46.4452912397342
30.6156652954076,46.4885474336271
30.7050484967876,46.3897609523908
30.705928774089,46.3915781371438
30.7463644028116,46.4683442973979
30.6946513572162,46.4890044286046
30.7667535985944,46.5593438720886
30.7539908760686,46.4492332712133
30.6980374386351,46.4302247990197
30.638295433111,46.4719606749756
30.8106843696404,46.5832911285862
30.747410868158,46.4738966064551
30.6454570991794,46.4478370975813
30.7197898957253,46.4707714085185
30.7058067297433,46.4026989479937
30.7351622898968,46.4468043608998
30.6120844623734,46.5146015449225
30.6560282168604,46.4509119181188
30.8063712705325,46.5789586722641
30.8074982332133,46.5759630162109
30.7236200108272,46.4944847699488
30.8005209320075,46.5699807000686
30.6509439013558,46.3736743693446
30.7416254468381,46.4366928972247
30.7358348321418,46.385980848266
30.7647022149127,46.4765486166788
30.7072816486436,46.4221338288867
30.7124127045359,46.4341290474494
30.7332069836787,46.4315382097818
30.6444210205857,46.4380908700495
30.6135697680264,46.4927449504873
30.7097199388677,46.420581125479
30.6822391875981,46.4594544856507
30.6106381070434,46.4921800039403
30.7115142504171,46.4094117364229
30.6407986405402,46.5333959131699
30.7683323850228,46.4384165239508
30.63653228182,46.4411171123808
30.6450727893251,46.4392711405426
30.7000914190049,46.4428659278065
30.8062050824874,46.5908369432932
30.711576570934,46.4298307757911
30.6857992471266,46.4809224544358
30.7366839491847,46.4651795172191
30.7570212112034,46.4371534905878
30.6449273747856,46.4369501817986
30.7099822043764,46.4020854232404
30.6796217258878,46.4659801580261
30.7268009538778,46.5538419404305
30.6896683125515,46.3467278584082
30.7533572841467,46.4650481761429
30.7459203691286,46.4736932976659
30.7126282296569,46.4113314751669
30.6551011991714,46.3929905035113
30.7333134478951,46.4468403447563
30.7107586141496,46.4280729644013
30.7128853017892,46.4847439399956
30.7131683408035,46.4923905095008
30.7254273058176,46.4738948072623
30.7154767966174,46.4185264472731
30.7058093264315,46.4224648803665
30.682301508115,46.4517125589258
30.6872741660268,46.4589453140813
30.7301247147798,46.3872042993868
30.7471771662196,46.4723654933612
30.7138434797367,46.4163602191121
30.6978634605254,46.4272597292445
30.7933358957453,46.5674942155848
30.694648760528,46.440334463502
30.8062024857992,46.5742501846417
30.7236355909564,46.4983566329077
30.7630117708915,46.4486485335452
30.6448209105692,46.4510468575806
30.7150872933867,46.5508570795342
30.6174076731929,46.4871566575736
30.7060508184346,46.4218585523845
30.7333134478951,46.4520238192845
30.7107274538911,46.4279740087959
30.7091928111622,46.4796342323733
30.7300935545213,46.459461682422
30.7042357333795,46.3814522799261
30.6150550736795,46.5002925643871
30.7163311070367,46.4824589651081
30.7468084364946,46.4643770772193
30.7041760095508,46.441063136596
30.8082720462983,46.5830482375548
30.7096238614042,46.4749419374863
30.6453973753507,46.4440533950708
30.7450400918272,46.4722305538994
30.7102574533261,46.3892715719425
30.7246768629264,46.5005426521898
30.7420409169508,46.4592889599109
30.8064102208556,46.5752775237447
30.6436264339951,46.4368206399153
30.7213660854655,46.4203130457481
30.7276604576736,46.3881848594763
30.719480889829,46.4117830725659
30.7619289519102,46.4555790243062
30.6951083743402,46.3644229198397
30.7155910508984,46.4860519531792
30.7297352115491,46.5135544146984
30.7218101191485,46.4072275163336
30.6461114646069,46.4374827428748
30.7475796528913,46.4720308434958
30.7084008212598,46.4206746835059
30.6420606310077,46.4375043331887
30.6909588665892,46.4621190902242
30.6723743691086,46.4651435333626
30.6232242547713,46.4440839813488
30.6609826979549,46.447090432559
30.6380825046782,46.4438788733668
30.7625651405203,46.449791020989
30.7082995504198,46.4477597322898
30.6900707992232,46.4523998505849
30.7108572883014,46.5410568762177
30.6935555547939,46.3659612297049
30.6342783564584,46.4380980668208
30.6472254438467,46.4779681798175
30.7113143054254,46.4794381203553
30.6453012978871,46.4755770525534
30.7601813807484,46.4561547660101
30.7204832114759,46.3842284344547
30.6967339011563,46.5096249775692
30.7237212816671,46.4618114282512
30.705308165608,46.5127249868062
30.6736285695115,46.333752079756
30.7181981258559,46.3833540267419
30.7001485461454,46.4788407883375
30.6393289150164,46.4444995948913
30.7415631263212,46.4791196632254
30.71122082465,46.483322577664
30.7192342044495,46.4955498921011
30.720522161799,46.4095322823421
30.6937710799148,46.4504225376704
30.7129294454887,46.469483186456
30.7376732873906,46.4768400859164
30.6124142417754,46.5143784450122
30.6130452370091,46.4957082210697
30.7077931962199,46.3967939971428
30.7459930763983,46.4376014896012
30.71101828297,46.4054822992936
30.7499166722755,46.4434218783893
30.7327084195434,46.4752388043024
30.7510799885912,46.406730939114
30.7231006731862,46.51584838555
30.7106781168152,46.4095610694273
30.6157483894301,46.4823600095028
30.7537857377004,46.465139934977
30.7331550499146,46.4730311947064
30.7023401509901,46.423907833012
30.8087160799813,46.5775031252689
30.6891567649752,46.3346750656751
30.6328449845694,46.5037704041174
30.6953940100427,46.4321391401852
30.7303973670413,46.5023994191849
30.7530041345508,46.4235947734604
30.7225294017812,46.4815593686957
30.7554138612047,46.4399224483451
30.7130203295758,46.4906057102186
30.7099432540533,46.4795424735392
30.6664123729908,46.4661312902234
30.7554735850334,46.5514256244668
30.6085529664151,46.4943354369444
30.734162564938,46.446700007716
30.7437365543485,46.4896485396359
30.7925101488962,46.5601499104741
30.7221191250449,46.4068676777687
30.7221165283567,46.41600217974
30.718694093303,46.4316209726517
30.7264166440235,46.4659369773983
30.7107118737619,46.4173209880805
30.705827503249,46.4415956976722
30.6141592162489,46.4679826596401
30.6477811351225,46.3586996874642
30.7239887405522,46.3931128486234
30.6438938928802,46.4374557549824
30.8155843202826,46.5830122536983
30.7346715158261,46.4707012399983
30.6451974303589,46.4415615130085
30.6609281675026,46.3397218015486
30.6915301379942,46.4274630380337
30.7314412356995,46.4701218999087
30.7592673465004,46.4344726932789
30.7110001061526,46.4148273068254
30.7503866728406,46.4688282802677
30.7288004037954,46.3880948998351
30.6463971003094,46.4735025832265
30.6634807120078,46.4921494176623
30.6841685269341,46.4852369188295
30.7431185425558,46.4737670645717
30.712451654859,46.4773204704006
30.7195769672925,46.4116625266466
30.6715148653129,46.4680006515683
30.733630243856,46.4365075803637
30.688837372326,46.4773690486069
30.7153859125302,46.4200251748961
30.7232149274672,46.4799221032252
30.7056924754623,46.3896044226151
30.7057210390326,46.4068262963337
30.6446287556421,46.3873446364272
30.7095693309519,46.4034204243164
30.7413476012002,46.4710862672628
30.706640266657,46.4476823669983
30.7459697062045,46.4550122785664
30.6427565434465,46.4370365430542
30.6360830547606,46.4438554838601
30.6831999622338,46.3803295836034
30.7772909593288,46.5751893632963
30.6385602953078,46.4462610046668
30.6624004897146,46.4470724406307
30.7667899522292,46.4570453664584
30.7142797233551,46.4772197156024
30.7106859068799,46.3918012370541
30.7092551316791,46.3914557920318
30.7273852087239,46.496444090935
30.7704045422101,46.5629314625812
30.7205117750462,46.498086753984
30.6405986955485,46.4431843849364
30.6439977604084,46.4445193860124
30.6537794848752,46.4685368110301
30.7423914698585,46.4553001494184
30.6536808107235,46.3490560139235
30.6638935854323,46.4697458686084
30.7429263876286,46.4753233663651
30.7201560287622,46.4342927739965
30.6460932877895,46.4374269678972
30.7550607116089,46.40862009158
30.718605805904,46.4524196417059
30.7112467915321,46.40766472019
30.8113595085736,46.5804070224881
30.7122179529206,46.4881857958693
30.69074074478,46.4822934393682
30.715027569558,46.4422182183895
30.7240017239932,46.4815197864536
30.7978203762747,46.5766665006054
30.7533339139528,46.4358724652966
30.7218360860306,46.4161731030583
30.704407114801,46.383229882437
30.6664175663672,46.4695173711196
30.7284472541996,46.4290949059257
30.7324851043578,46.4562195369518
30.7742580275058,46.5875965970158
30.6919611882362,46.338178094105
30.71132209549,46.4092300179476
30.7096939719857,46.4321049555216
30.7081775060742,46.421720014537
30.6835479184532,46.3464022045069
30.6862458774978,46.4747206367688
30.7082606000967,46.3961444885331
30.6455090329435,46.4438842709453
30.6263584574343,46.4339869112163
30.6426526759184,46.454328585293
30.614579879738,46.4529540019749
30.7587090585364,46.4357339274491
30.6896683125515,46.3419510014585
30.7252715045253,46.4740477386524
30.7125451356344,46.3813101436929
30.7115142504171,46.4748447810737
30.7453257275297,46.4324234126515
30.7083956278834,46.4217254121155
30.7415553362566,46.4624105594618
30.7103924811127,46.4607193182065
30.7959689375848,46.5701750128936
30.7039812579355,46.4859781862733
30.714266739914,46.4648430681609
30.6201004388611,46.4569608043956
30.7133734791717,46.4332780292433
30.62318270776,46.485181143852
30.6889672067363,46.4633317461881
30.7216309476624,46.4097068040461
30.7324799109814,46.4568780415257
30.6832856529445,46.4565739779383
30.6549272210617,46.3497451047753
30.7258791295652,46.4135498799198
30.7251728303735,46.3698007071929
30.7125269588169,46.4796306339876
30.6393185282636,46.4517503419751
30.7344819575871,46.4879069209815
30.7339288629996,46.4232097461959
30.7033113123787,46.3829797946343
30.7646243142666,46.4775399719252
30.7402050583902,46.4798969145257
30.6466022386776,46.4376986460137
30.7526328081376,46.4322776780327
30.6517229078172,46.3513283944611
30.7141343088156,46.4932235357787
30.7330356022572,46.4734432098632
30.7183591205246,46.3763857529316
30.729226260661,46.4900497596358
30.7060248515525,46.4021789812673
30.7252663111489,46.4750876721051
30.7138928168126,46.3898185265612
30.7352064335962,46.5609199650031
30.6374541061327,46.4507319988363
30.7024621953358,46.4327796528308
30.6196538084899,46.4488122600923
30.7017532994559,46.3685628625295
30.7288809011297,46.390673143153
30.7286342157503,46.5083439522779
30.6561216976358,46.3501013449546
30.7406179318147,46.4616980791032
30.6734753649074,46.474123304751
30.7020752887933,46.349984397421
30.7021843496979,46.5062784789151
30.7610954149965,46.4338933531894
30.6154861239214,46.4844218844799
30.7576314329315,46.4400375966859
30.7105976194809,46.3974021243176
30.7414956124279,46.4709927092359
30.6905797501113,46.4594868711216
30.705814519808,46.3905939786687
30.7435418027331,46.3944730383989
30.6403416234162,46.534667942497
30.6363271434519,46.438229407897
30.6919222379131,46.3422604626243
30.7126775667328,46.3983143150797
30.6373995756804,46.4609694060092
30.6164131416105,46.4866168997261
30.7237758121194,46.4780023644812
30.7131917109973,46.398897253555
30.6549557846319,46.3501841078246
30.7936916420293,46.5665766272441
30.7157182886204,46.4692798776668
30.6920520723234,46.3424781649561
30.7438248417474,46.3824886149932
30.8081603887055,46.5916519776428
30.6352183575885,46.4828781770363
30.7458061148476,46.4691395406264
30.615784743065,46.5189250052804
30.7122283396734,46.4439940217076
30.6846644943812,46.3430503082744
30.7584909367272,46.4370671293322
30.634501671644,46.4368170415296
30.692846658914,46.4805896037632
30.6464853877084,46.4428065544432
30.7118518198837,46.4839972749733
30.63962753416,46.5320591129011
30.7092343581735,46.4608758479823
30.7382601389249,46.4851559551524
30.7156715482328,46.4063207231499
30.7161363554214,46.3909898010901
30.7445545111329,46.4545139021539
30.7060222548643,46.4458813749808
30.7277227781905,46.4706580593705
30.6513827416623,46.3688993115877
30.7371331762441,46.4674069179362
30.7204546479057,46.398825285842
30.7337704650191,46.4734036276211
30.7058249065608,46.4030461922089
30.637851399428,46.4642997119278
30.7261777487087,46.43719307283
30.7367800266483,46.4852657059147
30.6172285017068,46.4753791413427
30.6884115154605,46.346781834193
30.7139343638239,46.4690657737206
30.7268476942655,46.5537411856323
30.721321941766,46.4117542854807
30.6730027676542,46.449564322693
30.6774534912369,46.33400936433
30.7447804230067,46.4707570149759
30.7439442894048,46.4723798869038
30.6882193605333,46.3505349504254
30.752232918154,46.5484695506557
30.7054561768357,46.4035427694285
30.6378929464393,46.4776569194588
30.631024706138,46.4233410872722
30.7319190263292,46.4860051741657
30.8084044773968,46.5934025922613
30.663153529294,46.5417441678768
30.7223034899074,46.4155325904127
30.7475978297088,46.3755455298824
30.6986165001047,46.3505097617259
30.7345416814159,46.4628657552465
30.6911432314518,46.3489714518607
30.6933478197375,46.3547234713214
30.7931904812058,46.5673178946879
30.7407945066126,46.4620327289686
30.6359636071032,46.4494707646661
30.7940344048723,46.6007558933361
30.759908728487,46.4576678871758
30.7064429183535,46.403127155886
30.7063883879012,46.448630541617
30.6855032246713,46.3809287148141
30.7068505984016,46.3886130673686
30.7957196555171,46.5728863964806
30.7358815725294,46.4721118071729
30.642774720264,46.4442441095102
30.8081967423404,46.5762886701122
30.7088422582546,46.3959051958874
30.6422735594405,46.4368404310363
30.7081904895152,46.4769606318357
30.7496777769607,46.4599132798211
30.6491599765592,46.4434632598243
30.7502412583011,46.4268477140876
30.6523694831801,46.4944307941641
30.7575249687151,46.5517602743322
30.6429045546742,46.4372056671798
30.6273841492751,46.4959942927288
30.6858330040733,46.4925074570344
30.7128541415307,46.4151367679912
30.7120595549401,46.3813875089844
30.7317528382841,46.4861275192778
30.7413735680823,46.4631950075334
30.8028138076922,46.584852827958
30.7022778304732,46.3533057073755
30.7689452034391,46.5556879122687
30.7399194226877,46.4828943697717
30.6991358377456,46.4098093580371
30.6983386544668,46.4056298331052
30.7242224424906,46.3985320174115
30.7489610910162,46.3886958302386
30.7064455150417,46.4465794617968
30.6543741264741,46.3497289120399
30.7242250391788,46.4226573939987
30.6170363467796,46.4761743845712
30.6924883159418,46.4515632259213
30.7112675650377,46.4459497443081
30.6426293057245,46.4451005252948
30.6907043911452,46.3421597078261
30.7245989622803,46.476474849773
30.7049757895179,46.51386747425
30.7227033798909,46.4167668366905
30.6987047875037,46.371330021094
30.7426459453025,46.4457266443978
30.6190124265033,46.4697260774873
30.7005562261936,46.3956407145421
30.7133371255368,46.4840602467222
30.7677870804998,46.5845703546846
30.7340119570221,46.4890494084252
30.7455464460271,46.4550824470866
30.7035346275643,46.4932271341643
30.7673690136989,46.5842914797967
30.6977725764382,46.4568798407185
30.6891983119865,46.4525329908539
30.7051108173045,46.3853331388491
30.6410193590376,46.3943938739146
30.7366969326257,46.4714209171282
30.7360295837571,46.4660899087885
30.6410583093607,46.443107019645
30.6462542824582,46.4431627946225
30.7110364597875,46.4720542330025
30.7313062079129,46.420775438304
30.6607723662103,46.4474448735455
30.750545070821,46.4080425506832
30.715484586682,46.4982037015176
30.7028932455777,46.3720820836947
30.7157338687497,46.379440782348
30.6995694846758,46.435159984938
30.7044902088236,46.4904725699496
30.7311452132442,46.4754205227777
30.7426667188082,46.4197624927437
30.7108546916132,46.3910977526596
30.7130411030815,46.452306292558
30.761482321539,46.4141040313098
30.6471942835883,46.4462951893304
30.797773635887,46.5770731181838
30.7068038580139,46.367715442709
30.7506255681554,46.4362359022472
30.7064091614068,46.4662950167705
30.6935373779764,46.365723736252
30.7242587961255,46.5090852197217
30.7514850719511,46.4613256461885
30.6454986461906,46.4438069056538
30.7134877334527,46.4107773237769
30.7360451638863,46.4783568054677
30.7300961512095,46.4790764825976
30.71101828297,46.3986903463801
30.7611161885021,46.4401617409908
30.7275617835218,46.4694472025995
30.7239471935409,46.4324198142659
30.6416893045944,46.4512807526479
30.7233733254477,46.3809628994778
30.6947110810449,46.4886877706674
30.69363345544,46.4902890522815
30.6423930070979,46.4374125743546
30.7575145819623,46.4401959256545
30.7243548735891,46.3940844127487
30.6142475036478,46.4849220600852
30.6199550243216,46.4998697540733
30.7368085902185,46.4318278798265
30.710548282405,46.3894352984896
30.7009587128653,46.4771603422392
30.7051082206163,46.4897798807121
30.7458035181594,46.4382438014396
30.7056223648808,46.4219844958823
30.6933582064903,46.3658406837856
30.7077672293378,46.4807875149739
30.6463036195341,46.3951927155288
30.745024511698,46.4389778721121
30.7513474474763,46.5478902105662
30.7265101247989,46.3910779615386
30.7113792226305,46.4092084276337
30.7052406517147,46.3857307604634
30.7245522218926,46.4236973274515
30.7305323948279,46.4699329846621
30.7443675495822,46.3864882206426
30.7262790195487,46.4969136802622
30.7334978127576,46.4893822590978
30.7272709544429,46.4219197249406
30.8156024971,46.5891798867016
30.7583325387467,46.4578837903147
30.6911769883984,46.4751128608046
30.7219996773875,46.4066355818943
30.7393195877124,46.4580547136331
30.725876532877,46.476669162598
30.6742154210457,46.4901882974833
30.7359724566166,46.4470526495097
30.7105976194809,46.4795784573957
30.6672303297752,46.5199127621412
30.7688465292873,46.5917869171047
30.7469876079807,46.4682597353351
30.6821690770165,46.4568204673553
30.6425202448199,46.4542746095083
30.6449507449795,46.4778062524633
30.796415567956,46.5718824468844
30.6127673913712,46.4963271434014
30.734276819219,46.4758829153336
30.7573354104762,46.4328714116649
30.7484495434399,46.4389976632332
30.7616692830897,46.4147607366909
30.7128125945195,46.3989494301469
30.743261360407,46.3822151376838
30.6959471046303,46.4701920684289
30.8072281776401,46.5776020808743
30.7147575139847,46.4577974290591
30.695105777652,46.3656139854897
30.626786910988,46.4339581241311
30.6475448364959,46.3822457239618
30.7025115324117,46.4044693537332
30.7525601008678,46.4673187574878
30.7246145424095,46.5015286098578
30.6932829025324,46.4048849672758
30.7763405714459,46.5651498673341
30.6871209614228,46.4646343617932
30.7238822763358,46.3851964001944
30.7296754877204,46.4813236744357
30.6542416953757,46.3492269372418
30.7026855105214,46.4335263178531
30.7656058624079,46.5763786297534
30.7702175806594,46.5563374208784
30.7170763565515,46.4742888304909
30.7278240490305,46.4290427293338
30.7164479580059,46.418157612744
30.7404906940927,46.4740837225089
30.7103743042953,46.4520202208988
30.7286653760088,46.4621082950673
30.7231422201975,46.3887282157094
30.6147330843421,46.4902746587389
30.7445493177565,46.4680132459181
30.6928933993017,46.475242402688
30.698112742593,46.4924696739851
30.6998109766788,46.4781984764991
30.7083878378187,46.47878501336
30.6545714747776,46.3495975709637
30.7048277782902,46.4237980822496
30.7076867320035,46.4803647046601
30.6588638003799,46.3708766245021
30.6990527437231,46.5037901952385
30.720420890959,46.4062757433293
30.6287811675292,46.4920936426847
30.6849501300837,46.3856713871002
30.6619330858378,46.4470958301375
30.7105404923404,46.3890556688035
30.7072608751379,46.4115059968709
30.7257103448319,46.4383949336369
30.7450452852036,46.4624429449327
30.6406194690541,46.4416442758784
30.8006845233644,46.5673844648224
30.6502687624226,46.4713651421507
30.6903252746673,46.4342675852969
30.648967821632,46.3637518209161
30.7049835795825,46.5122320079723
30.7098341931487,46.3986597601021
30.7490701519208,46.4609586108522
30.7367670432072,46.4827162496821
30.6815770321059,46.3468142196638
30.8141119980706,46.5799320355823
30.7803680348513,46.5731850624895
30.7238640995184,46.4755068840333
30.8121956421755,46.5955454309156
30.7242458126845,46.4176268508607
30.6727015518224,46.5290076818703
30.7146484530801,46.4309930543559
30.7231603970149,46.4254947210834
30.7301247147798,46.5582607580081
30.7044564518769,46.5126332279722
30.7611213818785,46.4341632321131
30.69776997975,46.3785213948146
30.6442158822175,46.4374341646685
30.6894424006777,46.4530907406296
30.7186888999265,46.4872646091431
30.727577363651,46.4218225685281
30.714025247911,46.4680492297746
30.7167881241608,46.4260398765093
30.7121530357155,46.381257967101
30.7410567721213,46.4842113789194
30.7185824357102,46.4174397348069
30.692758371515,46.3515676871068
30.7245236583224,46.3859052821674
30.6887309081096,46.3783576682675
30.7273073080777,46.4629395221523
30.8089497819197,46.5841331508281
30.7213712788419,46.4538158153379
30.7202209459673,46.4120619474537
30.7335783100919,46.4519716426926
30.7219840972582,46.5376276146937
30.6638909887441,46.5424818369349
30.8031513771588,46.5722314902924
30.6448442807631,46.4405449690625
30.7127866276374,46.557235218098
30.7000914190049,46.3955327629727
30.6453454415866,46.3502290876452
30.7400077100866,46.4695461582048
30.7050173365291,46.3881272853059
30.6405493584726,46.441032550318
30.7107248572029,46.3893255477272
30.6405493584726,46.4505484811682
30.7652605028767,46.4370635309466
30.7261595718913,46.4388285391077
30.7294313990291,46.3873932146334
30.7097588891908,46.4051296574999
30.8140756444357,46.5939405509159
30.7035476110053,46.4430872285239
30.746065783668,46.444719096416
30.721651721168,46.4981137418764
30.656454073726,46.486535936049
30.7146536464565,46.3912057042291
30.7242198458024,46.4146509859286
30.720407907518,46.4581032918393
30.7442662787422,46.4540856942617
30.7075932512281,46.4222939570481
30.7144043643889,46.4610791567715
30.6542287119346,46.3496983257619
30.7044304849949,46.3645668552657
30.7044590485651,46.3831273284459
30.7624742564331,46.4335425105885
30.7258038256073,46.3992588913127
30.7020830788579,46.3477012217264
30.7498205948119,46.4434236775821
30.6512970509516,46.347161463879
30.75994767881,46.4309066931003
30.6906862143277,46.4776533210732
30.711348062372,46.4880778442998
30.8075345868482,46.5775714945962
30.7233084082426,46.3887713963372
30.6381785821418,46.4740045580246
30.7528223663765,46.4702136587428
30.6904603024539,46.4977970839392
30.6454726793086,46.4369555793771
30.7621340902783,46.4163314320269
30.7311789701909,46.3899246789379
30.6816237724936,46.3908836487135
30.7740970328371,46.5798582686765
30.7151574039682,46.4817302920141
30.7092810985611,46.4221698127432
30.6873001329089,46.4895351904879
30.7307920636484,46.4700319402675
30.6440341140432,46.4428137512145
30.7162480130142,46.383332436428
30.697338929508,46.4709081471732
30.7513110938414,46.4610359761437
30.7628975166105,46.5537177961256
30.6745659739533,46.3427174576018
30.6640234198425,46.471300371209
30.6689363539257,46.4707444206261
30.7677792904352,46.4396219831434
30.7123477873308,46.4108007132836
30.710878061807,46.4095826597412
30.7083540808721,46.4315490049387
30.6422346091174,46.5355891292233
30.7668107257349,46.5570085198021
30.6509802549906,46.3458642458523
30.6412426742232,46.4365435642202
30.7521705976371,46.4676929895953
30.7212933781958,46.47012909668
30.7616069625728,46.4140698466462
30.6741738740344,46.4453686050257
30.7235784638159,46.5328057779234
30.7136175678629,46.4602587248434
30.7117090020325,46.4847097553319
30.6365816188959,46.438157440184
30.658269158781,46.4916150573933
30.7359802466812,46.447182191393
30.7735465349377,46.5597882727163
30.7083956278834,46.3973391525687
30.804156295494,46.5700184831179
30.732931734729,46.3903834731082
30.6340005108205,46.4442171216178
30.6910393639236,46.4339725176737
30.6446858827826,46.451453475159
30.7074789969471,46.4029508349891
30.6500168836667,46.4433373163265
30.7690724411611,46.5717852904718
30.7325552149393,46.4742042684281
30.6673601641855,46.4929878415186
30.7126308263451,46.4854834082465
30.8120190673776,46.5788093392597
30.6930985376698,46.3432464202923
30.6944280420306,46.4114898041355
30.7545361805916,46.4664371530036
30.7195769672925,46.4741358991008
30.6815822254823,46.4596308065476
30.8150208389422,46.593888374324
30.6125544629384,46.4876334436721
30.7229942089698,46.5417531638409
30.7039267274832,46.433157483324
30.7517057904485,46.4263835223388
30.7408100867418,46.4335964863733
30.8148520542089,46.5915044438312
30.6085685465443,46.4942238869892
30.6420190839964,46.4715468606259
30.7440377701802,46.4568582504046
30.6422631726877,46.4504297344417
30.6125310927446,46.5147940585547
30.6401936121886,46.4394168751614
30.7189096184239,46.4740441402667
30.6505673815661,46.5261811499426
30.7342041119493,46.3938739071882
30.7538558482819,46.4650121922864
30.6491392030535,46.3649284930235
30.6806707879224,46.4606383545294
30.7037137990504,46.4797421839427
30.8049197218261,46.5723502370188
30.7231967506498,46.3896889846778
30.7066714269155,46.4642907159637
30.7548373964233,46.4648988431385
30.7485430242153,46.4650355817931
30.8073268517918,46.5917545316338
30.7312776443426,46.4717231815228
30.7011300942868,46.4786572706694
30.6880739459939,46.4794453171266
30.7493869478818,46.4471390107653
30.7485923612911,46.4536035105846
30.6603672828504,46.48576588152
30.7546530315608,46.4048813688901
30.6400923413486,46.4391487954305
30.6440367107314,46.5336190130802
30.6913457731317,46.3686024447717
30.6841113997936,46.3669417897944
30.7046901538153,46.3810312688051
30.7199041500063,46.3985464109541
30.8036083942828,46.5736708445522
30.741687767355,46.4724734449307
30.6153095491235,46.4874985042103
30.7079256273183,46.4683604901333
30.6777806739507,46.4880814426855
30.7195120500874,46.4137244016238
30.6899331747484,46.4681193982948
30.7456632969963,46.4638733032283
30.791315672322,46.5790504310982
30.7129112686712,46.3930696679956
30.6846125606171,46.3804969085361
30.6672770701629,46.4978006823249
30.6874974812124,46.3394699145531
30.7248820012946,46.4174775178563
30.7111766809505,46.3925856851257
30.6356805680889,46.4392711405426
30.6448520708277,46.4426968036809
30.7001251759516,46.442921702784
30.7977450723167,46.5697701945081
30.6547402595109,46.3494626315019
30.7072426983205,46.4849310560493
30.685575931941,46.4898374548825
30.6462153321351,46.4477003589266
30.6935140077826,46.4900299685147
30.7358815725294,46.4931515680657
30.732069634245,46.4702064619715
30.8108116073625,46.5821846249989
30.719748348714,46.4467629794649
30.7494440750223,46.4688570673529
30.7096939719857,46.4039475878141
30.7095277839406,46.4642493345287
30.6930050568945,46.4328138374945
30.7335263763278,46.4895010058242
30.7135448605932,46.3935248637802
30.7021635761922,46.4565092069966
30.7169828757761,46.4758901121049
30.7177411087319,46.4678926999989
30.7224307276294,46.5214618671633
30.7059729177884,46.5117750129948
30.7127320971851,46.3875173589384
30.6495702532955,46.529380114785
30.7195094533992,46.4312701300509
30.7271774736675,46.4143847053905
30.7039864513119,46.4607175190137
30.7420798672739,46.4848303012512
30.7483067255886,46.4446003496895
30.8097573519514,46.5808262344162
30.7133475122896,46.4167488447622
30.7077256823266,46.4341308466422
30.7170036492817,46.469502977577
30.6617902679865,46.4472451631419
30.7098679500954,46.464533606995
30.7228228275483,46.4888730875284
30.61759982812,46.4863200329101
30.6431668201829,46.4449781801827
30.6087269445248,46.486607903762
30.6447585900523,46.4427669722011
30.7343209629185,46.4811059721039
30.7330693592038,46.4717285791013
30.6669784510194,46.4656113234971
30.7564603265512,46.551393238996
30.6492248937643,46.3649284930235
30.7260453176103,46.4946305045676
30.6953472696551,46.3433093920412
30.6463996969976,46.4384507086145
30.714557568993,46.3815008581324
30.7113532557484,46.3975334653938
30.7318670925651,46.4567035198217
30.7118881735186,46.4103617102343
30.6880220122298,46.3489804478248
30.7238277458835,46.3913694307762
30.7359672632402,46.4813020841218
30.7063805978366,46.3885285053059
30.6573810914151,46.47282968511
30.7931489341945,46.600993386789
30.6304716115504,46.4208204181247
30.6919819617418,46.4745011352442
30.6608788304267,46.3397164039701
30.6182412101066,46.4696235234963
30.7750681942256,46.5587177529856
30.7250533827161,46.5206792182845
30.7039189374186,46.3893435396555
30.637103553225,46.4497676314822
30.8127669135806,46.5813659922637
30.70325158855,46.3655168290772
30.6804318926076,46.487336576856
30.7296261506445,46.4534325872663
30.665615189712,46.3326563713258
30.716271383208,46.4796198388307
30.7116077311925,46.4083718029702
30.7248118907131,46.4980903523696
30.7109092220655,46.4608200730047
30.6438107988576,46.4448450399137
30.7109273988829,46.3908188777718
30.679167305452,46.4907208585594
30.7404673238988,46.4681697756939
30.63797863715,46.4382348054755
30.7248041006485,46.4806525755121
30.64873931307,46.4498881774015
30.6893774834726,46.4798231476198
30.7077880028435,46.4793553574854
30.7120517648755,46.4109518454809
30.7230876897452,46.47163861946
30.7613654705698,46.4337044379428
30.7088370648781,46.4754043300422
30.6498766625037,46.3891042470098
30.7721988537595,46.5666018159437
30.7306959861848,46.3870927494317
30.7191848673736,46.4680708200885
30.6986113067283,46.4362646893324
30.7066999904857,46.3959843603717
30.7492986604828,46.4591558196418
30.7468032431182,46.4277814951637
30.6358753197043,46.4439868249363
30.6911432314518,46.4945477416977
30.728821177301,46.4913955558687
30.7279694635699,46.5409363302985
30.7100652983989,46.4399296451164
30.7557566240477,46.4290319341769
30.7076971187563,46.4946143118322
30.7111507140685,46.3997266814472
30.7423629062882,46.3900092410006
30.6643142489214,46.3563517408279
30.7047888279671,46.5128023520977
30.7141940326443,46.4149982301437
30.6608087198452,46.4856237452869
30.7230019990344,46.4768148972168
30.6328891282689,46.4742726377555
30.6201341958077,46.4305324609927
30.7133812692363,46.4855247896815
30.6510192053137,46.526629148956
30.7947900411399,46.5660098815043
30.6143435811114,46.4863740086948
30.7730713409963,46.5685791288581
30.7278214523423,46.3872060985797
30.6244057479044,46.5221905402573
30.6734260278315,46.3301321037926
30.7069778361236,46.5579207105642
30.7039085506657,46.4439832265506
30.7246976364321,46.3867940834228
30.7489766711454,46.4386036400046
30.7477328574954,46.4654116130935
30.7142823200433,46.4194224452998
30.7618977916517,46.4533624187461
30.7242302325552,46.4771261575755
30.7279642701935,46.4803683030458
30.7410801423151,46.4601147894174
30.7006159500223,46.4261568240429
30.793509873855,46.578805740874
30.7177359153554,46.3828790398361
30.6505492047487,46.4970018407107
30.7232382976611,46.4927485488729
30.7565122603153,46.4527075125579
30.7260868646216,46.4733280615225
30.7249624986289,46.4737562694148
30.7193900057418,46.4956578436706
30.7312412907078,46.475458305827
30.7041889929918,46.5140150080616
30.7104236413712,46.5295420421393
30.7273384683362,46.4219898934608
30.7447726329421,46.4472019825141
30.7231603970149,46.5158213976576
30.6202120964539,46.4403434594661
30.8061167950885,46.5784800869727
30.7253883554945,46.3912614792067
30.7049290491302,46.387828619297
30.6444651642852,46.4370329446686
30.7647671321178,46.4323082643108
30.7087072304679,46.4170475107711
30.6780715030296,46.4681769724652
30.7462267783367,46.4444708078061
30.7480418633918,46.4573386348888
30.750976121063,46.4507661835
30.7339314596878,46.3858728966965
30.7601554138664,46.430991255163
30.7611213818785,46.4343359546243
30.7077490525204,46.4534505791945
30.6408791378746,46.4374161727402
30.7237031048497,46.4149784390227
30.7140070710936,46.4928780907563
30.64201389062,46.4372416510363
30.7487897095947,46.4319322330104
30.7071414274805,46.4023121215364
30.6443093629929,46.4414913444883
30.6416996913473,46.4430836301382
30.7647022149127,46.4298199806341
30.656581311448,46.4707462198189
30.7157676256963,46.3812705614508
30.8116165807059,46.5799482283177
30.6401598552419,46.4543573723782
30.6548181601571,46.4748897608944
30.7399401961933,46.4765504158716
30.710979332647,46.4054805001008
30.7576651898781,46.4536412936339
30.7403998100055,46.4681715748867
30.7231318334447,46.3850092841406
30.7179929874877,46.419656340367
30.731054329157,46.421545492833
30.7409295343993,46.4606833343501
30.7553567340642,46.4504549231413
30.6915457181235,46.4887651359589
30.7038514235252,46.3851676131092
30.750316562259,46.4634001155154
30.7093901594657,46.4309588696922
30.6935036210298,46.3657057443238
30.6822755412329,46.387706274185
30.7231681870795,46.497953613715
30.7066480567216,46.4320221926516
30.7378862158234,46.4289437737285
30.6584249600733,46.4349638729201
30.7260089639754,46.4982630748808
30.7346507423205,46.4730024076212
30.7118414331309,46.3928105842288
30.7222905064664,46.3910869575027
30.7292288573492,46.3875011662029
30.74814573092,46.5617242041958
30.6437095280176,46.4467054052945
30.7222567495197,46.4125441311308
30.7103405473486,46.3892751703281
30.618145132643,46.4700643257383
30.7482184381897,46.378321684411
30.7308673676063,46.4697584629581
30.7388677639648,46.4469824809895
30.7265646552512,46.4173929557935
30.6416269840775,46.4430188591966
30.6667057987579,46.4996970315621
30.805171600582,46.5793832817708
30.6797152066631,46.4598323161439
30.7099666242472,46.4473135324693
30.7327369831136,46.4816331356016
30.8154077454847,46.5908459392573
30.7186759164855,46.4859835838518
30.7192316077613,46.4678837040347
30.7104677850707,46.4776893049297
30.7390157751924,46.4525797698673
30.7608201660468,46.5569545440173
30.7686673578012,46.584555961142
30.7652786796941,46.5546083965738
30.7071414274805,46.4318170846696
30.7493505942469,46.4404352183002
30.7555073419801,46.468835477039
30.6188877854695,46.43957520413
30.7456996506312,46.4721999676213
30.7645048666092,46.4726731553342
30.7125035886231,46.3981919699677
30.7319138329528,46.4745641069931
30.7665562502908,46.4296004791095
30.6491184295479,46.449226074442
30.6973804765193,46.4272723235943
30.6444521808442,46.439389887269
30.6467502499053,46.3745667689857
30.6979413611715,46.4346760020681
30.6360103474909,46.4435981992861
30.7599788390685,46.4811077712967
30.7639050316339,46.4334921331894
30.7044979988882,46.3889459180412
30.69787125059,46.3822763102398
30.7609941441565,46.440478398928
30.7092525349909,46.4052574001905
30.6574901523197,46.5297309573859
30.6426578692948,46.4429918713042
30.7233499552539,46.4111191704136
30.6459712434439,46.4962209910247
30.764528236803,46.5558606347799
30.7541155171024,46.4645084182955
30.7247054264967,46.3989512293397
30.7036488818453,46.476987619728
30.6812913964034,46.4871512599951
30.6946929042275,46.4471048261016
30.7291275865092,46.4634037139011
30.7209402286,46.4749005560513
30.7358711857766,46.481330871207
30.7511994362486,46.4150648002783
30.6616656269527,46.447079637402
30.6850358207944,46.4759944652888
30.6443457166278,46.4381448458343
30.654576668154,46.3497828878247
30.7324383639701,46.4934034550611
30.6150420902384,46.5095925920983
30.6421463217184,46.450940705204
30.6973103659378,46.4274126606346
30.7037942963847,46.4430818309454
30.7060845753812,46.3887695971444
30.7327941102541,46.4830958793681
30.751191646184,46.4153382775876
30.7016312551103,46.479749380714
30.679611339135,46.4867050601746
30.6270777400669,46.493682329949
30.6250782901494,46.5064889844756
30.8107752537276,46.5783505450894
30.7574496647572,46.4343431513956
30.7028776654485,46.4929806447473
30.7065441891935,46.5605367369314
30.7646347010194,46.4776155380239
30.6945059426768,46.3389949276474
30.6971130176342,46.4456420823351
30.6949343962305,46.4592853615252
30.750303578818,46.4382833836818
30.711309112049,46.3894173065613
30.7055860112459,46.4455053436804
30.7348532840004,46.5612923979178
30.7054405967065,46.5139142532634
30.6711902792873,46.3303767940168
30.6172336950832,46.4734378122848
30.6934361071364,46.3761842433352
30.6110146268331,46.4917859807117
30.8141535450818,46.5941564540549
30.7017455093913,46.455868694351
30.6204613785215,46.5271203285971
30.7428588737353,46.4456384839494
30.7125373455698,46.39385591526
30.726105041439,46.4209931406358
30.7192835415254,46.4687725052902
30.7137863525962,46.4848968713857
30.6143617579288,46.5191499043835
30.7431237359322,46.4194584291563
30.7483586593527,46.4324198142659
30.7136720983152,46.3858153225261
30.7189303919296,46.4028860640475
30.6757578538393,46.4683748836759
30.7168945883771,46.4414697541744
30.7980203212664,46.5734477446419
30.7447440693719,46.4678063387433
30.6873312931673,46.3772115824381
30.7188291210896,46.483671621072
30.7306492457971,46.4695281662766
30.7553437506232,46.4346562109471
30.7190342594578,46.4124379787541
30.7443857263996,46.4447928633218
30.702934792589,46.424841614088
30.6447092529764,46.4445607674474
30.654005396749,46.4507589867287
30.7941538525297,46.5702145951358
30.8060830381418,46.5812670366583
30.7298858194649,46.390570589162
30.7032489918618,46.3826181568765
30.6380227808495,46.4103401199204
30.7374863258399,46.4674051187434
30.630936418739,46.4106531794719
30.7125866826456,46.4724788425092
30.7509475574928,46.4274162590202
30.7327733367485,46.480981827799
30.7675923288845,46.5837409267923
30.7383614097649,46.4536808758761
30.746914900711,46.3901243893414
30.7062221998561,46.468846272196
30.7033242958197,46.4429774777616
30.7141317121274,46.4954239486033
30.721994484011,46.3986489649451
30.6365478619493,46.443096224488
30.7332355472489,46.385426696876
30.6752203393809,46.4866366908472
30.7067363441206,46.4635026695064
30.7110312664111,46.4659117886988
30.7225112249638,46.4610323777581
30.7515499891562,46.4687473165906
30.738553564692,46.4826982577538
30.7224904514581,46.5000136894993
30.8115205032423,46.5831867754023
30.7224540978233,46.416207287722
30.7565538073266,46.4362772836822
30.7226514461268,46.5048067391845
30.706170266092,46.4067399350781
30.7400466604097,46.4683371006266
30.7235758671277,46.5018848500371
30.6413309616222,46.4445517714832
30.8095444235186,46.5847574707383
30.7367047226903,46.5569725359456
30.744276665495,46.4808252980232
30.7227345401494,46.4109626406378
30.8146521092171,46.594226622575
30.7061105422633,46.4451563002724
30.6437121247058,46.4444941973129
30.6964924091533,46.4708775608951
30.7447336826191,46.3870963478174
30.7540739700911,46.4494833590159
30.756470713304,46.4378767661034
30.7648995632163,46.4769894189209
30.7029529694064,46.4680420330033
30.7180241477462,46.4714065235856
30.6919793650536,46.4883585183805
30.7487974996593,46.46521190269
30.707273858579,46.5592773019541
30.6349249318214,46.398958426111
30.6403442201044,46.5341083935285
30.7134955235173,46.4614911719284
30.713098230222,46.4192029437752
30.7562603815594,46.4370059567762
30.7090785568812,46.4038108491594
30.6785051499598,46.4998643564949
30.6276905584832,46.4803467127319
30.7443935164642,46.4807623262744
30.6718861917262,46.4627757956052
30.7198210559838,46.5052385454624
30.7523263989294,46.4501922409889
30.7154534264236,46.479923902418
30.6110457870915,46.4723259111191
30.7217737655137,46.4124343803685
30.7307271464432,46.4370995148031
30.6405493584726,46.4524718182978
30.7986720900058,46.5709324730729
30.7310465390924,46.4390966188386
30.7650112208091,46.4758667225982
30.703137334269,46.4412880356991
30.7317424515313,46.4700535305814
30.7070115930703,46.3552056549985
30.6829662602953,46.3457706878254
30.6428370407809,46.450971291482
30.7077075055091,46.3968209850352
30.7441052840735,46.4709765165005
30.6271608340895,46.531598519538
30.8048392244918,46.5742016064355
30.8094769096253,46.5848798158504
30.6769860873601,46.3261954698921
30.759134915402,46.4360361918437
30.6193577860346,46.4637779460086
30.6854928379185,46.484893273
30.7057625860439,46.4422757925599
30.706627283216,46.4639596644839
30.7099094971067,46.3884565375929
30.7528171730001,46.4679718644832
30.7129034786066,46.4860033749729
30.7094213197242,46.4170816954348
30.7267749869958,46.4840062709374
30.7253571952361,46.4763848901317
30.6417100781001,46.4760700313874
30.7244873046875,46.4765630102214
30.7261959255262,46.4220024878105
30.7581741407663,46.4762661434053
30.732830463889,46.4852693043004
30.6149382227103,46.4729034520158
30.7114934769115,46.41711048252
30.6901798601278,46.3442395747316
30.639856042722,46.4416262839502
30.7025400959819,46.4867716303091
30.674168680658,46.4618797975785
30.6933400296729,46.4289329785715
30.741802021636,46.4397929064618
30.6537820815634,46.3689568857581
30.723401889018,46.4870073245691
30.740558207986,46.4529683955175
30.7595659656439,46.4815683646599
30.7450141249452,46.4205667319364
30.6333565321458,46.4455935041288
30.7566187245317,46.4562915046648
30.70728684202,46.4791088680684
30.7249417251233,46.5025667441176
30.7088370648781,46.4310686204545
30.8022633097928,46.5743851241036
30.7240588511337,46.4253399905005
30.7481768911784,46.4330207446694
30.7225371918458,46.4161227256592
30.7588986167754,46.4345050787498
30.7346014052446,46.5269637988214
30.6907848884795,46.3821701578632
30.7657954206469,46.431309712293
30.6699620457665,46.4911814519226
30.6513775482859,46.389307555799
30.7747539949529,46.5585720183668
30.7311374231796,46.5294394881483
30.7391378195381,46.373784120107
30.6182048564717,46.5182754966706
30.7441779913433,46.4324018223376
30.7586856883426,46.4309318817998
30.7232331042847,46.4225746311288
30.752650984955,46.4675238654698
30.6924415755541,46.4750031100423
30.6938230136789,46.4754367155131
30.7029114223952,46.4414157783897
30.7146302762627,46.4496866678051
30.6433148314105,46.454040714441
30.6385473118668,46.4941159354197
30.6779260884901,46.379584717774
30.649957159838,46.5285362933502
30.7610590613616,46.4277221218004
30.7550425347915,46.4060292539123
30.6516605873002,46.4284399997375
30.7524744101571,46.4498234064598
30.7210389027517,46.411279298575
30.8154934361954,46.5825732506491
30.7390703056447,46.4379379386594
30.7219087933003,46.4712607889668
30.6943449480081,46.4876694275286
30.7917571093168,46.569226838275
30.7148847517068,46.4498953741728
30.8073632054267,46.5771055036546
30.7492986604828,46.4586142626016
30.6415620668724,46.4396255815291
30.7045577227169,46.5137487275235
30.7329732817403,46.488948653627
30.7687478551355,46.4395698065515
30.7596282861609,46.4347137851175
30.697312962626,46.4275062186615
30.7013222492139,46.4242820651195
30.7190576296516,46.4060688361545
30.7354790858577,46.4469428987474
30.6923948351664,46.4792204180236
30.725876532877,46.4376122847582
30.7523030287356,46.4252446332807
30.7046330266748,46.3646064375079
30.7094966236821,46.4489543963254
30.704152639357,46.4330711220685
30.7185720489573,46.4925200513842
30.6376774213183,46.5307960795381
30.6426916262414,46.4394744493318
30.7039293241714,46.5587177529856
30.6455947236542,46.4445859561469
30.7622197809891,46.4502768030516
30.6981932399273,46.426966460814
30.6945942300757,46.488117426542
30.7362243353725,46.4713489494152
30.7011067240929,46.3498386628022
30.6813667003613,46.4566873270863
30.7236070273861,46.4446867109451
30.7277617285135,46.3877350612701
30.6422242223646,46.4447838673576
30.7391092559678,46.4472703518415
30.7097069554267,46.4932235357787
30.731371125118,46.4753413582934
30.7076815386271,46.4222471780347
30.6440393074196,46.4417072476273
30.7980956252244,46.5769651666143
30.7110598299813,46.3909016406417
30.6726106677353,46.330610689084
30.70035887789,46.36639123679
30.6859628384835,46.4810645906689
30.7485741844737,46.397376935618
30.7668211124877,46.4475042469087
30.7048407617312,46.3886670431534
30.7120803284457,46.4705141239445
30.7077880028435,46.446043302335
30.7413631813294,46.4689128423305
30.6485004177552,46.363660062082
30.6946124068931,46.441165690587
30.7088838052658,46.3704214287175
30.7234590161585,46.4158420515786
30.7101276189159,46.4169251656591
30.7119504940355,46.4465812609896
30.7450972189677,46.5453605454546
30.7232798446723,46.5241282709296
30.7127372905615,46.484555024749
30.8080253609189,46.5734549414132
30.7400570471625,46.4771711373961
30.7016312551103,46.4474358775813
30.7072011513092,46.4609208278029
30.7077282790148,46.4805734110278
30.7823830648981,46.5760457790808
30.6972428520444,46.4940385701283
30.7294158188999,46.3906695447673
30.6936022951815,46.4889540512055
30.8094821030017,46.5847574707383
30.7472524701776,46.4493124356976
30.7488935771229,46.4580619104044
30.7355751633213,46.4536340968626
30.753679273484,46.549473500252
30.7223424402305,46.5530502955876
30.7481613110492,46.4452300671782
30.6754332678137,46.4867482408023
30.6344705113855,46.399451404945
30.6988502020431,46.4047932084417
30.6409362650151,46.4364500061934
30.7232175241554,46.4927971270792
30.727032059128,46.4903700159586
30.734874057506,46.5272390753236
30.6363193533872,46.4504909069978
30.7825051092437,46.5621919943302
30.6814212308136,46.3327301382316
30.6588638003799,46.3709629857577
30.8093834288499,46.578221003206
30.6544520271202,46.3500185820847
30.7461904247019,46.4518474983877
30.6406999663885,46.4521101805401
30.704926452442,46.386864251943
30.7160195044522,46.4753539526431
30.7036748487273,46.4773942373064
30.6463893102448,46.4393916864618
30.7440195933628,46.4534649727371
30.738667818973,46.468538610223
30.718073484822,46.3836940741857
30.7257804554134,46.4312467405441
30.7014598736888,46.3658029007363
30.7242224424906,46.3986579609093
30.7234616128467,46.4925668303976
30.7492830803536,46.446043302335
30.6621667877762,46.4470940309446
30.6272750883705,46.4278444669125
30.748488493763,46.453004379374
30.6579549595083,46.4948248173927
30.6447663801169,46.4421120660129
30.720851941201,46.4623044070852
30.7646061374491,46.4318710604543
30.617015573274,46.4764496610734
30.6288902284338,46.4655339582056
30.737398038441,46.4851523567668
30.7413034575007,46.4687401198193
30.710434028124,46.3921124974128
30.7681713903541,46.5556033502059
30.7086345231982,46.4707372238548
30.6621538043352,46.4475762146217
30.7197431553376,46.4277005314865
30.708099605428,46.4458939693305
30.6945578764409,46.3389571445981
30.6191162940315,46.5028078359562
30.749960815975,46.4432257663714
30.6391575335949,46.4528748374906
30.7190342594578,46.4045683093386
30.7110390564757,46.3875983226155
30.7500179431155,46.4042750409082
30.7053600993721,46.5137253380168
30.7327733367485,46.4930292229536
30.7057158456562,46.5135580130841
30.7397272677605,46.4725903924643
30.6467943936048,46.3824004545447
30.7472265032955,46.4496560815271
30.6957211927565,46.4757407791005
30.6703515489972,46.4830221124623
30.6611021456123,46.4473872993751
30.6384304608976,46.4508471471771
30.7925023588316,46.5693959624005
30.7455750095974,46.456331086907
30.7386911891669,46.4711492390117
30.7047291041384,46.4584127530052
30.8018478396801,46.5749446730721
30.7358010751951,46.4340966619786
30.7257181348965,46.427326299379
30.7126230362805,46.4153436751661
30.6906290871872,46.3343260222671
30.7116466815156,46.4090770865575
30.6142319235186,46.4902062894115
30.7088630317602,46.3807505947244
30.7513967845522,46.4413240195556
30.7140096677818,46.4145502311304
30.7042383300677,46.427921832204
30.7063234706961,46.3711411058474
30.7066246865278,46.5130002633084
30.6468151671104,46.4362520949826
30.7167673506551,46.4660089451113
30.7561746908487,46.5512547011485
30.7118751900776,46.4774338195486
30.7459099823758,46.4735763501323
30.7103093870902,46.5737715993503
30.7932450116581,46.5674006575579
30.7246898463675,46.4143469223412
30.6426215156599,46.4447766705863
30.7455282692097,46.4555448396425
30.6413101881166,46.4366227287045
30.7357647215602,46.493219937393
30.7148094477488,46.3803223868321
30.6968663322548,46.4606923303142
30.721423212606,46.3859574587593
30.7386054984561,46.4187441496049
30.7051627510686,46.4762787377551
30.7473277741355,46.4481483579399
30.7979683875023,46.5726183167497
30.6365504586375,46.4426410287034
30.652533074537,46.3495885749996
30.7065623660109,46.4621496765022
30.7442273284192,46.4357789072697
30.6810550977767,46.4520004297778
30.7248508410362,46.426844115702
30.7157494488789,46.4748987568585
30.6438185889222,46.4395464170448
30.6451325131538,46.4413582042193
30.7501789377842,46.4680402338105
30.7314308489467,46.4700769200881
30.7466162815674,46.4456546766848
30.7400959974856,46.4773762453782
30.6168545786053,46.4772053220598
30.7551152420612,46.4398126975828
30.7112623716613,46.4630024939012
30.6285656424082,46.5056451630408
30.6612241899579,46.3588940002892
30.7232772479841,46.4066229875445
30.7652994531998,46.4408598278068
30.7231967506498,46.3895774347227
30.7495739094325,46.4595588388346
30.7042019764329,46.3900686143639
30.7445103674335,46.3896530008213
30.6789855372776,46.3239410812826
30.7226047057391,46.3987623140931
30.7146276795745,46.3900254337361
30.7302727260074,46.481566565467
30.7588259095056,46.4726083843926
30.7082060696444,46.4215598863756
30.7644451427805,46.4765594118357
30.7599139218634,46.4339419313956
30.7258661461242,46.4275943791099
30.7279980271402,46.4804600618798
30.7279798503227,46.4951270817873
30.6917898068147,46.4662212498647
30.7069596593062,46.4012865816262
30.7141031485572,46.3824742214506
30.7053133589845,46.4314176638625
30.7388158302007,46.4470922317518
30.7044149048657,46.4301942127417
30.7056353483218,46.4324557981224
30.7320332806102,46.558149208053
30.7205766922513,46.406299132836
30.7500698768796,46.4439292507659
30.7545361805916,46.4662842216135
30.7256506210032,46.4313654872706
30.6143305976704,46.4750462906701
30.7102236963794,46.4644346513897
30.7328694142121,46.4866600803539
30.7112026478326,46.409030307544
30.7261387983856,46.4160417619821
30.7561669007841,46.4604350457402
30.7280317840868,46.3891546244089
30.7262244890964,46.4817482839423
30.6328761448279,46.4799670830458
30.6366543261656,46.440888614892
30.7045499326523,46.3869416172344
30.706513028935,46.4418961628739
30.6456959944942,46.4474178856531
30.799689991782,46.5724563893954
30.7309894119519,46.4571821051131
30.7374629556461,46.5565839102954
30.7216698979855,46.5361810636626
30.7475173323744,46.3756462846806
30.7240952047686,46.4737832573071
30.7211843172912,46.4602137450228
30.7218776330418,46.4116139484404
30.7046460101159,46.5136893541603
30.6901928435689,46.3538166781378
30.7391196427206,46.4620129378475
30.7096757951682,46.3657129410951
30.7036177215868,46.3656337766108
30.7160402779578,46.4811239640322
30.7315762634862,46.4292352429661
30.7019298742538,46.36551862827
30.7472940171888,46.4367756600946
30.7123425939544,46.4797277904001
30.713581214228,46.4198902354343
30.7008652320899,46.3464741722199
30.8098248658447,46.5852828350432
30.7113999961361,46.4094009412659
30.7106807135034,46.4822628530902
30.7319346064584,46.4533822098672
30.6729534305783,46.3287287333893
30.7603501654817,46.5534695075158
30.6829922271774,46.4932433268997
30.7438611953823,46.4709531269938
30.7463150657357,46.4662644304925
30.7287354865903,46.3868102761582
30.7676650361542,46.4347299778529
30.6946201969578,46.4401725361478
30.6365296851318,46.441207072022
30.6416737244652,46.4369123987493
30.6623875062736,46.5379910516443
30.7132046944383,46.4190086309501
30.6328995150217,46.444954790676
30.7217555886962,46.4237405080792
30.690042235653,46.3795307419892
30.7152950284431,46.5014278550596
30.7577794441592,46.458168062781
30.8113828787675,46.581855372712
30.7520381665387,46.4614353969508
30.7950756768424,46.570232587064
30.6162833072003,46.4882235789186
30.7603293919761,46.4768472826877
30.7036333017161,46.3821161820784
30.6358805130807,46.4443268723802
30.7276942146202,46.3864306464722
30.7063598243309,46.4466604254739
30.7205247584872,46.3859178765171
30.6881128963169,46.4472847453841
30.6830909013292,46.4498539927378
30.7054665635885,46.4392693413498
30.6364465911093,46.3970206954387
30.7111974544562,46.4471785930074
30.7084709318413,46.3997194846759
30.7390183718807,46.4695713469044
30.7435469961095,46.4426050448469
30.7035969480812,46.3828844374146
30.7395377095216,46.4674249098644
30.7109715425824,46.3910041946327
30.7968596016389,46.5707777424899
30.8131304499292,46.5937282461626
30.6213909928988,46.4187891294255
30.7214387927353,46.4073588574098
30.7069856261882,46.4710610785633
30.7113766259423,46.4704403570387
30.7054795470296,46.4011786300568
30.8156829944344,46.5821270508285
30.7588882300225,46.4363546489736
30.7060586084992,46.4217595967792
30.7245729953983,46.3991689316715
30.7223164733484,46.5073795849239
30.6392146607354,46.4602083474443
30.7950055662608,46.5712815164809
30.6763524954381,46.4550842462794
30.7327915135659,46.3851928018088
30.6565241843075,46.4329811624272
30.6982295935622,46.4510648495089
30.6950746173936,46.4392135663722
30.7221658654326,46.5530502955876
30.7323318997537,46.4736357234955
30.6983126875848,46.4044333698767
30.7316515674441,46.5282268321844
30.6855291915533,46.3821575635134
30.7128593349071,46.4881228241205
30.7210389027517,46.4739703733609
30.7714276373627,46.575027435942
30.6162469535654,46.4676048291469
30.6769081867139,46.329450209712
30.7057340224736,46.4740423410739
30.7126490031626,46.376781575353
30.7332537240664,46.4893246849274
30.7111091670572,46.4666170722861
30.6437199147705,46.4426284343536
30.7432821339127,46.4320042007234
30.7527184988483,46.4672989663667
30.7139006068772,46.442470105385
30.8083369635034,46.5729223803371
30.683799797209,46.4413636017978
30.6663786160441,46.5297633428567
30.7425005307631,46.4438824717524
30.6900630091586,46.4948482068994
30.6853656001964,46.4825723142561
30.6950486505115,46.4808234988304
30.6374878630793,46.4505178948902
30.7304908478166,46.4601237853815
30.7652734863177,46.4328714116649
30.6899695283833,46.4525383884324
30.7565797742086,46.4529090221543
30.6423826203451,46.4553217397323
30.7130177328876,46.4848518915651
30.7241029948332,46.5078779613363
30.7188524912834,46.4048183971412
30.7593192802645,46.4591108398212
30.74400920661,46.4715756477111
30.7033191024433,46.37202810791
30.6656022062709,46.332571809263
30.7437417477249,46.4496938645764
30.7282888562191,46.4502480159664
30.6349353185742,46.4415938984793
30.755341153935,46.4356385702294
30.6910783142466,46.3347506317738
30.6952771590735,46.4915808727297
30.7099692209354,46.3772475662946
30.7553125903647,46.463948869327
30.6746542613523,46.4601273837672
30.7073959029246,46.4015474645858
30.7587999426236,46.43591924431
30.751407171305,46.4505898626031
30.7121504390273,46.399338055797
30.7252818912781,46.4246077190208
30.7118050794961,46.4727091391907
30.68421786401,46.4584469376689
30.6911691983338,46.4890961874387
30.6411751603299,46.4428389399141
30.708847451631,46.4675256646626
30.6125986066379,46.4743625973967
30.7097147454913,46.3874525879967
30.625454809939,46.531845008955
30.7667432118416,46.5599340073351
30.6506141219538,46.4715072783838
30.7305012345694,46.4298253782126
30.709748502438,46.4696001339896
30.7385250011218,46.381299348536
30.7146951934678,46.4829375503995
30.730483057752,46.4436773637704
30.8024294978379,46.5989567005113
30.6885777035056,46.4439166564161
30.7286290223739,46.3908800503278
30.7347364330312,46.4468727302272
30.7169205552592,46.4259247281685
30.666986241084,46.333906810339
30.6539482696085,46.4519788394639
30.7061988296622,46.5140024137118
30.639754771882,46.4539957346204
30.7335445531453,46.4472613558773
30.6795568086827,46.3383364230735
30.6452935078225,46.4419735281654
30.7190732097808,46.4794471163195
30.7578469580525,46.4378407822469
30.6573109808335,46.5235057502122
30.6539846232434,46.4941375257336
30.6854097438959,46.4809530407138
30.7205922723805,46.5530484963948
30.713682485068,46.3891798131084
30.6913925135194,46.4829303536282
30.6662332015047,46.3335145863032
30.7955093237725,46.5721181411444
30.6949863299946,46.4305954327416
30.6426578692948,46.4715882420609
30.7040799320873,46.5142956821423
30.7045291591467,46.4608218721976
30.7383458296356,46.4210129317569
30.7477744045067,46.4720758233164
30.7115739742458,46.3889351228843
30.7129008819184,46.4118478435076
30.7443234058827,46.4209247713085
30.7145913259396,46.4723564973971
30.6536937941645,46.4768094996384
30.6472643941698,46.4461530530973
30.715827349525,46.469369837308
30.7667172449595,46.5573971454522
30.6867392482567,46.4662554345283
30.687250795833,46.4833117825071
30.7134747500116,46.4612356865472
30.7468473868176,46.445960539465
30.7129294454887,46.4772862857369
30.6418269290693,46.4616225130046
30.7422616354482,46.4558255137232
30.6151589412077,46.4851739470807
30.7032230249797,46.4334183662836
30.6539586563613,46.3490668090804
30.7103015970256,46.4079723821631
30.7701760336481,46.5754916276908
30.6576900973114,46.4929392633124
30.7992745216693,46.5777226267935
30.6347249868296,46.4381556409912
30.6422112389236,46.4423009812595
30.7253571952361,46.3944568456635
30.8041069584181,46.5738957436553
30.6810525010885,46.4519500523787
30.761064254738,46.4321769232346
30.7973893260327,46.5762310959418
30.7237264750435,46.4783909901313
30.7130748600281,46.4810861809828
30.7189511654352,46.4044117795628
30.8121437084114,46.5937678284047
30.7703552051342,46.5869308956706
30.7506982754251,46.4370365430542
30.6413205748694,46.4519104701365
30.7588908267107,46.4356781524715
30.739986936581,46.4711492390117
30.7047161206974,46.4452444607208
30.683241509245,46.3448710914131
30.6567319193639,46.4709261391014
30.8069581220668,46.5752235479599
30.6961782098805,46.4471893881643
30.6448338940103,46.4467629794649
30.7209635987938,46.4112253227902
30.7198781831243,46.3990429881738
30.7195821606689,46.4473926969535
30.7374291986994,46.4549834914812
30.7118414331309,46.4105146416244
30.7329135579115,46.4465470763259
30.7226462527504,46.4245609400073
30.703023079988,46.4313367001854
30.7326642758439,46.4519680443069
30.7249391284351,46.4743751917465
30.7425446744625,46.4241237361509
30.7128125945195,46.3829779954415
30.7054665635885,46.5119315427705
30.6338810631631,46.4418619782102
30.6609411509436,46.4473855001822
30.6838439409085,46.3772079840525
30.7046382200513,46.3873266444989
30.6450182588728,46.4430566422459
30.8097625453278,46.5786402151342
30.6922779841972,46.4885672247482
30.6940541189292,46.4408832173136
30.7437079907782,46.3908512632426
30.7103613208543,46.4517197556971
30.647952516544,46.4707678101328
30.7116466815156,46.3814073001055
30.7611239785667,46.4344349102296
30.7269723352993,46.3887498060233
30.6612449634636,46.4470778382092
30.6546857290586,46.3505943237886
30.7981527523649,46.5668357110109
30.623424199763,46.481987576588
30.709977011,46.4068083044054
30.7218698429772,46.5104939877035
30.7116414881392,46.4704907344378
30.7299896869931,46.4766169860061
30.7133604957306,46.4935599848369
30.6994552303948,46.4765810021496
30.7052899887906,46.4457518330974
30.7264997380461,46.4171860486186
30.7370422921569,46.4769858205352
30.7463072756711,46.4470004729178
30.713098230222,46.4607463060989
30.7374291986994,46.4767735157819
30.7053626960603,46.4473171308549
30.708746180791,46.4349458809919
30.7693321099816,46.5867455788097
30.7067908745729,46.393999850686
30.7744553758093,46.5586889659004
30.7149964092996,46.4809260528214
30.7752058187005,46.5764434006951
30.724100398145,46.3952035106857
30.7225553686633,46.4328300302299
30.6515982667833,46.4658955959634
30.6761213901879,46.331915103882
30.7343832834354,46.5271886979245
30.6630756286478,46.4953429849262
30.7098056295785,46.4503703610785
30.7307816768955,46.453589117042
30.7583169586175,46.4340552805436
30.7528743001406,46.4669175374878
30.7078399366076,46.5130200544295
30.7613784540108,46.5760781645517
30.6196979521894,46.4400969700491
30.7150872933867,46.481012414077
30.6551661163765,46.3506177132953
30.7024985489706,46.374820455174
30.7324928944224,46.531341234964
30.6857992471266,46.4533552219748
30.6920806358936,46.3387052576026
30.6541118609654,46.3492215396633
30.7221892356264,46.3889045366062
30.7595062418152,46.4347533673596
30.712693146862,46.3987677116716
30.6380020073439,46.4948949859129
30.7968803751446,46.5770803149551
30.6479603066086,46.3583146601997
30.683760846886,46.4837525847491
30.7286861495144,46.4229812487072
30.7178034292488,46.3855832266517
30.6989177159364,46.5554288285019
30.7181669655974,46.4066913568718
30.7068376149606,46.3758118104205
30.7626664113603,46.4563094965931
30.7283433866714,46.4228643011736
30.6977128526095,46.4362520949826
30.7579793891509,46.4581986490591
30.70832811399,46.4483894497785
30.6398586394102,46.4397749145335
30.724658686109,46.4322866739969
30.7317684184133,46.4701884700433
30.7139888942762,46.415878035435
30.7438715821351,46.429667049244
30.7592335895538,46.436165733727
30.7067830845083,46.5584280829408
30.7274007888531,46.4624213546188
30.7365619048391,46.4184940618022
30.6292823283527,46.4832991881573
30.7114908802233,46.4958107750607
30.6943864950193,46.3386710729389
30.7216283509742,46.4940781523704
30.7619289519102,46.4308869019792
30.7355829533859,46.4815035937182
30.6994032966307,46.3455062064802
30.6964976025297,46.4055902508631
30.7213271351425,46.452901825383
30.7160117143876,46.5519006113726
30.7426485419907,46.4772574986517
30.7111221504982,46.4816637218796
30.7502646284949,46.4382204119329
30.6713694507734,46.3318485337475
30.6128141317589,46.4964225006211
30.6407337233351,46.4523242844862
30.7260219474164,46.3911805155296
30.7239913372404,46.486679871475
30.6777624971333,46.3206701487272
30.7221892356264,46.4711942188323
30.7009119724776,46.4934178486037
30.7314931694636,46.4568384592835
30.700587386452,46.3939242845873
30.6118170034883,46.5019028419653
30.7342222887667,46.3926666488028
30.7337600782663,46.4361999183907
30.6670148046543,46.3339931715946
30.7118388364427,46.389482077503
30.620975522786,46.4521857466387
30.645148093283,46.4476121984782
30.6805279700712,46.4884880602639
30.7357906884423,46.4625706876232
30.7482002613722,46.4416748621565
30.7240588511337,46.4181594119368
30.7246638794854,46.4172076389325
30.7233110049308,46.3998562233306
30.6907511315329,46.3815602314956
30.6451065462717,46.4396165855649
30.6175011539682,46.4675346606267
30.7491558426316,46.4620921023318
30.7303739968474,46.4823096321037
30.791847993404,46.569996892804
30.7012131883093,46.3713372178653
30.7076971187563,46.4343089667319
30.6448287006338,46.4368548245789
30.7117219854735,46.4052412074551
30.7261907321497,46.4735601573969
30.7378758290706,46.4712445962314
30.6979491512361,46.4361477417988
30.807290498157,46.5729475690366
30.7107612108378,46.4062487554369
30.6443846669508,46.4525851674458
30.6836777528634,46.3470211268387
30.7566369013491,46.4513761098676
30.7368553306062,46.4511620059214
30.7079515942004,46.4766115884277
30.8011778941233,46.5680969451811
30.7404257768876,46.4691017575771
30.7237290717317,46.4985617408897
30.7607422654006,46.5559829798919
30.6346834398183,46.4365651545341
30.6886270405815,46.4802567530906
30.7528639133878,46.4693374518371
30.730280516072,46.4599726531843
30.7569433105573,46.4656041267258
30.727450125929,46.4217793879003
30.7186966899912,46.4049893204596
30.728148635056,46.4511566083429
30.6819197949489,46.4765702069927
30.7983916476797,46.5684387918178
30.7062897137494,46.4599924443053
30.7265205115517,46.3680213054893
30.7086293298218,46.3973409517615
30.712451654859,46.4675706444832
30.709444689918,46.5689623569298
30.6693362439092,46.4704367586531
30.7399194226877,46.4704547505813
30.7271515067855,46.5058772589152
30.7297767585603,46.435960625745
30.6997382694091,46.4442207200035
30.7131190037276,46.4608650528253
30.6419359899739,46.4538877830509
30.6211365174547,46.4532544671766
30.7316048270564,46.484555024749
30.7105508790932,46.3892032026152
30.7645230434266,46.4308491189299
30.7478445150882,46.4445679642187
30.7226644295678,46.5144504127252
30.7115142504171,46.4880796434927
30.7370241153395,46.4650589712999
30.7039682744945,46.3669076051307
30.7728324456814,46.5679494113694
30.7067259573678,46.4784881465439
30.6879519016483,46.4524952078046
30.7069284990477,46.4318548677189
30.726650345962,46.3878843942746
30.7265334949928,46.4880166717438
30.6164858488802,46.4909277657343
30.7132436447614,46.4331250978532
30.742474563881,46.4738210403564
30.724785923831,46.5039215363147
30.7508826402876,46.4278210774058
30.7342274821431,46.4627955867263
30.7690932146668,46.4370509365968
30.7005588228818,46.4074452186654
30.7963662308801,46.5759810081392
30.7560915968261,46.4570867478934
30.7293249348127,46.430550452921
30.6623978930264,46.4472595566845
30.7395636764036,46.4584379417048
30.7179021034005,46.3915817355295
30.7499192689637,46.3821233788497
30.6434914062085,46.4468565374918
30.6380617311726,46.3946241705962
30.6789803439012,46.3264599512373
30.7054431933947,46.4728098939889
30.7618484545758,46.4310380341765
30.7254610627642,46.4319250362391
30.6542183251818,46.3897447596554
30.6089736299042,46.4962731676166
30.7081229756219,46.4342801796467
30.746180037949,46.4766673634052
30.6169714295745,46.4766241827774
30.7328226738244,46.4471534043079
30.7342534490251,46.464605574708
30.7164895050172,46.4584127530052
30.7531910961016,46.5469600278758
30.796098771995,46.5676705364816
30.7578547481171,46.4553667195529
30.6870170938946,46.377233172752
30.7481535209846,46.47663857632
30.7331888068612,46.4518708878944
30.6266233196311,46.5063198603501
30.7044979988882,46.3890376768753
30.702617996628,46.4238106765994
30.7067571176262,46.3953384501476
30.6942878208676,46.4419573354299
30.6753683506086,46.4896359452861
30.698429538554,46.4512735558766
30.7025219191645,46.4726389706706
30.7128930918538,46.4771711373961
30.7110104929054,46.4075171863784
30.7457801479655,46.4378335854756
30.8153713918498,46.5895649139661
30.7566654649194,46.4688498705816
30.6616812070819,46.4471695970433
30.6785908406705,46.4874949058246
30.7115116537289,46.4412520518426
30.8109336517081,46.5788939013224
30.7134903301409,46.461627910583
30.7335133928868,46.4518546951589
30.6951888716746,46.4463761530076
30.6437536717171,46.4510828414371
30.703404793154,46.5131298051918
30.7110104929054,46.4167380496053
30.7159675706881,46.4186056117574
30.6897695833915,46.3417081104271
30.7071440241687,46.5590991818644
30.7085228656054,46.4349710696914
30.6857680868682,46.3548943946398
30.7638479044934,46.5680915476026
30.7260608977395,46.4761887781138
30.7687011147479,46.4366047367763
30.7127710475082,46.4145412351663
30.7240458676927,46.5078761621435
30.6957809165852,46.4324845852076
30.7534455715456,46.5467549198938
30.6126012033261,46.4855337856456
30.6887906319383,46.3397200023558
30.6405078114613,46.4507301996435
30.7154534264236,46.4800642394584
30.7098004362021,46.4749221463652
30.7112857418551,46.3943542916724
30.6774846514954,46.4894704195462
30.7263699036359,46.4961544208902
30.6424786978086,46.444605747268
30.7180968550159,46.5010194382883
30.7268892412768,46.3909016406417
30.7499815894806,46.4443862457434
30.6762927716094,46.4549834914812
30.7267568101784,46.4873599663628
30.6960172152119,46.4287620552532
30.7265594618748,46.3903672803728
30.7058690502603,46.4679988523755
30.7083852411305,46.4843463183813
30.7211505603445,46.4739559798183
30.619072150332,46.5029247834898
30.6443431199396,46.4374341646685
30.733819802095,46.4814478187406
30.6464905810848,46.4434794525597
30.7099250772359,46.413753188709
30.7127606607554,46.4597405573099
30.6387602402996,46.4704853368593
30.6543040158926,46.5365606933487
30.7114337530828,46.3928987446772
30.6926077635992,46.3515406992145
30.7005406460643,46.4726893480697
30.6214844736742,46.4236451508595
30.7388080401361,46.4571101374001
30.6932101952626,46.4853214808923
30.6181061823199,46.467860314528
30.7339522331934,46.4517989201814
30.7123192237606,46.3796854725722
30.7472316966719,46.4684792368597
30.7137084519501,46.3873284436918
30.6527693731636,46.3507868374209
30.6972039017214,46.459472477579
30.7361438380381,46.4732021180247
30.6131309277198,46.4955067114733
30.711906350336,46.4467162004514
30.722742330214,46.3862039481763
30.6168935289284,46.4901055346133
30.8017309887108,46.5770281383632
30.7323448831947,46.4736843017018
30.7365748882801,46.4812499075299
30.6605750179068,46.5381835652766
30.6797671404272,46.4741323007151
30.7046434134277,46.4503181844866
30.74774064756,46.4652568825106
30.8070671829714,46.5775714945962
30.6184541385393,46.4685907868149
30.6710786216945,46.4813398671711
30.730496041193,46.4696487121958
30.7206987365969,46.4884718675285
30.7030776104403,46.3494320452238
30.6433304115398,46.4425906513043
30.7466863921489,46.3920189393859
30.6383681403807,46.453373213903
30.7355388096864,46.4339707184808
30.7340171503985,46.4728926568589
30.7095927011457,46.3735160403761
30.8154986295718,46.5830068561198
30.6642882820394,46.5264042498529
30.6547999833396,46.3502578747304
30.7382367687311,46.4663651852906
30.676731611916,46.4942346821462
30.6714733183016,46.3296319281873
30.7023842946896,46.3671972751755
30.7382367687311,46.4813074817003
30.7576392229961,46.4471066252944
30.7183435403953,46.4918921330883
30.6399235566153,46.4404945916634
30.7440377701802,46.4533354308537
30.7052770053496,46.3857883346338
30.7114129795772,46.4211514696044
30.7421395911026,46.439154193009
30.6125804298205,46.5157332372092
30.72332658506,46.5533255720898
30.6894579808069,46.4800354523732
30.7550217612858,46.4658146322863
30.6881466532636,46.466710630313
30.7844006916331,46.5765855369283
30.6808058157091,46.3261918715064
30.7238874697122,46.396124697412
30.68391405149,46.4458363951601
30.7608045859176,46.4335335146244
30.723516143299,46.3849984889837
30.6106744606782,46.5073651913813
30.6436601909418,46.4419303475376
30.7223450369187,46.5065357634891
30.6630236948837,46.5261955434852
30.6482199754291,46.3829186220783
30.7047758445261,46.5127267859991
30.8112868013039,46.580315263654
30.7062299899207,46.467336749416
30.639552230202,46.444738887537
30.7619471287276,46.4534811654725
30.7624067425398,46.4334597477186
30.6880609625528,46.4350250454761
30.6391809037888,46.4521101805401
30.7127918210138,46.4192551203671
30.7101535857979,46.3952808759772
30.7411268827028,46.4238502588416
30.7471122490145,46.4529989817955
30.6911769883984,46.4517467435895
30.6900733959114,46.3487951309639
30.698354234596,46.4044693537332
30.7113454656838,46.4628459641254
30.6406090823013,46.4440461982995
30.7122127595442,46.4513239332756
30.7312516774606,46.443558617044
30.705282198726,46.3891096445883
30.6910809109348,46.460755302063
30.7134695566352,46.3953888275467
30.7096160713395,46.4170313180357
30.6983776047899,46.4451509026939
30.6238240897465,46.442932497941
30.6814861480187,46.4506042561457
30.749947832534,46.4409084060131
30.6949499763598,46.4906560876177
30.7086241364454,46.4169341616232
30.7518044646003,46.4615451477131
30.7013845697308,46.3498764458515
30.7033554560782,46.3827297068317
30.7052536351558,46.4035121831505
30.6551479395591,46.534770496488
30.8082201125342,46.5932352673286
30.7047602643969,46.4309498737281
30.6936775991395,46.4735763501323
30.7564135861635,46.4639974475333
30.7409814681634,46.4577776379381
30.6423800236569,46.4450951277163
30.7057236357208,46.5134680534429
30.7230539327985,46.4879680935375
30.6727950325978,46.5289824931708
30.7052198782091,46.4606833343501
30.7281875853791,46.422911080187
30.7065363991288,46.4594652808077
30.6833453767732,46.4481951369534
30.7496673902079,46.4300970563291
30.782242843735,46.5720011936108
30.7239264200353,46.3977187822547
30.7386210785853,46.4186451939995
30.7008730221545,46.4244062094244
30.7142693366023,46.4169629487084
30.7395662730918,46.4347011907677
30.6836076422819,46.3483435335649
30.727006092246,46.5535198849148
30.6992397052738,46.4739505822398
30.7923231873454,46.5788255319951
30.7423109725241,46.4537996226025
30.7093771760247,46.4860519531792
30.6976141784577,46.5045260651038
30.7212050907968,46.4525042037687
30.7362425121899,46.4664425505821
30.8067737572043,46.5908765255353
30.7291405699502,46.4297768000063
30.7257441017785,46.4724014772177
30.6403156565342,46.451104431751
30.7971192704594,46.5712167455392
30.6192980622058,46.4161677054798
30.7963947944503,46.5699860976471
30.6464334539443,46.4373226147134
30.7195302269048,46.4734126235852
30.6783233817855,46.4807929125524
30.8071554703703,46.5806733030261
30.6430733394075,46.4534379848447
30.6385784721253,46.4524142441275
30.7483171123415,46.462347587713
30.7286991329554,46.4697458686084
30.767192438901,46.5838794646398
30.6909588665892,46.3486206092599
30.6986139034165,46.3823284868317
30.7401816881963,46.4720254459173
30.6478200854456,46.3603045674639
30.6661397207293,46.3333400645992
30.7973815359681,46.5761789193499
30.6840724494705,46.4510396608093
30.7579560189571,46.4377760113052
30.7067025871739,46.4134275348077
30.8088666878972,46.5790504310982
30.7133578990424,46.493527599366
30.7236407843328,46.498640905374
30.6786557578757,46.4764802473514
30.7098549666544,46.4776389275306
30.7001355627044,46.3646981963419
30.7552840267945,46.5508372884131
30.6554128017559,46.3503982117707
30.7440169966746,46.4737364782937
30.6288668582399,46.4943336377515
30.6305079651853,46.384554088356
30.6180230882974,46.5164906973885
30.7081203789337,46.4812840921936
30.7227215567083,46.4110184156154
30.6389030581509,46.3934546952601
30.8091081799002,46.5828755150436
30.6755942624824,46.4867248512956
30.6191188907197,46.5027394666288
30.7031581077746,46.4247426584826
30.7997211520405,46.5700706597098
30.6414140556447,46.4428677269993
30.7218153125249,46.424040973281
30.7329784751167,46.3948778567844
30.7134981202055,46.4158636418925
30.7971556240943,46.5762526862557
30.6397781420758,46.4406007440401
30.7260712844923,46.4378983564173
30.7302571458782,46.5294107010631
30.6442444457878,46.43711030996
30.7034281633479,46.3814342879978
30.7066766202919,46.4109662390235
30.7050199332173,46.3877854386692
30.7489948479629,46.4601489740811
30.7113740292541,46.4091760421628
30.6565994882655,46.4707911996395
30.7298053221306,46.4269034890652
30.7550685016735,46.4656850904029
30.8114088456495,46.5796567590801
30.7147601106729,46.4806111940771
30.7498673351996,46.4621910579372
30.7351519031439,46.4923239393663
30.7407815231716,46.4766223835846
30.8090562461361,46.5803440507392
30.7096004912103,46.4353417034133
30.6369659287502,46.4384848932782
30.8071840339406,46.5914216809612
30.729353498383,46.4837273960496
30.6925869900935,46.4433409147122
30.7148769616421,46.3829204212711
30.7043447942841,46.3896907838707
30.6350807331136,46.4403218691522
30.7044460651241,46.3819722466524
30.6839530018131,46.4867266504884
30.7151080668923,46.45870242305
30.6883647750728,46.464882650403
30.6935399746646,46.3379693877373
30.6427383666291,46.4433067300485
30.6881051062523,46.5472892801627
30.699369539684,46.4458291983888
30.6808577494732,46.4877557887842
30.6433252181634,46.4512339736344
30.7259206765765,46.4897025154206
30.6372879180876,46.4441001740842
30.725203990632,46.3695812056683
30.6913249996261,46.5086426182869
30.7248456476597,46.4748609738092
30.6503830167036,46.5334103067125
30.672340612162,46.482624490848
30.6351794072654,46.5290022842918
30.6223439774699,46.4699779644828
30.7623262452055,46.4329469777635
30.6546182151653,46.3498692490802
30.6974557804772,46.4044693537332
30.6444080371447,46.4527201069077
30.6366231659072,46.4404748005423
30.7727389649061,46.5668501045535
30.6539171093501,46.4740981160515
30.7389690348048,46.4781427015215
30.7610538679852,46.432212907091
30.7413086508771,46.4681949643934
30.6791257584407,46.4910051310257
30.6138605971053,46.5228346512886
30.7243834371593,46.4789055592792
30.7646580712132,46.59458646114
30.7513370607235,46.4152339244038
30.6996577720748,46.4101134216245
30.644374280198,46.4530205721094
30.6956978225627,46.494616111025
30.6556672772,46.3504701794837
30.6711435388996,46.4729034520158
30.6986476603632,46.3440344667495
30.7445545111329,46.4679088927343
30.8090692295772,46.5838506775547
30.8142158655987,46.5941798435616
30.7020545152876,46.3649069027096
30.8015310437191,46.5992733584485
30.6417464317349,46.440231909511
30.7112987252961,46.3878304184899
30.7154664098646,46.4186973705914
30.8083811072029,46.5768878013228
30.7095277839406,46.4473890985679
30.7049991597117,46.5132647446537
30.6596739670998,46.5272300793595
30.609300812618,46.4843013385607
30.6348626113044,46.4434848501382
30.7271541034737,46.4681463861872
30.7371903033846,46.4855049985604
30.6993669429958,46.4721585861864
30.7476757303549,46.4456402831422
30.6433823453039,46.4426050448469
30.7047187173856,46.5125522642951
30.6535873299481,46.4735241735404
30.734175548379,46.5590488044653
30.7090058496115,46.4300448797372
30.6402221757588,46.4447640762366
30.6452156071763,46.4428389399141
30.622637403237,46.4679106919271
30.729556040063,46.3921934610899
30.7236901214087,46.5520481451842
30.7044408717477,46.44330133247
30.6851682518929,46.379451577505
30.7101977294974,46.3803349811819
30.7312257105785,46.4756436226879
30.7326253255208,46.3790467591194
30.7385172110572,46.4514498767734
30.7072297148795,46.4848069117444
30.7489299307578,46.387870000732
30.6425877587132,46.4524772158763
30.6429746652557,46.4391272051166
30.6432810744639,46.4695641501331
30.6987645113324,46.3791205260252
30.6547973866514,46.3496605427126
30.6656333665294,46.3324602593079
30.6158029198824,46.4721351966796
30.7294236089645,46.453178901078
30.6444599709088,46.4541882482527
30.6540339603193,46.3507364600218
30.7250066423284,46.4835366816102
30.666846019921,46.4995027187371
30.6151433610784,46.4854510227757
30.762866356352,46.4537060645756
30.7166946433854,46.3737085540083
30.6647556859162,46.3330575913257
30.7641231534431,46.5950416569247
30.7554606015924,46.4687563125547
30.7141602756977,46.4157502927445
30.6940255553589,46.4059284991141
30.6555686030482,46.3475788766143
30.6510841225188,46.4506312440381
30.7290263156692,46.4717195831371
30.7523445757469,46.42742885337
30.7574652448864,46.5516145397134
30.7212050907968,46.4917535952408
30.6692687300159,46.4909151713845
30.712680163421,46.4905499352411
30.6436056604895,46.4431861841293
30.6916859392865,46.3721360594795
30.7092966786904,46.4113044872745
30.7220671912808,46.4232799147161
30.7216179642214,46.498045372549
30.7046927505036,46.3886724407319
30.7334666524991,46.37226380217
30.6282774100175,46.4236397532811
30.80638944735,46.5743149555834
30.6359636071032,46.3978285330171
30.7062819236848,46.4599294725565
30.7148821550185,46.4092749977682
30.6346470861835,46.437583497673
30.8093133182684,46.5847178884962
30.6406116789895,46.4524142441275
30.7264971413579,46.4208186189318
30.6461815751885,46.4445139884339
30.6105238527624,46.5109977616945
30.815576530218,46.5827045917253
30.7003432977608,46.4107737253912
30.7476082164616,46.4755032856476
30.8103701703677,46.5824437087657
30.7394805823811,46.434769560095
30.7488390466706,46.4454585646669
30.7157780124491,46.4883675143446
30.6916677624691,46.3454972105161
30.7475069456216,46.4381088619778
30.766888626381,46.4343791352521
30.7108598849896,46.4776209356023
30.7119193337771,46.4329343834138
30.7230513361103,46.3894892742743
30.718135805339,46.4035355726572
30.6448001370636,46.4444780045774
30.8098742029206,46.5851766826665
30.7046408167395,46.4307375689747
30.7385899183269,46.4821656966777
30.7042902638318,46.4021735836888
30.7572912667767,46.4656419097751
30.7056535251393,46.4711402430476
30.71236336746,46.4391883776726
30.7211505603445,46.4112487122969
30.721537466887,46.4117488879022
30.6583756229974,46.4914369373037
30.7526172280083,46.5746819909197
30.7127320971851,46.5131747850124
30.7025219191645,46.4251618704108
30.7076815386271,46.3826109601052
30.7505372807564,46.4388123463723
30.7055210940408,46.5136227840258
30.7215868039629,46.3812129872804
30.7709939904326,46.5567062554075
30.7229500652704,46.3925335085338
30.7259362567057,46.4975685864505
30.6110457870915,46.5058952508434
30.7101457957333,46.485037208426
30.7273800153475,46.4626120690582
30.7015092107647,46.4769930173065
30.6430785327839,46.4713849332717
30.7360996943386,46.4787400335393
30.7296183605799,46.492696372281
30.6952278219976,46.4039259975002
30.717159450574,46.5583381232996
30.6820937730586,46.4584595320186
30.6145279459739,46.5192218720964
30.6869236131192,46.4464931005412
30.7110442498521,46.4076251379479
30.6620213732367,46.4470994285231
30.724074431263,46.3939962523003
30.7188758614773,46.5368431666221
30.6472306372231,46.4298793539973
30.7487663394009,46.446885324577
30.7462916955418,46.4365849456552
30.7224359210058,46.487521893717
30.7163155269075,46.3799049740968
30.7256064773037,46.4376374734577
30.7123841409657,46.3873860178621
30.7286471991913,46.4521173773114
30.6615305991661,46.4473315243975
30.6798554278262,46.3263843851387
30.6291576873189,46.5058142871663
30.6952044518038,46.432284874804
30.6393522852103,46.4383103715742
30.7255052064637,46.4865647231342
30.7441000906971,46.4551094349789
30.7173957492006,46.3985086279048
30.7126567932272,46.4738804137197
30.7283875303709,46.430293168347
30.6764277993961,46.4442549046672
30.7255000130873,46.4131090776777
30.6359116733391,46.443691757313
30.7111039736808,46.3867383084452
30.7321735017732,46.4846090005337
30.706424741536,46.5126782077928
30.7344456039523,46.4922609676174
30.6383785271335,46.4506546335448
30.7238692928948,46.3908098818077
30.7058638568838,46.4323334530103
30.739353344659,46.4826568763188
30.6264934852209,46.5063432498568
30.7095745243283,46.4451994809002
30.6611514826882,46.3500275780488
30.7130073461348,46.3897555548124
30.7108936419362,46.5719184307408
30.6974064434013,46.4455179380301
30.721765975449,46.4109536446737
30.7603190052233,46.4299045426969
30.6884972061712,46.3460567594846
30.7261881354615,46.420960755165
30.7051341874983,46.4719408838546
30.6753294002855,46.4868256060938
30.6124505954102,46.5161992281508
30.7109273988829,46.3553154057608
30.6447533966759,46.4380063079868
30.7578183944822,46.4552173865484
30.7207454769846,46.4050037140022
30.695105777652,46.403927796693
30.713022926264,46.3996367218059
30.7230902864334,46.3986021859317
30.7272787445075,46.4651543285196
30.7492363399659,46.4386486198252
30.6371762604948,46.439348505834
30.637165873742,46.4395824009013
30.7113922060715,46.3971232494297
30.6722575181394,46.5422371467108
30.7271307332798,46.5539301008789
30.6828883596492,46.4997330154186
30.7676728262188,46.4390642333677
30.7477354541836,46.4311639776742
30.6516164436008,46.5231099277907
30.7055184973526,46.4684090683396
30.6569058974736,46.3924813319419
30.7918843470389,46.5794066712775
30.7722170305769,46.5894767535177
30.6944721857301,46.4053491590246
30.7021583828158,46.4796954049293
30.6907770984149,46.3776397903304
30.7255908971745,46.4216300548958
30.7142589498494,46.4304766860152
30.7691010047314,46.439400682426
30.715243094679,46.4929878415186
30.7068739685954,46.3672926323952
30.6183372875701,46.4671550309407
30.7088007112433,46.3818049217197
30.6643376191153,46.3516972289902
30.8056208276414,46.5788921021296
30.7379796965988,46.4625059166815
30.7525938578145,46.4682363458284
30.6436679810064,46.4737292815224
30.6465321280961,46.4362107135477
30.7361827883612,46.5540380524484
30.7143991710125,46.3826091609124
30.6863211814557,46.3480502651344
30.7303921736648,46.4533354308537
30.6319724973327,46.4058547322083
30.7501296007083,46.3780194200164
30.7536688867312,46.4049641317601
30.8075891173005,46.5834998349538
30.7108676750542,46.4725598061863
30.7360373738217,46.4781876813421
30.7113454656838,46.4782884361403
30.6846826711986,46.3844749238717
30.6605957914124,46.5253931034854
30.708403417948,46.4483876505856
30.6937061627097,46.5017589065393
30.7087565675438,46.4457050540839
30.7607786190355,46.453024170495
30.6943579314491,46.406165992567
30.6734545914018,46.5008862980193
30.7177618822375,46.4601741627806
30.7529288305929,46.4639596644839
30.6846567043166,46.3455403911439
30.7027634111675,46.4025478157964
30.7204156975826,46.4952260373926
30.7192238176967,46.4743859869034
30.6370074757615,46.4388267399149
30.7497141305956,46.4375565097806
30.6367088566179,46.4401923272689
30.7256038806155,46.4207718399184
30.7139914909644,46.3934582936457
30.7115739742458,46.3928969454844
30.7442273284192,46.4807857157811
30.6464412440089,46.4234616331914
30.7121400522744,46.3811302244105
30.6237591725414,46.4710017052
30.7589012134636,46.452378260271
30.7501321973965,46.4626012739012
30.7247651503254,46.4314734388401
30.7476186032144,46.4721477910294
30.7158688965363,46.3943542916724
30.6404299108152,46.4527560907642
30.6837660402624,46.4453919945324
30.7321371481384,46.4564102513912
30.6848644393729,46.456259119194
30.708556622552,46.3883269957095
30.6835089681301,46.4485675698681
30.7022207033327,46.4239528128326
30.7150093927406,46.4491037293299
30.7532767868123,46.5746927860766
30.6757656439039,46.4626696432286
30.7226488494386,46.3875911258442
30.7960208713488,46.5676183598897
30.6996421919455,46.4730203995494
30.6917664366209,46.4829051649287
30.6941190361343,46.4745785005357
30.7261439917621,46.4747818093249
30.7055860112459,46.3886994286242
30.71132209549,46.421176658304
30.7153080118841,46.3594067702443
30.7590492246912,46.4435100388377
30.6373736087983,46.4130622986643
30.7448842905349,46.4422308127393
30.6144474486396,46.489308492192
30.6389134449037,46.446494899734
30.7126412130979,46.3821827522129
30.7332329505607,46.4891105809813
30.7577664607181,46.4264500924733
30.6266882368362,46.4936949242988
30.711335078931,46.4627973859191
30.6922234537449,46.3396966128491
30.7172814949196,46.4597621476238
30.8007001034936,46.5711591713688
30.6361297951483,46.3724347254884
30.7111766809505,46.3930462784888
30.7580650798617,46.4821063233145
30.7141992260207,46.4033520549891
30.7421473811672,46.4158510475427
30.6444833411026,46.4410811285243
30.6409128948212,46.4364877892427
30.7759796317855,46.5752343431169
30.6367737738231,46.4422164191967
30.7726221139369,46.5680429693963
30.6882141671569,46.480242359548
30.7485300407742,46.4389400890628
30.7657408901946,46.4474232832316
30.6147486644713,46.487973491116
30.6418451058867,46.4401797329191
30.8052884515512,46.5789730658067
30.6148992723872,46.4681517837656
30.7601969608777,46.4574717751579
30.7590959650789,46.4523746618853
30.723757635302,46.4149532503231
30.6466983161412,46.3508785962549
30.699660368763,46.4799292999965
30.7115194437935,46.5598062646446
30.7149964092996,46.3807973737379
30.7340638907862,46.4899795911156
30.7226903964499,46.4097247959744
30.6492690374638,46.532717617475
30.7093148555078,46.390138782884
30.7651462485957,46.431063222876
30.6156029748906,46.4832290196371
30.7466708120197,46.4381394482558
30.6999667779711,46.4781121152435
30.6683728725853,46.5386027772048
30.7064299349125,46.4635116654706
30.794208382982,46.5776092776456
30.7105976194809,46.4819947733593
30.7431029624265,46.4483174820655
30.7360477605745,46.466217651479
30.7131553573625,46.4795874533598
30.7312386940196,46.4248811963301
30.7046823637507,46.4032962800115
30.7227657004078,46.4931623632226
30.731015378834,46.4722053651998
30.7513396574117,46.4400501910357
30.7147367404791,46.4188503019815
30.71132209549,46.4793103776648
30.7514617017573,46.4463581610793
30.6353663688161,46.4062343618943
30.6534574955379,46.450785974621
30.6464957744612,46.4425960488827
30.6184515418511,46.4670560753353
30.6392639978113,46.4442117240394
30.7533728642759,46.5463914829432
30.7070012063175,46.4607696956056
30.6158782238403,46.453835606459
30.7116362947628,46.5696010703826
30.6888295822614,46.3536223653127
30.7436430735731,46.468045631389
30.7104677850707,46.4141526095161
30.7110338630993,46.407151950235
30.7084735285295,46.3890880542744
30.7064039680304,46.393578839565
30.7223424402305,46.4997384129971
30.7060144647997,46.5126818061784
30.7065675593873,46.4696864952451
30.7025686595522,46.4385082827849
30.6983438478432,46.435694345207
30.7751798518184,46.5636583364824
30.6095371112446,46.5133259172097
30.7029685495357,46.4240859531016
30.7973062320101,46.5711591713688
30.7107534207732,46.4837345928209
30.6970325202999,46.4727091391907
30.7664731562683,46.4311387889747
30.7270502359455,46.4219970902321
30.7029893230413,46.3814396855763
30.8073242551036,46.5806175280486
30.6892606325034,46.3516864338333
30.6476954444118,46.3378074603831
30.7580494997324,46.4537060645756
30.7061105422633,46.4457788209897
30.7490623618562,46.3752342695237
30.7385301944982,46.4822304676194
30.6442626226052,46.4430458470889
30.7192082375675,46.536978106084
30.6973311394434,46.4708199867247
30.7581637540134,46.4300916587507
30.7440066099218,46.4846719722826
30.704521369082,46.3867365092524
30.7965064520431,46.5775211171971
30.6898994178017,46.3485054609191
30.7083099371726,46.4103203287994
30.7154170727887,46.4858180581119
30.6148914823226,46.4542170353379
30.617041540156,46.4763075248403
30.6134659004982,46.5151790858192
30.7947199305583,46.5745740393502
30.72880819386,46.5248515464451
30.6921715199808,46.3690774316774
30.6599751829315,46.4914513308463
30.6170778937909,46.4873239825063
30.7244769179347,46.4706850472629
30.664207784705,46.4704367586531
30.6955705848407,46.4041778844956
30.810006634019,46.579545209125
30.6399936671968,46.4400411950716
30.6887724551209,46.3548979930255
30.6964171051954,46.3733685065644
30.6698581782383,46.4989125834906
30.7062118131033,46.5609775391735
30.7228228275483,46.4645605948874
30.7299896869931,46.4709207415229
30.7387275428017,46.4108043116692
30.7228254242365,46.4234598339986
30.7280006238284,46.3892157969649
30.7958494899273,46.5703189483196
30.7459177724404,46.4445157876268
30.6838231674029,46.4451041236805
30.7055574476757,46.3875479452164
30.7644866897917,46.4302409917551
30.7117401622909,46.4368386318435
30.7486754553137,46.4041904788454
30.7452296500661,46.4323838304094
30.7122594999319,46.3879545627948
30.7026309800691,46.5589300577389
30.7252896813427,46.4912570180212
30.7454555619399,46.3845037109569
30.705611978128,46.5130632350573
30.7540947435968,46.5500456435702
30.7073180022784,46.3934582936457
30.7224956448345,46.4867482408023
30.6972688189265,46.4334399565975
30.6854331140898,46.4529270140825
30.7062923104376,46.4010958671868
30.7983552940448,46.576680894148
30.7267334399845,46.5538401412377
30.7462449551542,46.4470994285231
30.7469798179161,46.4456582750705
30.6780455361476,46.3266146818202
30.7038799870955,46.3830103809123
30.7326045520152,46.4565865722881
30.7130047494466,46.4720992128232
30.7602852482766,46.4756886025085
30.6987567212677,46.3494086557171
30.7163882341772,46.4611133414352
30.7634324343807,46.5583525168422
30.7128593349071,46.392941925305
30.7044330816831,46.4606905311214
30.6973077692496,46.3609486784951
30.7469252874638,46.4180460627889
30.7047680544615,46.4032279106842
30.7494804286571,46.5488995577409
30.722412550812,46.4733046720157
30.7123971244067,46.4723834852895
30.7721910636949,46.568138326616
30.6222271265007,46.4699689685186
30.7289328348938,46.3888037818081
30.7024206483245,46.3527605519496
30.7606150276786,46.4330495317546
30.7098835302246,46.4492602591056
30.7024518085829,46.4430062648468
30.7286446025031,46.4249765535499
30.6459998070141,46.4424539126496
30.7260790745569,46.4176538387531
30.6950512471997,46.4330855156111
30.6813822804905,46.3810582566975
30.7420902540267,46.4214951154339
30.6213883962106,46.4549708971314
30.7145108286053,46.4305342601855
30.7544634733218,46.4046618673655
30.6452961045107,46.4420670861923
30.7322539991076,46.4821531023279
30.7079100471891,46.4479414507651
30.6986554504278,46.3714307758922
30.7024881622178,46.4252752195588
30.6836829462398,46.348599018946
30.6900630091586,46.3487231632509
30.7673118865584,46.447583411393
30.7851589245888,46.5766269183632
30.7262894063015,46.4210992930125
30.6369113982979,46.4400519902285
30.687720796398,46.4808091052878
30.641341348375,46.4368620213502
30.6588845738855,46.4947654440295
30.7261777487087,46.4877611863627
30.7096991653621,46.4431969792862
30.7515499891562,46.4610197834083
30.7388755540294,46.469965370133
30.7385483713156,46.4828889721932
30.7230279659165,46.3875407484451
30.6430603559665,46.4426986028737
30.6384564277797,46.4610503696863
30.7357127877961,46.4651903123761
30.7739594083622,46.5751443834756
30.6812472527039,46.3785249932002
30.7140408280402,46.4017165887114
30.6746854216108,46.3262512448696
30.7145887292514,46.4740711281591
30.6916132320168,46.5030705181086
30.6597622544987,46.4859188129101
30.6650750785654,46.3527893390348
30.7147704974257,46.4927413521016
30.72373166842,46.4256386565094
30.742931581005,46.4151925429688
30.7415683196976,46.4674608937209
30.7240952047686,46.3941365893406
30.7116674550212,46.4850030237623
30.6811200149819,46.3777405451286
30.7170010525935,46.4413168227843
30.6101369462199,46.4656581025105
30.7075984446045,46.387941968445
30.6495442864135,46.4491451107649
30.7297585817429,46.4710484842135
30.6764615563427,46.3888037818081
30.6437380915879,46.4514480775806
30.7547543024008,46.4674896808061
30.7168504446777,46.4037190903253
30.7515551825326,46.4613166502244
30.7267308432963,46.4168208124752
30.638638195954,46.4229596583933
30.8019127568852,46.5776344663451
30.6357376952294,46.4508255568632
30.7683583519048,46.4377796096908
30.7640296726677,46.4318908515754
30.7588492796995,46.4543357820643
30.7441208642028,46.4520310160558
30.7048771153661,46.3898832975029
30.6309286286744,46.4572522736332
30.6890684775762,46.4910627051961
30.6552440170226,46.526792875503
30.7201716088914,46.4119719878125
30.7275072530695,46.467203609147
30.7172113843381,46.4673979219721
30.7200132109109,46.39885587212
30.7109196088183,46.4073786485309
30.7114934769115,46.4748969576657
30.757574305791,46.4324683924722
30.7368215736595,46.4666962367704
30.6973830732075,46.4708865568593
30.6122117000954,46.4672899704026
30.7382757190541,46.4522307264593
30.7969842426728,46.5715999736109
30.7702773044881,46.5569383512819
30.638536925114,46.4526373440377
30.644475551038,46.387695479028
30.7061287190807,46.4018569257517
30.7456165566086,46.4634630872643
30.8107363034045,46.5832677390794
30.7142018227089,46.4760340475309
30.7944316981676,46.5741800161216
30.7504515900457,46.5483292136154
30.702033741782,46.372233215892
30.7535780026441,46.4644328521969
30.7234278559,46.4107215487993
30.6192279516243,46.5186191425001
30.7093018720668,46.4053797453026
30.7576625931899,46.4400663837711
30.6812913964034,46.4525455852037
30.7443805330232,46.3872600743644
30.7624586763039,46.4507014125583
30.7000057282942,46.4540766982975
30.7260972513744,46.4848482931794
30.702807554867,46.4246293093347
30.7531599358431,46.4102357667366
30.6470930127483,46.3726938092552
30.6535535730014,46.4735745509395
30.6906940043923,46.355374779124
30.7111429240039,46.3895180613595
30.7019766146415,46.4740549354237
30.704635623363,46.3886022722117
30.7928139614161,46.565561882491
30.717400942577,46.3882352368754
30.6433044446577,46.4529360100466
30.6630081147545,46.4701254982944
30.6713330971386,46.4679160895056
30.7159364104296,46.3913532380407
30.7094083362832,46.5517602743322
30.7402076550784,46.4378515774038
30.6570746822069,46.3614956331138
30.7420409169508,46.4488752318411
30.7579845825273,46.4346130303193
30.7233032148662,46.4255612912179
30.6387965939345,46.4547406004499
30.6391912905416,46.4511296204506
30.7391845599257,46.4684396546176
30.7604851932684,46.5696604437458
30.7314749926462,46.4416352799143
30.7249469184997,46.5015430034004
30.6371944373122,46.4665037231381
30.6511931834234,46.3505727334747
30.804397787497,46.5701750128936
30.7674962514209,46.4406637157889
30.7024544052712,46.4250035414422
30.7014702604416,46.4248506100521
30.6147226975893,46.4874787130892
30.7595893358378,46.434677801261
30.7330226188161,46.4734630009843
30.7968050711867,46.5743995176462
30.7047550710205,46.3870675607322
30.658674242141,46.4920936426847
30.6734935417248,46.3321687900703
30.7323578666358,46.4730689777557
30.8075008299015,46.576126742758
30.742220088437,46.4327724560595
30.6572356768756,46.3499879958067
30.7089305456535,46.460868651211
30.689852677414,46.3534892250437
30.6434758260792,46.4468907221554
30.7415267726863,46.4848536907579
30.6989488761949,46.4422793909456
30.7110286697229,46.3666647140994
30.737969309846,46.4383229659239
30.7645308334912,46.4307933439523
30.6913353863789,46.4888784851069
30.6875520116647,46.4797565774853
30.638651179395,46.4533498243963
30.7426667188082,46.3911715195654
30.7060274482407,46.5138800685997
30.6621252407649,46.4476589774916
30.6233618792461,46.5092597414258
30.7495998763145,46.4156873209956
30.7181955291677,46.4600392233188
30.6153692729522,46.4683802812544
30.8145638218182,46.5817726098421
30.723986143864,46.4254155565991
30.7119660741647,46.3878915910459
30.7056327516336,46.3895720371442
30.7316671475733,46.4845424303992
30.7185772423337,46.4469698866397
30.7426667188082,46.4113386719382
30.6776819997989,46.3294016315058
30.6396457109774,46.4186901738201
30.6450624025723,46.442264997403
30.6463140062869,46.4364859900499
30.6548986574914,46.4745209263653
30.705752199291,46.4089367495171
30.7220490144633,46.4988406157776
30.6463737301156,46.4478424951597
30.6451143363364,46.4381394482558
30.7196990116381,46.3983287086223
30.6879285314544,46.4348757124717
30.7175956941924,46.3961642796542
30.7297715651839,46.4239168289761
30.7633389536053,46.5791223988112
30.7375590331096,46.5518934146013
30.6345380252789,46.4705393126441
30.6618318149978,46.4473279260119
30.7261569752031,46.4879177161384
30.7525263439212,46.4680978079809
30.7048147948492,46.5144234248328
30.6154238034045,46.466176270044
30.6415283099257,46.3502362844165
30.6363011765698,46.4385640577624
30.7084761252177,46.4170331172285
30.7222359760141,46.4712248051103
30.7930632434838,46.570479076481
30.7090785568812,46.3801298731999
30.7125633124518,46.4715000816125
30.7034463401653,46.5128077496762
30.7083255173018,46.4171680566904
30.7118154662489,46.4837669782917
30.737512292722,46.4515128485222
30.6939606381538,46.4720614297738
30.7249105648649,46.4675238654698
30.7022388801502,46.4864315828652
30.6461582049946,46.363670857239
30.6464204705033,46.4377292322918
30.6135048508213,46.4671370390125
30.724988465511,46.4232673203663
30.7052977788552,46.5131477971201
30.7175619372457,46.4044045827915
30.7150717132575,46.4859026201747
30.7106183929865,46.4758469314771
30.69931760592,46.4745731029572
30.7451855063667,46.4491145244868
30.6987307543857,46.4266947826975
30.7326590824675,46.4712140099534
30.7258479693067,46.494031373357
30.7418383752709,46.4848590883363
30.6493079877868,46.5298227162199
30.6664487266257,46.4709567253794
30.7289743819051,46.4720956144375
30.7241938789204,46.4125117456599
30.6420969846426,46.4416766613493
30.7689685736329,46.5920172137862
30.6384668145325,46.3469779462109
30.7195821606689,46.4474376767742
30.7381770449023,46.4689344326444
30.6582483852754,46.4388735189283
30.7149782324821,46.4492134800922
30.6095474979974,46.495047917303
30.6441613517652,46.4547693875351
30.7053497126193,46.4658524153356
30.7234330492764,46.4871224729099
30.7240848180158,46.4737454742578
30.6803046548856,46.5436441154997
30.7391949466786,46.4696271218819
30.6514762224377,46.4736195307601
30.7490026380275,46.4650697664568
30.7263491301302,46.4275062186615
30.6172622586534,46.476854479459
30.7228851480652,46.398897253555
30.6308325512108,46.4116409363327
30.6827637186154,46.4671370390125
30.6624472301023,46.4959061322804
30.7107274538911,46.4061947796522
30.7160402779578,46.390313304588
30.7074712068825,46.3813785130203
30.7499374457811,46.44457516099
30.7406387053203,46.4814820034043
30.7054587735239,46.3872888614496
30.7143861875715,46.4984411949705
30.7372240603312,46.4209859438645
30.6442652192934,46.4372362534578
30.7644555295333,46.4300664700511
30.6705878476238,46.4815305816105
30.7965791593128,46.6003780628429
30.7468499835058,46.3866195617188
30.7206675763385,46.4696649049312
30.7095303806288,46.447182191393
30.7113013219844,46.4627721972196
30.6962015800744,46.4043703981279
30.6362388560529,46.4428713253849
30.7050952371753,46.4223101497836
30.7564135861635,46.4526661311229
30.7378966025762,46.5536800130763
30.6467840068519,46.4355144259245
30.7300182505634,46.4766835561406
30.6400274241435,46.450489107805
30.7248690178536,46.4237513032362
30.7122075661678,46.5570067206092
30.7278629993535,46.3936777951703
30.7587480088595,46.4575221525569
30.7408308602475,46.4376212807223
30.7984643549494,46.5699519129834
30.7035761745756,46.3791439155319
30.6560879406891,46.5269512044716
30.7035891580166,46.3494626315019
30.7063624210191,46.4213457824295
30.7366268220442,46.4510396608093
30.6372671445819,46.5348748496719
30.7035034673058,46.4725598061863
30.6299107268982,46.4799113080683
30.6989826331416,46.3780518054873
30.8086589528408,46.5792627358515
30.6966741773276,46.4491073277155
30.6952434021269,46.4050181075448
30.6190072331269,46.5184967973881
30.7860314118256,46.5721397314583
30.7222775230254,46.4711618333614
30.7515863427911,46.4155325904127
30.7445752846386,46.4372686389286
30.7198002824781,46.428126940186
30.7526717584606,46.4153994501437
30.7070063996939,46.4773312655576
30.7402232352076,46.4799490911176
30.6125882198851,46.4978978387374
30.7077854061553,46.3970980607302
30.6618422017506,46.4473819017966
30.6226399999252,46.4475528251149
30.7527288856011,46.5487880077857
30.6364855414323,46.4503001925584
30.7479925263159,46.4610071890585
30.71132209549,46.4635440509414
30.7447596495011,46.4582022474447
30.7025219191645,46.433722429871
30.6430369857726,46.5297507485069
30.7169958592171,46.4414193767753
30.7494700419043,46.4471300148011
30.7192965249664,46.4687473165906
30.7098705467836,46.450622248074
30.7260842679334,46.4927467496801
30.6547973866514,46.3786023584917
30.7045655127815,46.38028280459
30.7211453669681,46.41242898279
30.6430188089552,46.442572659376
30.7430666087917,46.4432563526494
30.7016753988098,46.4239150297833
30.6912522923563,46.482942947978
30.7358088652597,46.4820991265432
30.7468370000648,46.4700463338101
30.7079152405655,46.4941447225049
30.7290444924866,46.4547747851135
30.6425877587132,46.4423621538155
30.6984113617365,46.4753377599077
30.7153807191538,46.458497315068
30.7182734298138,46.4710017052
30.7536818701722,46.4655537493267
30.6414348291504,46.4551382220641
30.7480366700154,46.4515686234998
30.7182474629318,46.4758217427776
30.7594283411691,46.4818526371262
30.7400232902158,46.4726893480697
30.6385525052432,46.420509157766
30.7109741392706,46.4875578775735
30.7617627638651,46.5764164128027
30.7058067297433,46.4068388906835
30.6553400944862,46.4746018900424
30.7128022077666,46.4854006453766
30.8097417718222,46.5808820093938
30.6432291406998,46.4425816553401
30.695004506812,46.4672881712097
30.7110624266695,46.471043086635
30.6980296485705,46.4050001156165
30.7163207202839,46.4501760482535
30.7939616976026,46.6010419649952
30.6572330801874,46.5268936303012
30.7487014221957,46.4405755553405
30.7269619485465,46.4234184525636
30.7246534927326,46.4379397378523
30.6367114533061,46.3967184310442
30.6949447829833,46.4402067208115
30.8004222578557,46.5761285419508
30.6932231787037,46.3546083229807
30.7226098991155,46.3935932331076
30.7075231406466,46.4029958148098
30.8141353682644,46.5811914705597
30.6936931792687,46.4293018131006
30.7265958155097,46.4814064373056
30.7230383526693,46.4169323624304
30.7115064603525,46.4834125373052
30.6613150740451,46.4474250824244
30.8021127018769,46.5987911747715
30.7027452343501,46.4679682660975
30.705256231844,46.4507499907645
30.6275918843315,46.3945576004616
30.7382523488603,46.4825759126417
30.669245359822,46.3408031164363
30.7233940989533,46.4641359853808
30.7732531091706,46.5815836945955
30.6936698090749,46.4838137573052
30.7393040075832,46.4448396423352
30.7318359323066,46.473178728518
30.7293353215656,46.5040348854626
30.7015170008293,46.3440110772428
30.7024076648835,46.3651174082701
30.7595062418152,46.4594490880723
30.7980333047074,46.5711447778262
30.7583636990052,46.4463959441286
30.7021324159338,46.4564696247545
30.728148635056,46.4283032610828
30.6889074829076,46.4837291952424
30.6150265101092,46.5002889660015
30.6454103587917,46.4473621106755
30.6346470861835,46.4505070997332
30.6913509665081,46.375415987999
30.7088292748135,46.4229614575861
30.7239939339286,46.4133159848526
30.6920131220003,46.5081802257309
30.709405739595,46.4211010922053
30.6962794807205,46.4373442050273
30.7098679500954,46.3628648188535
30.6402221757588,46.4391164099597
30.6271582374013,46.4284723852084
30.6446469324595,46.4400357974931
30.6452987011989,46.4381484442199
30.7173256386191,46.4759170999973
30.8158985195553,46.5830680286759
30.7241575252855,46.48553018726
30.6590897122537,46.5124982885103
30.7104989453291,46.4876370420578
30.6983178809612,46.4900623539856
30.6757890140977,46.4682597353351
30.7412956674361,46.4627685988339
30.7353077044362,46.5544644611478
30.7243315033952,46.4180586571387
30.7199145367591,46.4120223652116
30.6437277048351,46.5347129223176
30.6437952187284,46.4447910641289
30.6613851846266,46.4476733710342
30.6318140993522,46.426032679738
30.7512773368947,46.4506348424238
30.7096082812749,46.4977503049258
30.7046278332984,46.4033772436886
30.6152550186712,46.4895459856449
30.7036644619745,46.3787462939177
30.7050848504224,46.514247103936
30.7307531133253,46.4212234373174
30.6382642728525,46.4444816029631
30.7730246006086,46.5628954787247
30.7019350676302,46.3728683309592
30.73862886865,46.4712391986529
30.7205377419282,46.4275853831458
30.7195977407982,46.4312827244006
30.7291171997564,46.4633173526455
30.7046044631046,46.3831974969661
30.7113610458131,46.4473333235903
30.6904706892068,46.4769660294141
30.7101276189159,46.4448918189271
30.6464360506325,46.4421858329187
30.6625355175013,46.5224100417819
30.6974064434013,46.4898392540753
30.698011471753,46.4074776041362
30.7304207372351,46.4718581209846
30.6867522316977,46.4450897301379
30.7127035336149,46.3991131566939
30.6321932158301,46.4505466819754
30.7118907702068,46.4818274484266
30.702020758341,46.4383337610809
30.7230357559811,46.4254173557919
30.6842646043977,46.342602309261
30.7520641334207,46.5471507423152
30.7991914276467,46.5991312222153
30.7417163309253,46.4365687529198
30.7260245441046,46.3696027959822
30.6451558833476,46.4398774685245
30.73842632697,46.4689578221511
30.6744205594139,46.3342018779622
30.6385706820607,46.3956820959771
30.6366984698651,46.4416406774928
30.7023141841081,46.4250755091552
30.8067296135048,46.5901874346835
30.7648658062696,46.5802684846406
30.6874974812124,46.3555528992137
30.7276396841679,46.443599998479
30.7480626368974,46.4651435333626
30.721397245724,46.4745497134505
30.7445233508745,46.4743050232263
30.6292771349763,46.5073310067176
30.8128915546144,46.5949067174628
30.7577664607181,46.4361531393773
30.6928180953437,46.3574924290788
30.6348054841639,46.4113080856602
30.7157260786851,46.4945819263614
30.6152498252948,46.4928852875276
30.7240328842517,46.394584588354
30.6854590809718,46.4822016805342
30.7341340013677,46.4759260959614
30.7056587185157,46.5128779181963
30.7302883061367,46.4435640146225
30.6445820152544,46.4368062463727
30.6504946742964,46.3620407885398
30.7242250391788,46.5045422578392
30.6719537056195,46.4695551541689
30.644576821878,46.4382168135473
30.7288757077533,46.3865601883556
30.7498907053935,46.43861983274
30.7181150318333,46.3832208864728
30.6441483683242,46.4451023244876
30.7478730786585,46.451032464038
30.7235836571923,46.483333372821
30.7642945348646,46.4301726224278
30.7024933555942,46.3508462107841
30.6806500144168,46.456381464306
30.747854901841,46.451771932289
30.7569536973101,46.5641783032087
30.7051056239281,46.3875983226155
30.7656603928602,46.5763552402467
30.6938256103671,46.3705707617219
30.7453257275297,46.4468907221554
30.7128048044548,46.3623736392123
30.619287675453,46.4652226978469
30.7406516887614,46.468076217667
30.6864847728126,46.4901415184698
30.7043266174667,46.4303273530107
30.7074660135061,46.402357101357
30.7207091233498,46.468034836232
30.7164453613177,46.4202554715777
30.6436056604895,46.4430026664611
30.764883983087,46.4299801087955
30.6300769149433,46.4798267460055
30.6768043191857,46.49291227542
30.7506904853605,46.438240203054
30.6493469381099,46.3550509244156
30.6372463710763,46.3802594150833
30.7108728684306,46.395313261448
30.7437391510367,46.4737112895941
30.7149990059878,46.3921592764262
30.613652862049,46.4918327597251
30.7412982641243,46.3916878879062
30.7129112686712,46.4771297559612
30.7448297600826,46.4766277811631
30.7041993797447,46.4590550648436
30.7461203141203,46.4442926877165
30.7278136622776,46.4223749207253
30.7176632080857,46.4941609152404
30.6398015122697,46.4405341739056
30.6693622107913,46.4612051002692
30.6367088566179,46.4414301719323
30.7202339294083,46.3984006763353
30.7319761534697,46.3874130057545
30.620949555904,46.4523836578494
30.6620551301834,46.5111992712908
30.7062429733617,46.4460055192857
30.7318722859415,46.3811949953521
30.7572730899593,46.4389149003633
30.6867262648157,46.4870648987395
30.7119686708529,46.3930840615382
30.7136435347449,46.4483822530072
30.7280681377217,46.4719840644824
30.7265075281107,46.3679151531126
30.6551427461827,46.474677456141
30.7060949621341,46.4456744678059
30.6475448364959,46.4462915909448
30.6367919506405,46.4421228611698
30.7283745469298,46.3881272853059
30.7271878604203,46.4154444299643
30.7263023897425,46.4817752718347
30.7009483261125,46.4247750439535
30.6823352650616,46.334748832581
30.7386522388438,46.456525399732
30.6976972724803,46.4607948843052
30.747969156122,46.4338825580324
30.6415412933668,46.442254202246
30.8014193861263,46.5700004911897
30.6951784849218,46.4318368757907
30.7152249178616,46.3643293618128
30.6553037408513,46.4743266135402
30.6193318191525,46.4685637989225
30.6416243873893,46.4124019948976
30.7067752944437,46.4615559428701
30.7257700686606,46.4982180950602
30.694864285649,46.4662698280709
30.7971322539004,46.5780392847307
30.7150535364401,46.3911175437807
30.6883102446205,46.5032432406198
30.8087732071218,46.5919974226652
30.7243912272239,46.3913190533771
30.7165544222223,46.4666404617928
30.6925454430823,46.4567970778486
30.7038332467078,46.4042588481727
30.7172814949196,46.3882100481759
30.7796643323478,46.5611790487699
30.6215649710085,46.5154201776577
30.6381552119479,46.4949741503972
30.7649021599045,46.4487690794645
30.6949240094777,46.3790233696127
30.6414348291504,46.4430836301382
30.7150821000103,46.4183861102328
30.7247911172074,46.417326385659
30.6368309009636,46.4411315059234
30.7184967449994,46.4919748959583
30.6385810688135,46.4501328676257
30.7414956124279,46.4388861132781
30.7441416377084,46.4716584105811
30.7194627130115,46.412254461086
30.6617487209753,46.447090432559
30.7058976138305,46.4459947241287
30.8001392188414,46.5704988676021
30.73170090452,46.4612158954262
30.6914158837132,46.4599114806282
30.6361817289124,46.4437673234117
30.7111818743269,46.4441001740842
30.7488494334234,46.4447316907657
30.6343173067815,46.4376500678075
30.730571345151,46.4761941756923
30.6866899111808,46.4810969761398
30.6317076351358,46.4429468914836
30.7149418788473,46.4421138652057
30.8053144184332,46.5743491402471
30.6836258190993,46.4468043608998
30.7671846488364,46.5839100509179
30.702033741782,46.3645146786738
30.7764392455977,46.5676075647327
30.6536963908527,46.4770092100419
30.7222203958849,46.4992040527282
30.7216776880501,46.4512861502263
30.6796866430929,46.3443097432517
30.7493713677525,46.4449979713038
30.7562214312364,46.4528388536341
30.7071751844272,46.4751974228674
30.7007094307976,46.4258491620699
30.7040695453344,46.3814414847691
30.643016212267,46.4372146631439
30.7311348264914,46.4745623078002
30.7103483374133,46.4519248636791
30.715611824404,46.4897061138063
30.646264669211,46.5265751731712
30.744250698613,46.4726695569486
30.7245548185808,46.4444690086133
30.6971779348393,46.3639443345483
30.8011311537356,46.571824872714
30.7234745962877,46.415221330054
30.7071673943626,46.4472613558773
30.7284005138119,46.4721279999083
30.6211936445952,46.4146132028792
30.7066688302273,46.4644544425107
30.6902785342796,46.4280297837735
30.7392442837545,46.4575437428708
30.7093953528421,46.4308437213514
30.6399651036266,46.4217416048509
30.7075854611635,46.4481177716619
30.7129268488005,46.481156349503
30.713898010189,46.4931443712944
30.6827741053682,46.5024821820549
30.7307557100135,46.462018335426
30.7613576805051,46.4567664915705
30.7497946279299,46.4467215980299
30.7327577566193,46.4744849425088
30.6900240588356,46.4940475660924
30.694952573048,46.4665792892368
30.7547439156479,46.4407320851163
30.6214818769859,46.5282934023189
30.6942826274912,46.3817581427063
30.8129071347436,46.5939513460729
30.707273858579,46.4666062771292
30.7300779743921,46.3951225470086
30.6345068650204,46.4431591962369
30.6942255003507,46.4401095643989
30.7398519087943,46.4695803428685
30.6460465474018,46.3884871238709
30.7008678287781,46.4975685864505
30.7666237641841,46.4302086062843
30.7047187173856,46.5585414320888
30.7195769672925,46.3788506471015
30.7068739685954,46.4591450244849
30.750062086815,46.4429127068199
30.6170675070381,46.4759800717462
30.762598897467,46.4564264441267
30.7418487620237,46.439749725834
30.7590674015087,46.4360973643997
30.7041318658513,46.3826253536478
30.746927884152,46.4634217058293
30.7456814738138,46.4721297991012
30.7420201434452,46.4624267521972
30.6156315384609,46.4878205597259
30.7053471159311,46.514452211918
30.644361296757,46.4448900197343
30.6098668906466,46.5145277780166
30.6419152164682,46.4418367895107
30.6192201615597,46.4655051711204
30.6458647792275,46.4443214748017
30.6993799264369,46.4813632566778
30.6120766723087,46.4853754566771
30.7232642645431,46.3886688423462
30.6952979325792,46.4490155688815
30.6633093305862,46.5124515094969
30.7319605733404,46.4747134399975
30.7260842679334,46.4384776965069
30.7586285612021,46.4441523506762
30.7545569540972,46.4659549693266
30.7418617454647,46.4694382066353
30.7310595225334,46.4824895513861
30.723199347338,46.4928205165859
30.6947915783793,46.4305252642214
30.615151151143,46.4879357080667
30.753209272919,46.4665936827794
30.6584820872138,46.4927431512944
30.6867911820208,46.4449188068195
30.727691617932,46.4867626343449
30.7248534377244,46.5036426614268
30.7132774017081,46.4935761775723
30.6867911820208,46.4833621599062
30.694750031368,46.4417918096901
30.7219529369998,46.4107521350773
30.7298286923244,46.5279911379243
30.6513489847157,46.351206049349
30.7498984954581,46.4385856480763
30.7668392893051,46.4304532965084
30.7204598412821,46.4099281047636
30.6883959353312,46.4654763840352
30.7499763961042,46.4425528682549
30.7490026380275,46.4383787409015
30.7454555619399,46.4381700345338
30.6849397433309,46.4558614975797
30.7012183816857,46.4514318848451
30.6104952891921,46.5088603206187
30.7063961779658,46.4657696524656
30.715788399202,46.3950217922104
30.7015481610877,46.4378983564173
30.6896085887228,46.3774544734695
30.704253910197,46.3838506039615
30.6373762054865,46.5347525045598
30.7366657723672,46.3947860979504
30.7018415868549,46.3681040683592
30.7532819801887,46.4658470177571
30.7280032205166,46.3871773114945
30.7114207696418,46.3817113636929
30.6417905754344,46.4530817446654
30.8019802707785,46.5743239515475
30.6464646142028,46.4372668397358
30.6493313579807,46.4434056856539
30.7308907378001,46.4724590513881
30.7012677187616,46.503754211382
30.7918843470389,46.5746532038345
30.7328226738244,46.4714802904914
30.6581886614467,46.4459821297789
30.718021551058,46.391678891942
30.6447715734933,46.4466118472676
30.7311400198678,46.4735835469036
30.7307557100135,46.5584280829408
30.7151366304626,46.5708641037455
30.7244795146229,46.5522118717312
30.7079879478352,46.3810294696123
30.7051367841865,46.5123489555059
30.7034749037356,46.3872096969653
30.7644035957692,46.4540281200913
30.6748983500435,46.4964836731771
30.7005666129464,46.4801164160503
30.6992007549507,46.3430683002027
30.6879467082718,46.5471669350506
30.6817276400217,46.3825407915851
30.6852539426036,46.4667951923758
30.6190124265033,46.4675598493263
30.7447752296303,46.419143570412
30.7546088878613,46.4679898564114
30.7018389901667,46.4951630656438
30.799804246063,46.581722232443
30.6762719981038,46.4890566051965
30.741815005077,46.3991491405504
30.813558903483,46.5940664944136
30.7249079681767,46.4265454496931
30.8092743679453,46.5949606932475
30.7238537127656,46.5519078081439
30.7310958761683,46.4730617809844
30.7121036986396,46.484995826991
30.6858719543963,46.4870253164974
30.7228410043658,46.4233770711286
30.6869391932484,46.4790458963195
30.7605319336561,46.4334381574047
30.72632056656,46.4975344017868
30.7098705467836,46.4501058797333
30.740672462267,46.4551526156067
30.6763265285561,46.3887947858439
30.6848514559319,46.4822574555117
30.7276137172859,46.3879761531087
30.6859083080312,46.4870217181117
30.6929920734535,46.4088521874544
30.7315061529046,46.4203418328333
30.7015819180344,46.3484676778698
30.7121452456509,46.3879689563374
30.7236927180969,46.4834017421483
30.6947214677977,46.4394816461031
30.7493687710643,46.4585476924671
30.8067919340217,46.5786564078696
30.6862952145737,46.3785735714065
30.7027036873388,46.3728305479098
30.7025219191645,46.3491603671073
30.6984347319304,46.3936274177712
30.6553011441631,46.4742834329124
30.7280525575925,46.4716638081596
30.7397766048364,46.4711474398189
30.7439364993402,46.4808630810726
30.8086719362818,46.5918318969253
30.6464516307617,46.5256377937095
30.7112286147146,46.388291011853
30.7583533122524,46.5916303873289
30.6234423765804,46.4729880140786
30.6923221278967,46.4766457730913
30.7208467478246,46.4115779645839
30.7335237796396,46.4729862148858
30.6111496546197,46.5055659985565
30.7092551316791,46.4796054452881
30.7400077100866,46.4771225591899
30.7231889605852,46.4655519501339
30.7142953034843,46.4773294663647
30.7234070823944,46.4610071890585
30.6461841718767,46.4413779953404
30.7145393921755,46.4864387796365
30.7144588948412,46.3829150236926
30.7013586028488,46.365446660557
30.7095433640698,46.4360541837719
30.672709341887,46.5151538971197
30.7077672293378,46.4792510043016
30.7699267515804,46.4383913352513
30.7566291112845,46.4362934764176
30.745697053943,46.4640010459189
30.7944732451789,46.6011625109145
30.728439464135,46.4250809067337
30.7026621403275,46.3661033659381
30.7347052727727,46.384019728087
30.7286627793206,46.479164643046
30.6839114548018,46.3744462230665
30.7584467930277,46.5741782169287
30.7389664381166,46.4684360562319
30.6431901903767,46.4535333420645
30.7401531246261,46.4719768677111
30.6494819658966,46.4802081748843
30.7261102348154,46.4376068871797
30.6345613954727,46.4097355911313
30.614135846055,46.4869551479772
30.7719521683801,46.5726111199784
30.6879986420359,46.3401733989476
30.7382367687311,46.4505970593744
30.7098965136656,46.4419285483447
30.7135111036465,46.4618024322871
30.7177488987965,46.3917904418972
30.7514694918219,46.4702802288773
30.7068843553483,46.5128149464475
30.7392806373893,46.4684072691467
30.6553141276042,46.3508012309635
30.7360737274566,46.4787922101313
30.6919949451829,46.3423468238799
30.7595841424614,46.4814820034043
30.6950097001885,46.4290031470917
30.7594932583742,46.4560935934541
30.7073050188374,46.4464283295995
30.7620016591799,46.4316137758804
30.6387238866647,46.4950083350608
30.6587729162927,46.4385856480763
30.7324305739055,46.5321904539773
30.7801473163539,46.5753926720855
30.6325801223726,46.4771333543468
30.71814878878,46.3811985937378
30.7454140149287,46.4378821636819
30.7358556056474,46.5289447101215
30.7164479580059,46.4742816337196
30.7098939169774,46.4424125312146
30.6474357755913,46.4463329723798
30.7568861834168,46.4370563341753
30.7535468423856,46.4656814920172
30.7130774567163,46.4400142071792
30.6457401381937,46.4445013940842
30.7019376643184,46.4786140900416
30.6577056774406,46.5259346605256
30.728478414458,46.4749473350647
30.6391809037888,46.3932225993857
30.7001797064039,46.3951351413584
30.6963885416251,46.4323856296022
30.7607890057883,46.5566126973806
30.6868327290321,46.4809530407138
30.7051030272399,46.5139160524562
30.7121815992857,46.387243881629
30.6582146283287,46.4415956976722
30.7371695298789,46.4265166626079
30.7512747402065,46.4413492082552
30.6186359067137,46.4670092963219
30.7091668442801,46.4310524277191
30.7949666159378,46.5781832201567
30.6913405797553,46.3525194601111
30.7420227401334,46.4393970840403
30.6110587705325,46.4850875858251
30.6362440494293,46.4426788117527
30.7219113899885,46.4801128176646
30.7216179642214,46.4119342047632
30.7581040301847,46.4257843911282
30.7112805484787,46.39298330674
30.6609645211375,46.4479180612584
30.7253000680956,46.4728818617019
30.6289395655097,46.4700499321957
30.7186032092158,46.4920972410704
30.7072504883851,46.3752090808242
30.7799343879211,46.5743977184534
30.7188940382947,46.4681769724652
30.7209376319118,46.4117183016242
30.6109523063161,46.5074245647445
30.7216309476624,46.5071744769418
30.6899851085125,46.3757164532008
30.7419448394873,46.4329109939071
30.6867600217623,46.3451427695296
30.7003874414603,46.3951963139144
30.6899513515658,46.4953375873478
30.7387379295545,46.4469428987474
30.7438014715536,46.4847889198162
30.7419993699396,46.4524232400916
30.6983100908966,46.4714047243928
30.7514149613696,46.46512913982
30.7081541358803,46.3632876291673
30.7657434868828,46.572409610382
30.6814861480187,46.4506546335448
30.7080502683521,46.3625247714096
30.7414125184053,46.4673385486088
30.7346143886856,46.454503106997
30.6286850900656,46.4212522244026
30.7620613830086,46.4556096105842
30.7037137990504,46.4334489525617
30.6391393567775,46.3492179412777
30.7380030667926,46.452223529688
30.6616033064358,46.4471570026935
30.7141317121274,46.4304622924726
30.7113999961361,46.3956802967843
30.7748526691046,46.5760421806952
30.6510373821311,46.5294574800765
30.7983293271628,46.5732642269738
30.7158818799773,46.498014786271
30.7130151361994,46.4126466851218
30.715027569558,46.4763489062752
30.7317995786718,46.558251762044
30.7331420664736,46.4573656227812
30.7988668416211,46.5760475782737
30.6885309631179,46.5474943881447
30.7022233000209,46.4566207569517
30.7412956674361,46.4640136402687
30.6580796005421,46.5191930850112
30.672379562485,46.5268270601667
30.6959730715124,46.4460091176713
30.7231655903913,46.4935401937158
30.7023687145604,46.3482139916815
30.7431315259968,46.4723025216123
30.7298338857008,46.4703647909401
30.6911743917102,46.4802207692341
30.7812197485824,46.5734837284984
30.7454789321338,46.4721459918366
30.7093979495304,46.4865431328203
30.7249365317469,46.4688552681601
30.7047187173856,46.4905319433128
30.7199119400709,46.4123066376779
30.6364517844857,46.4431286099589
30.8015881708596,46.5992769568341
30.690956269901,46.4856039541658
30.6333175818227,46.4455107412589
30.727019075687,46.4241309329222
30.6338083558934,46.482131512014
30.6184255749691,46.468918239909
30.7200028241581,46.4343989263731
30.7000732421875,46.4550500616157
30.7215660304573,46.4875039017887
30.7500724735678,46.468106803945
30.7272761478193,46.4669679148869
30.7316230038738,46.4717033904017
30.793408603015,46.5705420482299
30.6417438350467,46.4705824932719
30.7281823920027,46.5260731983731
30.7221321084859,46.3854015081764
30.7328668175239,46.4743230151546
30.7246950397439,46.415437233193
30.7098030328903,46.3954104178606
30.7571614323665,46.4494185880742
30.731472395958,46.4208096229677
30.6810031640126,46.3485630350895
30.711792096055,46.4838245524621
30.6400014572614,46.4412700437709
30.8015492205365,46.5745002724444
30.6511698132296,46.3459254184084
30.7688127723407,46.4376428710362
30.7449258375462,46.4517863258316
30.6883284214379,46.4520130241275
30.7162194494439,46.3650814244136
30.7163155269075,46.4759530838538
30.6565475545014,46.3678161975072
30.7150223761816,46.4816871113863
30.6977440128679,46.4419303475376
30.7585844175026,46.4457410379404
30.7325162646162,46.4314554469118
30.7043344075313,46.3886760391175
30.7064818686765,46.3959411797439
30.6297990693054,46.480560816678
30.7477795978831,46.4457644274471
30.739085885774,46.459195401884
30.7424953373867,46.4725022320159
30.7055860112459,46.3939620676366
30.6436601909418,46.350723865672
30.6749217202374,46.5050550277943
30.7531547424667,46.5492486011489
30.6103316978352,46.4846413860046
30.7433652279352,46.4580888982967
30.6437147213941,46.4743913844819
30.6078726341054,46.5131531946985
30.6945578764409,46.440057387807
30.7157987859548,46.4358238870903
30.7560500498149,46.4633137542599
30.7381199177618,46.4614192042154
30.7507917562005,46.4282312933698
30.714926298718,46.3922654288029
30.6661189472237,46.4617034766817
30.7121841959739,46.3745343835149
30.716588179169,46.4182151869144
30.7455983797912,46.455591618656
30.7013040723965,46.4786734634048
30.7532949636297,46.4660107443042
30.7064740786119,46.4618600064574
30.7087176172207,46.4475582226934
30.6735272986715,46.3301213086357
30.7567952993296,46.4387565713947
30.7066376699688,46.4652874687886
30.7048771153661,46.4115977557049
30.8076851947641,46.5833217148642
30.6350002357793,46.443896865295
30.7260557043631,46.4736339243027
30.7445233508745,46.4708559705812
30.7099380606769,46.4796180396378
30.811655531029,46.583251546344
30.6956926291863,46.4698916032272
30.6748645930969,46.3253624436142
30.6876377023755,46.4351240010815
30.6337044883652,46.4479432499579
30.7078633068014,46.4803665038529
30.7388340070181,46.4845568239418
30.6460465474018,46.443650375878
30.7597139768716,46.4343161635032
30.7539649091865,46.4336144783015
30.7079074505009,46.397778155618
30.7241289617153,46.477203522867
30.6399754903794,46.4504639191054
30.7065208189996,46.4328480221582
30.6881985870277,46.4650049955151
30.7112130345854,46.3612491436969
30.7240224974989,46.4262737715765
30.7936319182006,46.5654845171995
30.7508462866528,46.4412736421565
30.6463321831043,46.4409533858337
30.7043863412954,46.3827117149034
30.7952262847582,46.5747125771977
30.7061468958981,46.3956910919412
30.7985915926714,46.5767438658969
30.7306336656679,46.3871125405528
30.727450125929,46.4766781585622
30.7193977958064,46.3991707308643
30.7155053601877,46.4241255353437
30.7091590542155,46.3733343219008
30.746281308789,46.4282115022488
30.616470268751,46.4882397716541
30.7413008608125,46.4606833343501
30.7211064166451,46.4078662297864
30.7395506929626,46.4341038587499
30.7306336656679,46.4278732539977
30.6345925557312,46.4437403355193
30.7094368998534,46.4864117917441
30.6898994178017,46.4297426153426
30.730812837154,46.4687545133619
30.7407529596013,46.4618564080718
30.6093709231995,46.4952278365854
30.7079905445234,46.4459515435009
30.6074571639927,46.5113180180173
30.7061650727156,46.432049180544
30.7120335880581,46.4811509519245
30.7054457900829,46.44687452942
30.7218646496008,46.4987110738942
30.7244976914403,46.3968839567841
30.6545403145192,46.4864603699504
30.6938437871846,46.4903736143442
30.7188654747245,46.3984996319407
30.6417230615411,46.4366155319332
30.708086621987,46.4460091176713
30.7554528115278,46.4293827767777
30.6173089990411,46.4753341615221
30.7221944290028,46.4232763163305
30.7056015913752,46.5134140776581
30.7076477816804,46.4138809313996
30.7136876784444,46.4158942281705
30.7780621757256,46.5748583118165
30.7207948140605,46.480868478651
30.7090344131817,46.4208869882592
30.6187527576829,46.4672377938107
30.6025104729629,46.5135760050123
30.7439624662223,46.4487834730071
30.6287500072707,46.5060014032201
30.7309608483817,46.3901675699692
30.7751253213661,46.5852504495723
30.7363437830299,46.4294457485266
30.7286497958795,46.5535666639283
30.7084475616475,46.4457176484337
30.6356675846479,46.4399476370447
30.7376732873906,46.4549619011673
30.6947863850029,46.4513131381187
30.7035865613284,46.4799796773956
30.6845814003586,46.3431042840592
30.6439380365797,46.4396183847578
30.7964051812031,46.5775930849101
30.7972465081814,46.5763174571974
30.6416165973247,46.4395895976726
30.6977803665028,46.460755302063
30.6950356670705,46.3622980731137
30.7345520681687,46.4815611678886
30.7262868096133,46.4191075865555
30.6397080314943,46.4415003404525
30.7650164141855,46.443024256775
30.6963885416251,46.4277796959708
30.70439413136,46.4023337118503
30.6839192448665,46.4515380372218
30.7006652870982,46.4072329139121
30.7046901538153,46.4427291891518
30.6556958407702,46.5376312130794
30.6358986898981,46.4504459271772
30.7804251619918,46.5732984116374
30.7301974220495,46.4534109969524
30.7261881354615,46.4983656288718
30.7080294948465,46.5129498859093
30.6484017436034,46.3638255878219
30.6851033346878,46.4824571659153
30.8105882921769,46.5745002724444
30.7167517705259,46.4021735836888
30.6797359801688,46.4882433700397
30.7443260025709,46.4553559243959
30.6952018551156,46.4294817323831
30.7097718726318,46.4696828968595
30.6587391593461,46.4927737375725
30.7177437054201,46.4628063818833
30.763398677434,46.4781355047502
30.7458995956229,46.4692456930031
30.6945890366993,46.4401869296904
30.7273280815834,46.5536908082332
30.6415231165493,46.4506294448453
30.6222089496832,46.5122841845642
30.7071570076098,46.4210273252995
30.7310958761683,46.4149478527446
30.6635378391483,46.4687581117476
30.7252922780309,46.487059501161
30.7232382976611,46.4928475044783
30.7124075111595,46.3872708695214
30.7592985067589,46.4564894158755
30.7413761647705,46.4632327905827
30.6357039382827,46.4384543070001
30.7236537677738,46.4979859991858
30.6878506308083,46.4540982886114
30.718746027067,46.5008413181987
30.6549298177499,46.5263052942475
30.7583766824462,46.4343017699606
30.6344808981384,46.5316812824079
30.7339210729349,46.4900011814295
30.6144578353924,46.4757335823292
30.6321828290773,46.404512534361
30.7479795428749,46.4767843109388
30.750075070256,46.4370347438614
30.7437858914244,46.4848536907579
30.7228410043658,46.5020377814272
30.7056691052685,46.4711024599982
30.6441353848832,46.4381448458343
30.7268606777065,46.4773276671719
30.7326590824675,46.4566261545302
30.7286965362672,46.5096357727261
30.7141940326443,46.393742566112
30.7221113349803,46.406966633374
30.7966960102821,46.5681473225801
30.7063234706961,46.5125990433085
30.743780698048,46.4737076912085
30.6274282929746,46.4335011291536
30.6115755114853,46.5036606533551
30.6335460903847,46.4430134616181
30.6851760419575,46.4825399287852
30.6389342184093,46.4606779367716
30.7271956504849,46.4735331695045
30.6237877361117,46.4441523506762
30.7074218698066,46.4037928572311
30.6446235622657,46.4465434779403
30.6444573742206,46.372870130152
30.7108469015485,46.3924327537356
30.7445960581442,46.4638840983853
30.7435002557219,46.4724554530025
30.6845502401002,46.4556024138129
30.726346533442,46.4305486537281
30.7282758727781,46.4509748898676
30.7240692378866,46.4252122478099
30.7149081219006,46.4703432006262
30.7056067847516,46.4694166163214
30.8066543095468,46.5740090928032
30.7136591148742,46.3989332374115
30.6822963147386,46.3818049217197
30.7932216414642,46.5674546333426
30.7141680657623,46.4619103838565
30.7067129739268,46.3918498152604
30.7129865726292,46.4627344141703
30.7484183831814,46.4325043763287
30.7325993586388,46.4730689777557
30.7217244284378,46.464472434439
30.6609437476318,46.4471282156083
30.7255026097755,46.3942427417173
30.6402325625116,46.4600626128255
30.644335329875,46.4420922748918
30.6777365302512,46.3206287672922
30.7418176017652,46.3990034059316
30.7679610586095,46.4349872624268
30.7485845712265,46.4651903123761
30.6458154421516,46.4479414507651
30.6443275398103,46.4530727487013
30.7105197188348,46.4419069580309
30.6194564601863,46.4686231722857
30.711335078931,46.4884862610711
30.7209947590523,46.4098219523869
30.7185382920107,46.4247534536396
30.6416347741421,46.4551724067278
30.6177867896707,46.4843733062737
30.710345740725,46.3818355079978
30.7262089089672,46.4678495193711
30.6461400281772,46.4422721941743
30.7328460440182,46.5302509241122
30.7359438930464,46.491444134075
30.7064169514714,46.4054751025223
30.6498325188042,46.3990213978599
30.7061287190807,46.445375801797
30.711348062372,46.4869803366767
30.8149974687483,46.5939225589877
30.7380212436101,46.4517395468182
30.7304337206761,46.4815719630455
30.6963833482487,46.4580565128259
30.7114519299002,46.3812219832445
30.7198210559838,46.4107251471849
30.7000862256285,46.4787346359609
30.7101743593035,46.4061228119392
30.6375787471665,46.4439850257435
30.7304441074289,46.3874166041402
30.7039137440422,46.4788605794586
30.7094680601119,46.4472253720208
30.714469281594,46.4995315058223
30.7477380508718,46.4382491990181
30.7908248982514,46.56926821971
30.7053315358019,46.5545490232106
30.7368631206708,46.4798735250189
30.7111351339393,46.4656473073536
30.71286972166,46.3931488324799
30.7648346460112,46.4433679026046
30.7193147017839,46.3895252581308
30.6091969450898,46.5125576618735
30.7462371650895,46.4674680904922
30.794322637263,46.5706913812344
30.7165829857926,46.3845271004636
30.7242769729429,46.4768382867236
30.6153459027584,46.500324949858
30.7478860620995,46.4509730906748
30.7043759545426,46.3889819018977
30.724632719227,46.4980651636701
30.6544052867325,46.4726299747065
30.7172685114786,46.4260830571371
30.654677938994,46.5345527941562
30.6758097876034,46.4967049738946
30.7121686158447,46.3982063635103
30.6320815582373,46.4856597291434
30.7159078468594,46.3768049648597
30.7601709939956,46.4763489062752
30.6450442257548,46.4398612757891
30.7581248036904,46.4820937289647
30.7584805499744,46.5651768552265
30.7213401185835,46.4780023644812
30.702477775465,46.4430404495104
30.7121945827267,46.3813965049485
30.7607448620888,46.4529486043964
30.6545870549069,46.5337467557707
30.7011249009104,46.465694086367
30.8119411667315,46.5837985009627
30.708442368271,46.4834125373052
30.7126515998508,46.3810672526616
30.7413501978884,46.4630978511209
30.711651874892,46.4644634384749
30.6978660572136,46.5545598183676
30.6910990877523,46.3436080580501
30.7282732760899,46.3892499816286
30.7328122870716,46.4808145028663
30.6466411890007,46.4366317246687
30.7647177950419,46.5543727023138
30.7222931031546,46.4750336963203
30.8082772396747,46.5767708537892
30.7388911341586,46.4826838642112
30.7426667188082,46.4539291644859
30.7242484093727,46.4645408037663
30.609960371422,46.46965770816
30.6419593601677,46.4446021488823
30.8092977381392,46.5848474303796
30.7215842072747,46.4806057964986
30.7137577890259,46.4786536722838
30.7382835091187,46.4726353722849
30.8147300098633,46.5940413057141
30.7057080555916,46.5129822713802
30.6972714156147,46.4590838519288
30.7583896658872,46.4578586016152
30.7490675552326,46.4621424797309
30.728566701857,46.4748699697733
30.614250100336,46.4759548830466
30.729023718981,46.4533246356968
30.6365296851318,46.4425780569545
30.7575561289736,46.4397929064618
30.6950434571351,46.431597583145
30.7227812805371,46.4866834698607
30.6151018140672,46.4901559120124
30.6413049947401,46.3913550372336
30.7654890114387,46.4373873856551
30.7070141897585,46.4730689777557
30.7150483430636,46.4803539095032
30.729366481824,46.4531878970421
30.7512435799481,46.4271445809037
30.6646310448824,46.3286135850485
30.6355741038725,46.4434704565956
30.8132213340164,46.5936508808711
30.7308725609827,46.4696037323752
30.7086475066392,46.4852387180224
30.6719900592543,46.4677775516581
30.7374837291517,46.5321724620491
30.6502531822933,46.4460936797341
30.6892164888039,46.354809832577
30.762523593509,46.4321085539072
30.7303194663951,46.468732923048
30.775262945841,46.5759648154037
30.6457894752696,46.3964359577707
30.6872871494679,46.4662428401786
30.6916651657809,46.4879806878873
30.7422927957067,46.4591918034983
30.7052899887906,46.5124659030395
30.6384252675212,46.4953915631325
30.730280516072,46.3874579855751
30.6436991412648,46.4738246387421
30.7438845655761,46.4533822098672
30.7150639231929,46.4184274916677
30.7306752126792,46.3907774963368
30.7132851917727,46.4923581240299
30.7471304258319,46.4683550925548
30.7626170742844,46.4341092563283
30.6466567691299,46.4371319002739
30.758919390281,46.4491379139936
30.6918625140844,46.3452705122202
30.6962872707851,46.4318800564185
30.7449803679985,46.4338339798262
30.7030308700526,46.492286156317
30.7592517663712,46.5945000998844
30.7061391058335,46.4227995302319
30.6153433060702,46.500602025553
30.6450390323784,46.4403290659235
30.6961859999452,46.4910968898598
30.7008937956602,46.424379221532
30.7484157864932,46.4446237391962
30.7408022966772,46.455098639822
30.7301870352967,46.4892311269005
30.7130021527584,46.3571163977784
30.7066558467863,46.461115140628
30.7256921680145,46.3992480961558
30.7264659810994,46.4903214377523
30.7593374570819,46.4816349347944
30.7379173760819,46.4625041174887
30.7524744101571,46.4244889722943
30.6706060244413,46.3248424768878
30.6551765031293,46.3504665810981
30.7479717528102,46.4516513863698
30.6173661261816,46.4863524183809
30.7476887137959,46.4177114129235
30.7233811155123,46.470273032106
30.6408453809279,46.4441631458331
30.7235680770631,46.424954963236
30.7028153449316,46.4868831802642
30.811237464228,46.5829582779136
30.6463815201802,46.3776146016309
30.6815848221705,46.3777423443214
30.6441977054001,46.4432329631427
30.6240941453198,46.5218486936206
30.763094864914,46.4338087911266
30.7600904966613,46.4527291028718
30.6448624575805,46.4467233972227
30.7420928507149,46.4556383976694
30.609098270938,46.5171456035767
30.748628714926,46.4580367217048
30.7588155227528,46.4816169428661
30.6647011554639,46.3285524124925
30.7222749263371,46.4873239825063
30.6952745623853,46.4568474552477
30.6391912905416,46.4520741966836
30.6433537817336,46.4519410564145
30.7766833342889,46.5625626280521
30.7159000567948,46.4797637742566
30.7034489368535,46.4429342971338
30.7207169134144,46.4854186373049
30.7520901003028,46.4496992621549
30.7235317234282,46.5017337178398
30.7148094477488,46.4997977863603
30.703493080553,46.4770164068132
30.7556008227555,46.4096186435977
30.7045161757056,46.5144306216041
30.7502100980426,46.4374377630541
30.7475329125037,46.3898940926599
30.7674131573984,46.4344277134583
30.7206545928975,46.4825903061843
30.6522941792222,46.3508138253132
30.7111429240039,46.4456420823351
30.7329395247936,46.447306335698
30.6826650444636,46.4670956575775
30.7345754383625,46.4635566452912
30.7093330323252,46.3974363089813
30.718618789345,46.4923545256443
30.7231266400683,46.3879797514943
30.7324072037116,46.4155523815338
30.6868327290321,46.3497846870175
30.7214310026706,46.4468709310344
30.741674783914,46.417849950771
30.7100445248933,46.406104820011
30.6463737301156,46.4275260097825
30.7224203408766,46.391052772839
30.7133163520311,46.4766439738985
30.7151210503334,46.473497185648
30.7117453556673,46.4747368295043
30.7615783990025,46.4580331233192
30.6934361071364,46.4759440878897
30.67201083276,46.5289968867134
30.7208571345774,46.411279298575
30.7172711081668,46.496012284657
30.7435366093567,46.3758226055774
30.7467616961069,46.4459659370435
30.7408620205059,46.4765432191003
30.7260063672872,46.4769624310285
30.7273047113895,46.4936931251059
30.6428032838342,46.4524232400916
30.7267879704368,46.3704610109596
30.6950512471997,46.3433777613685
30.7076373949276,46.4865863134481
30.7420668838329,46.3850452679971
30.6870041104536,46.3349683341056
30.7054509834593,46.5142722926355
30.73862886865,46.4829393495923
30.7522017578956,46.4701992652002
30.7496284398848,46.3888973398349
30.7060404316818,46.5130416447434
30.7557748008652,46.4378713685249
30.6856979762866,46.4803395159606
30.7153781224656,46.4689290350659
30.7448894839113,46.3859826474588
30.6944877658593,46.4047842124776
30.6660306598247,46.4995405017864
30.6394353792328,46.4543429788356
30.7146250828863,46.4313582904993
30.7508281098353,46.4499007717513
30.7049809828943,46.3880607151714
30.7607007183894,46.5915692147729
30.660819106598,46.3765278891647
30.7688776895458,46.5780788669728
30.7096446349098,46.3733900968783
30.6943163844378,46.4803970901309
30.7483612560409,46.464328499013
30.6977647863736,46.4872538139861
30.7379355528993,46.4358310838616
30.6170103798976,46.4658362226002
30.8075397802246,46.583107610918
30.6846515109402,46.3456195556282
30.711550604052,46.389584631494
30.7451361692908,46.4324000231448
30.7127476773143,46.4838785282469
30.6650620951244,46.3483327384079
30.7191926574382,46.3991491405504
30.755468391657,46.4078428402797
30.6196096647904,46.4561835530953
30.7297274214845,46.4243540328325
30.6172285017068,46.4752244107598
30.7018208133492,46.3742699021696
30.6900318489002,46.3562761747292
30.7127243071205,46.4682885224203
30.6362128891709,46.4505988585673
30.7203611671303,46.500837719813
30.7172113843381,46.42274735364
30.7169335387002,46.4262143982133
30.7228176341719,46.3837552467418
30.7213011682604,46.4241039450298
30.7401063842384,46.4564048538128
30.7553125903647,46.4630384777577
30.6973986533367,46.4595426460992
30.7632662463356,46.4705465094154
30.6950200869413,46.365549214548
30.7529054603991,46.4324845852076
30.7064481117299,46.4599510628704
30.616698777313,46.4777396823288
30.7592206061127,46.4726371714778
30.6683624858325,46.5164421191822
30.7472862271242,46.4452156736356
30.6941372129517,46.4903412288734
30.7357984785069,46.4498000169531
30.6858148272558,46.3750921332906
30.7532689967477,46.4649366261878
30.7643620487579,46.4316875427862
30.717831992819,46.465181316412
30.8088433177033,46.578149035493
30.7197691222197,46.4675310622411
30.7803342779046,46.5743167547762
30.8079370735199,46.5730411270635
30.705866453572,46.5117264347885
30.7074088863656,46.4462843941735
30.7460190432804,46.4443934425147
30.7323578666358,46.4457032548911
30.7796851058535,46.5559865782776
30.61386838717,46.4926837779312
30.7483378858471,46.5451554374725
30.7396415770498,46.4796522243015
30.8021724257056,46.5772278487667
30.6833375867086,46.4516333944415
30.8024294978379,46.5793113140578
30.7301454882854,46.4791034704899
30.6355896840017,46.3981020103264
30.7124075111595,46.3873068533779
30.6336499579129,46.5306989231256
30.7385224044336,46.4851415616098
30.7036333017161,46.4430908269095
30.7134150261829,46.3890466728394
30.7289432216467,46.4317918959701
30.7100393315169,46.420653093192
30.7239030498415,46.396822784228
30.6607957364042,46.3397415926697
30.7399324061287,46.4378407822469
30.7143316571192,46.4808522859156
30.7041370592278,46.3828646462935
30.8158361990384,46.5830572335189
30.6875909619878,46.3496245588561
30.7220775780336,46.4718419282492
30.6798216708795,46.4882235789186
30.7230876897452,46.5020305846559
30.7463773862526,46.4470886333662
30.669891935185,46.5373253502992
30.6437926220402,46.399235501806
30.7151028735159,46.4587240133639
30.6196434217371,46.4605555916595
30.774058082514,46.5603064402498
30.7280421708396,46.4698376274424
30.7133371255368,46.433240246194
30.6166364567961,46.4976297590065
30.6370178625143,46.4404963908562
30.6377267583942,46.4382114159688
30.7641802805836,46.433312213907
30.6630133081309,46.4332996195572
30.6972584321737,46.477162141432
30.6544260602382,46.5345995731697
30.7183357503307,46.4758307387417
30.7238017790015,46.3966968407303
30.6202588368416,46.4849544455561
30.6431096930424,46.4419897209008
30.6456674309239,46.4479612418862
30.7197821056607,46.4950515156886
30.7582416546596,46.4372452494219
30.7121815992857,46.4894650219677
30.7233343751246,46.3908242753503
30.7243133265778,46.4766745601765
30.7940006479256,46.5655762760336
30.7059599343474,46.4068370914906
30.64097261865,46.4102951400998
30.6409077014448,46.4550158769521
30.7234875797287,46.5051773729064
30.6404870379557,46.4454549662813
30.666212427999,46.3312799888148
30.6948668823372,46.4290553236836
30.7326045520152,46.4709297374871
30.636849077781,46.4393557026053
30.6780533262122,46.3264617504301
30.6418191390047,46.4506618303161
30.717045196293,46.3981505885327
30.6640857403594,46.5347039263535
30.7237005081615,46.5092903277038
30.7314749926462,46.4717123863658
30.6459504699382,46.4638121306723
30.7239186299707,46.4815287824177
30.6488120203398,46.3602865755356
30.8033253552685,46.5742861684982
30.761710830101,46.4144332835968
30.6855967054466,46.3809341123926
30.6915249446178,46.5072896252826
30.7195380169695,46.3989782172321
30.6492482639581,46.5186425320069
30.7200054208463,46.3985805956178
30.6529848982846,46.4738300363206
30.6372983048404,46.5348352674297
30.7132488381378,46.4161802998296
30.7637024899539,46.4176250516679
30.7274449325526,46.5536998041973
30.7112597749731,46.4171626591119
30.6447949436872,46.3734692613626
30.6201056322375,46.5028132335346
30.6433122347223,46.4469177100478
30.7741853202361,46.5580466540619
30.7486261182378,46.4321121522929
30.6711539256525,46.5123651482413
30.7100367348287,46.479513686454
30.6750723281533,46.3363375198452
30.7730921145019,46.5682066959434
30.8082227092224,46.5832731366579
30.7019246808774,46.3642753860281
30.7029737429121,46.466464140896
30.6760045392187,46.3608227349974
30.7219451469352,46.5117120412459
30.6247796710058,46.522183343486
30.7283096297247,46.4226286069135
30.7231162533155,46.4657480621517
30.7069233056713,46.5130542390932
30.7342170953903,46.3935302613587
30.7228280209247,46.3865062125708
30.7270995730214,46.5536872098476
30.7084917053469,46.4754960888763
30.7654786246859,46.4425546674478
30.7219321634941,46.4802621506691
30.7473511443293,46.4597045734534
30.7274345457998,46.4735907436749
30.6955394245822,46.4462358159672
30.7300753777039,46.4374773452963
30.7451906997431,46.4421552466407
30.6867756018916,46.4587510012563
30.6478304721984,46.3901063974132
30.7441546211494,46.4547244077144
30.7446765554786,46.4516837718406
30.7666081840549,46.4298073862843
30.7219892906346,46.5099434346992
30.7370396954687,46.4523764610781
30.674168680658,46.3261954698921
30.6508919675917,46.3641890247725
30.6478071020046,46.3857235636921
30.79946148322,46.569852957378
30.6325515588023,46.4029004575901
30.7398648922354,46.457890987086
30.7017065590682,46.3716358838742
30.7187018833676,46.4516549847554
30.6815640486648,46.3350439002042
30.7148717682657,46.3957738548112
30.7111714875741,46.3871359300595
30.7338379789124,46.4815737622383
30.686578253588,46.4813254736285
30.7321163746327,46.4823744030454
30.6451558833476,46.4380998660137
30.7095122038114,46.4501922409889
30.6462361056408,46.4417378339053
30.6464178738151,46.4387403786593
30.7334484756817,46.4831102729107
30.7016442385513,46.3685106859376
30.706157282651,46.4249063850297
30.7603319886643,46.4298127838628
30.6972168851624,46.4110292107723
30.6448598608923,46.4399008580312
30.7463981597582,46.3980174482637
30.6726366346173,46.4467971641285
30.7043733578544,46.5142111200795
30.7054951271588,46.3884925214494
30.7032204282915,46.4023121215364
30.7495687160561,46.4431250115732
30.7320125071045,46.4747080424191
30.7055600443639,46.4662104547077
30.6418373158221,46.4366155319332
30.7477588243775,46.441802604847
30.6502505856051,46.4469680874469
30.8081941456522,46.5763156580046
30.7224151475002,46.4762373563201
30.7539778926276,46.4581410748887
30.7240224974989,46.3932711775919
30.6845658202294,46.3432878017273
30.7497946279299,46.4275278089754
30.7152041443559,46.4589219245746
30.6414374258386,46.5362998103891
30.6215519875675,46.45132033489
30.7045109823292,46.3868012801941
30.7319216230174,46.3869290228847
30.7124360747298,46.4042606473656
30.7139161870064,46.4008655705052
30.6756565829993,46.4623799731838
30.6452311873056,46.4420131104075
30.6608892171795,46.35020030056
30.7109248021947,46.4461260652049
30.7281200714858,46.4683478957835
30.6917820167501,46.4348037447587
30.711563587493,46.4824607643009
30.655438768638,46.4099946748981
30.701361199537,46.3673951863862
30.7726299040015,46.5666683860782
30.756356459023,46.4352841292429
30.7264296274646,46.4816745170365
30.7095693309519,46.368147248987
30.6426033388425,46.4373801888838
30.7286523925677,46.3882982086243
30.718733043626,46.4039241983073
30.7494960087864,46.4288142318451
30.7111481173803,46.4073642549883
30.7375434529804,46.4506870190157
30.7111221504982,46.4657786484298
30.6501804750236,46.4484470239489
30.7156845316738,46.4062703457508
30.7981215921064,46.5721091451803
30.7276344907915,46.4778998104902
30.7469200940874,46.3917454620765
30.6450286456256,46.447655379106
30.7460294300332,46.437079723682
30.8088978481556,46.5839964121735
30.7215634337691,46.4509622955179
30.6597778346279,46.4920630564067
30.7516928070075,46.5479837685931
30.728377143618,46.4295123186611
30.7090136396761,46.4868346020579
30.7135656340988,46.4610521688791
30.6283890676103,46.4710988616126
30.740088207421,46.4493862026034
30.6264830984681,46.4736447194596
30.708099605428,46.4040951216257
30.7054483867711,46.3874453912254
30.6444262139621,46.4407680689728
30.7152534814318,46.393332350148
30.721093433204,46.4162774562421
30.8078332059917,46.573240837467
30.7262608427313,46.4824661618794
30.735089582627,46.4916942218776
30.6622368983577,46.4472451631419
30.7526068412555,46.467655206546
30.7223216667248,46.4997887903962
30.7465591544269,46.4280927555223
30.6399131698625,46.5322408313764
30.7316957111436,46.4568600495974
30.705282198726,46.4734773945269
30.8012531980812,46.5763048628476
30.7044330816831,46.3886040714045
30.7305323948279,46.4364374118436
30.6149512061513,46.4974228518317
30.7158896700419,46.4753809405355
30.7476757303549,46.4753017760512
30.6976713055982,46.4042858360651
30.7190472428988,46.4680024507612
30.7998198261922,46.5818949549541
30.7461332975614,46.4162900505919
30.7571977860013,46.4383247651168
30.6828104590031,46.457500562243
30.6807383018158,46.3698744740988
30.6878532274965,46.4592403817046
30.6972480454209,46.3497523015466
30.7267490201137,46.4305630472707
30.7368812974882,46.4826910609825
30.7191199501685,46.5368899456356
30.6921689232926,46.4280513740874
30.7664368026334,46.4581086894178
30.7252195707612,46.498117340262
30.6871858786279,46.4785529174856
30.7292781944251,46.4788066036739
30.6368568678456,46.4383139699598
30.7339574265698,46.4731553390113
30.7389768248694,46.4826802658256
30.7266087989507,46.4306620028761
30.6973207526906,46.4272345405449
30.7185642588927,46.4562825087007
30.6801670304108,46.486463968336
30.6398404625927,46.4404730013495
30.694305997685,46.4419123556093
30.7929022488151,46.5672279350467
30.7394909691339,46.4668563649318
30.6539482696085,46.3490290260311
30.7039734678709,46.3812813566077
30.7156455813507,46.4740747265447
30.7368371537888,46.4717987476214
30.7056457350747,46.3876612943643
30.6334110625981,46.3970584784881
30.6541040709008,46.3490308252239
30.7215400635752,46.4119935781264
30.717172434015,46.3880877030638
30.7320151037927,46.4700355386531
30.7049965630235,46.5125432683309
30.646607432054,46.3692501541886
30.7584545830924,46.4341362442207
30.744681748855,46.4643105070848
30.7131164070394,46.4113908485301
30.7111455206921,46.4140968345385
30.7968647950154,46.574431903117
30.6415257132375,46.4525060029615
30.7259700136523,46.4692708817026
30.7691996788832,46.4389292939059
30.6154497702866,46.4837759742558
30.7252611177725,46.4318476709476
30.7374421821404,46.4833981437626
30.6876896361396,46.4593411365028
30.671237019675,46.5122482007077
30.6799774721718,46.3388132091721
30.7239342100999,46.3959285853941
30.8000171744958,46.5813587954924
30.7195380169695,46.4174343372285
30.706271536932,46.4987704472574
30.7264789645405,46.4160291676323
30.7302233889315,46.3876037201939
30.6875883652996,46.4805464231354
30.641099856372,46.45449231184
30.8140263073598,46.5904087354009
30.7317632250369,46.531443788955
30.7276864245556,46.4779393927323
30.7107430340204,46.3894640855747
30.7690257007734,46.4394672525605
30.7247365867551,46.5013432929968
30.6945059426768,46.4875920622372
30.6970818573758,46.3640306958039
30.7935176639196,46.5669850440154
30.7384185369054,46.4813524615209
30.7275202365105,46.4220672587522
30.652621361936,46.4483894497785
30.6430369857726,46.4374197711259
30.7065675593873,46.4630330801792
30.7386003050797,46.4727811069037
30.7114753000941,46.462367378834
30.7044850154472,46.3834511831544
30.6936126819344,46.4990943019659
30.7587999426236,46.4491037293299
30.6792140458396,46.4907838303083
30.6545610880248,46.5366416570258
30.6475370464313,46.4422218167752
30.6541092642772,46.487234022865
30.7442091516017,46.4412826381207
30.7308595775417,46.4570939446647
30.6448754410215,46.4409695785692
30.7426173817323,46.4550590575799
30.7002212534152,46.4439634354296
30.610786118271,46.5118685710217
30.7790151602967,46.5727982360321
30.7143654140658,46.4053725485313
30.7006652870982,46.3463698190361
30.7434223550757,46.4738480282488
30.7219866939464,46.5531942310136
30.698328267714,46.405703600011
30.7462397617777,46.3790413615409
30.6868353257203,46.446217824039
30.7362788658248,46.382069403065
30.7343443331123,46.5270843447406
30.7109377856357,46.4811761406241
30.7159935375701,46.3929509212691
30.7082190530854,46.4770038124635
30.7297352115491,46.3905328061127
30.708556622552,46.3997464725682
30.7346922893317,46.3708280462959
30.7088188880607,46.397376935618
30.7214310026706,46.4155433855696
30.7131267937922,46.4399368418877
30.7243522769009,46.4244439924737
30.7196133209274,46.4932217365858
30.7584701632216,46.4403506562374
30.7207195101026,46.416597712565
30.7154300562297,46.4859152145245
30.7236771379677,46.5532572027624
30.7271956504849,46.4174037509504
30.741991579875,46.3826829278182
30.6454674859322,46.4426176391966
30.722513821652,46.432860616508
30.7266399592091,46.4247660479894
30.7202183492791,46.4919353137161
30.7295975870742,46.4720218475317
30.8022295528461,46.574124241144
30.7058482767546,46.4428389399141
30.6179841379743,46.4385838488835
30.778295877664,46.5748043360318
30.7127528706907,46.4738444298632
30.7290938295625,46.4526463400018
30.7414618554812,46.4566711343508
30.644044500796,46.4393161203632
30.7999236937204,46.5815836945955
30.7068661785308,46.3778826813618
30.6548597071684,46.4750408930916
30.7368838941764,46.3883881682655
30.724328906707,46.4789289487859
30.7026673337039,46.4679682660975
30.7322046620317,46.3793706138278
30.7154482330472,46.4896215517435
30.759376407405,46.5947663804225
30.6761136001233,46.334840591415
30.6223309940289,46.4183213392911
30.7446220250263,46.4639758572194
30.7259570302113,46.4246275101419
30.7131995010619,46.4910141269899
30.7054483867711,46.3881956546333
30.7467850663007,46.4356961443998
30.7303895769766,46.5296445961303
30.6444132305211,46.4525545811678
30.7154612164882,46.4199586047616
30.6453973753507,46.4418529822461
30.6262935402291,46.4826928601753
30.6570305385074,46.3901207909558
30.6918105803203,46.4481807434108
30.6781130500409,46.4879411056452
30.7031217541397,46.4024146755274
30.608971033216,46.4962317861817
30.702617996628,46.4726335730921
30.7199353102648,46.4942598708457
30.6468385373042,46.4137136064669
30.6850410141709,46.4827972133592
30.7023141841081,46.4488320512134
30.6117780531652,46.4732938768588
30.6151355710138,46.490047960443
30.6161794396721,46.5191229164911
30.7276033305331,46.4180154765109
30.723770618743,46.4862030853764
30.7019480510712,46.3650130550863
30.7088448549428,46.44568346377
30.7289925587225,46.4719102975765
30.6140527520325,46.4911220785593
30.7283278065422,46.419533995255
30.7111740842623,46.4759638790107
30.6152628087358,46.4866510843898
30.6900993627935,46.4460972781197
30.6983750081017,46.4267973366885
30.7006341268397,46.4792312131805
30.7243237133306,46.394625969789
30.7669873005328,46.5949445005121
30.6169844130155,46.4649708108515
30.7489948479629,46.4621550740807
30.714152485633,46.3936040282645
30.7232824413605,46.4542062401809
30.693545168041,46.3656643628888
30.7472316966719,46.4448954173128
30.7127087269913,46.4772664946159
30.7045265624585,46.5143262684203
30.704051368517,46.558919262582
30.7064714819237,46.3931686236009
30.7344326205113,46.4706364690566
30.7977113153701,46.5760799637445
30.8045561854775,46.5783451475109
30.6959107509955,46.4291003035042
30.8059116567203,46.5797341243716
30.6843632785494,46.4898698403533
30.7332303538725,46.3893885194761
30.7482288249425,46.4476895637696
30.6391783071006,46.4691359422408
30.7212985715722,46.5528991633903
30.6877363765273,46.4805284312072
30.6986606438042,46.3729690857573
30.7213115550132,46.4225890246714
30.7236174141389,46.4978582564952
30.6419593601677,46.4115437799202
30.6330163659909,46.4850911842107
30.7655097849444,46.4425060892415
30.7497011471545,46.4156945177669
30.7250923330392,46.423373472743
30.7644555295333,46.4767447286967
30.700802911573,46.3665081843236
30.7115012669761,46.4671514325551
30.7126360197215,46.4159320112198
30.8083213833742,46.5796801485869
30.7342196920785,46.3934367033318
30.6167507110771,46.4687671077117
30.7275617835218,46.4901109321918
30.6699204987552,46.3343440141954
30.7410230151746,46.4339743168665
30.7219996773875,46.4718365306707
30.7057833595495,46.3635719016336
30.7213660854655,46.3749913784924
30.6118845173816,46.4654368017931
30.713581214228,46.4053707493385
30.7121867926621,46.472491436859
30.7242432159963,46.3949858083539
30.7258557593713,46.4982270910243
30.6251639808601,46.4689542237655
30.6312012809359,46.4746648617913
30.7279512867525,46.3888523600143
30.7369851650164,46.4507679826928
30.6351118933721,46.4435136372234
30.8076124874943,46.5761483330719
30.7453387109707,46.4645300086094
30.7310231688986,46.474605488428
30.7250352058987,46.5030579237588
30.7156455813507,46.3981110062905
30.731155599997,46.4742636417913
30.7131397772332,46.4776677146158
30.6745763607062,46.5134680534429
30.7060793820048,46.4455017452947
30.6862536675624,46.4564246449338
30.7642296176595,46.4396687621568
30.7036047381458,46.5122625942503
30.7219010032357,46.4234220509493
30.7486339083024,46.4385424674485
30.7386080951443,46.4712967728233
30.6248471848992,46.4769192504007
30.711537620611,46.4671118503129
30.6414166523329,46.4368620213502
30.7412956674361,46.4630600680716
30.7086994404033,46.4831354616102
30.7246664761736,46.4313313026069
30.7247547635726,46.553426326888
30.6985905332227,46.443979628165
30.7118206596253,46.3812831558006
30.6120870590616,46.4740153531815
30.6388173674401,46.3499682046856
30.7185564688281,46.4681949643934
30.6958406404139,46.4741305015223
30.7263984672061,46.4770038124635
30.6495650599191,46.3728161543672
30.6832700728153,46.3439409087227
30.7391456096027,46.4379343402738
30.8019205469498,46.5749068900228
30.7324305739055,46.4562393280729
30.7183980708476,46.4067651237776
30.671592765959,46.3277697636137
30.7368137835949,46.4717627637649
30.6948123518849,46.3393205815487
30.729823498948,46.4281557272712
30.6368724479748,46.4420868773133
30.7753927802512,46.5763804289463
30.8079838139076,46.5762760757624
30.7532508199303,46.4659279814342
30.7803420679692,46.5753476922648
30.7018000398436,46.4459947241287
30.7158948634184,46.4896827242995
30.7240432710045,46.471998458025
30.6862277006804,46.4781624926426
30.7009872764355,46.4245825303212
30.6832207357394,46.3790755462046
30.6938567706256,46.4999741072572
30.6911198612579,46.4419735281654
30.7046563968687,46.3871917050371
30.6434888095202,46.4469860793752
30.7635311085324,46.4330999091537
30.6917067127922,46.4880238685151
30.6134892706921,46.4858234556904
30.7600385628972,46.4765971948851
30.6522084885114,46.3508480099769
30.7448609203411,46.4764802473514
30.7120128145524,46.497737710576
30.677048407877,46.4883729119231
30.6465269347197,46.5266111570277
30.7988564548683,46.5773753825783
30.6525123010314,46.3475968685426
30.7125996660867,46.460755302063
30.6715122686247,46.3319240998461
30.7189433753706,46.3991131566939
30.7437495377895,46.4183375320265
30.7319969269753,46.5315859251882
30.6974038467131,46.3619184434277
30.6579419760673,46.3498944377798
30.7271878604203,46.5539336992645
30.6293784058163,46.4178553483495
30.7066766202919,46.4646973335421
30.6527200360877,46.46814818538
30.7117219854735,46.4608200730047
30.7543102687178,46.4407824625154
30.7936526917062,46.5703783216829
30.8140626609947,46.5813156148646
30.7202183492791,46.4953663744329
30.6904706892068,46.4438230983892
30.6454129554799,46.4377868064621
30.6129958999332,46.4666242690574
30.7237887955605,46.3981541869183
30.7081489425039,46.4826622738973
30.7533313172646,46.4078680289792
30.6943605281373,46.4877971702192
30.694547489688,46.4745083320155
30.8083265767506,46.5781742241925
30.7059833045413,46.4660665192817
30.712451654859,46.3926306649463
30.748717002325,46.4578747943506
30.7084345782064,46.4345608537274
30.7448998706642,46.4757083936296
30.7057781661731,46.514041995954
30.6223050271468,46.444666919824
30.7498491583822,46.4375619073591
30.7036099315222,46.5125162804386
30.8125306149539,46.5929473964766
30.6885049962358,46.4802369619695
30.7069622559944,46.513097419721
30.7487221957014,46.4643842739906
30.7421032374678,46.4578711959649
30.7401868815727,46.4705573045723
30.7215011132522,46.4786266843914
30.6153614828876,46.4843571135382
30.7444064999053,46.4458202024247
30.6341511187364,46.474513729594
30.7302155988669,46.4277958887063
30.7390079851278,46.4695155719268
30.6961704198159,46.432162529692
30.6129699330511,46.4913523752409
30.6117988266709,46.5029337794539
30.7112104378972,46.4877701823268
30.6573265609628,46.349912429708
30.6308611147811,46.5052763285117
30.6364491877975,46.443054843053
30.6882764876738,46.3429603486332
30.7148561881365,46.4723331078904
30.7349935051635,46.4923761159582
30.7357958818187,46.4853538663632
30.7068454050252,46.472162184572
30.7302052121141,46.4732776841234
30.734759803225,46.5271437181039
30.6941475997045,46.3584190133835
30.718694093303,46.5009402738041
30.7255519468514,46.4738552250201
30.7585246936739,46.4553001494184
30.7757537199117,46.5698763468847
30.6447222364175,46.4401851304976
30.73025454919,46.3849679027057
30.7230461427339,46.3828538511366
30.6459998070141,46.4374665501393
30.7251053164802,46.4944289949713
30.7528119796237,46.4280315829663
30.6653840844617,46.4959151282445
30.6915301379942,46.4275763871816
30.7153521555836,46.4896179533578
30.707097283781,46.4775075864544
30.661289107163,46.4473693074468
30.8130499525949,46.5817096380932
30.7016546253041,46.4409677793763
30.7260479142985,46.4128607890679
30.7141966293325,46.4303921239524
30.7295716201922,46.4709441310297
30.7364762141283,46.4505988585673
30.7392442837545,46.4541252765038
30.7132228712558,46.4703647909401
30.6827273649805,46.4507931713923
30.7138330929839,46.4694238130927
30.7075257373348,46.4535117517506
30.7230409493575,46.4763812917461
30.6169584461335,46.466680044035
30.6960224085883,46.4320239918444
30.6455064362552,46.4427705705867
30.7581663507016,46.4820811346149
30.7251858138145,46.5048463214266
30.7045888829754,46.5140797790033
30.77370233623,46.5800201960307
30.7118024828078,46.4840404556011
30.6667395557046,46.3345077407424
30.7585065168565,46.4339887104091
30.6469190346386,46.4139960797404
30.7335783100919,46.4646325626004
30.6440496941724,46.4420652869994
30.732131954762,46.4858198573048
30.7024570019594,46.4335407113957
30.7784854359029,46.5747827457179
30.6923221278967,46.4757137912081
30.6235929844963,46.4978582564952
30.7466863921489,46.4707300270835
30.7185772423337,46.4837705766774
30.6450234522492,46.4385046843992
30.6715979593354,46.3333778476485
30.7043370042195,46.5585450304744
30.7023609244958,46.4784125804452
30.7275695735864,46.4778584290552
30.6876870394514,46.3592142566121
30.7427212492605,46.3742681029768
30.6343666438574,46.4432365615284
30.6571240192828,46.5201286652801
30.6403909604921,46.4545121029611
30.6937736766031,46.4843823022378
30.6995227442881,46.4723834852895
30.7096186680277,46.4038630257513
30.7071959579328,46.4048112003699
30.6549609780083,46.4728620705809
30.7297326148609,46.4315993823378
30.6482796992578,46.4484218352493
30.6333409520165,46.4742456498631
30.6398326725281,46.4399404402734
30.70604302837,46.4021124111328
30.7062455700499,46.4675022751559
30.7238640995184,46.4991626712932
30.7192705580844,46.4948608012492
30.700828878455,46.4245375505006
30.7456113632322,46.4637401629593
30.7042850704554,46.3839009813606
30.6439951637202,46.4551472180283
30.7524328631458,46.4632687744392
30.7279538834407,46.5595777671558
30.7127476773143,46.4736950968587
30.6636494967411,46.3601822223518
30.7097251322441,46.406678762522
30.7367956067775,46.4758469314771
30.687352066673,46.3512348364342
30.6491911368176,46.3517979837884
30.7981968960643,46.5720893540592
30.7387664931248,46.4469087140837
30.7065649626991,46.3926378617176
30.7253831621181,46.4869785374839
30.7059028072069,46.4659693628692
30.6835193548829,46.493219937393
30.7483586593527,46.4350754228752
30.6385654886843,46.3939692644079
30.7205117750462,46.4095916557053
30.6929946701417,46.3396012556293
30.6300145944264,46.4947420545228
30.6496585406945,46.3626507149073
30.7444688204222,46.3794857621686
30.6400430042727,46.4445553698689
30.7034073898423,46.3872096969653
30.6398326725281,46.4399872192868
30.7090344131817,46.3901207909558
30.7510020879451,46.4669499229587
30.7247417801316,46.4322488909475
30.747397884717,46.4749365399078
30.6494326288207,46.4441559490618
30.6286928801302,46.4667646060977
30.7130904401573,46.4734845912982
30.6443898603273,46.4544383360553
30.7246197357859,46.5010878076157
30.7063468408899,46.393352141269
30.6426838361768,46.4507481915717
30.7422174917488,46.44132042117
30.7403504729296,46.4603990618837
30.7188550879716,46.4060436474549
30.7672937097409,46.5569023674254
30.7059703211002,46.4719606749756
30.653293904181,46.4506852198229
30.7030074998587,46.4313582904993
30.735951683111,46.4931227809805
30.7244639344937,46.4243630287966
30.7036410917807,46.4042318602804
30.7611265752549,46.4757011968583
30.7113402723074,46.4785655118353
30.6994656171476,46.4477039573122
30.7586804949662,46.4356187791083
30.7057885529259,46.5134554590931
30.6938697540666,46.4745425166792
30.7086137496926,46.4840134677087
30.711690825215,46.3895450492519
30.7146770166504,46.4059860732845
30.7296339407091,46.5280846959512
30.8138497325619,46.5898042066118
30.7049576127004,46.4310362349837
30.7410957224444,46.4682021611647
30.7242717795665,46.4886535860038
30.6622446884223,46.4476625758773
30.7111870677033,46.4874733155107
30.7511942428722,46.4389778721121
30.809549616895,46.5784746893943
30.7055704311167,46.4454117856535
30.7065701560755,46.464862859282
30.7140174578464,46.3828430559796
30.7542661250183,46.4044891448543
30.729709244667,46.4182187853001
30.7036878321684,46.4798411395481
30.6399910705086,46.4647818956049
30.7117505490438,46.4087010552571
30.6954459438068,46.404246253823
30.7179098934652,46.4034851952581
30.7207013332851,46.5529441432109
30.6365218950672,46.4221536200078
30.6930829575406,46.5083835345201
30.7030983839459,46.3832640671006
30.7300831677685,46.5280487120947
30.6911484248282,46.3489228736544
30.7446298150909,46.4012667905052
30.7578339746115,46.467541857398
30.7141057452454,46.4740495378452
30.7109767359588,46.3894047122115
30.6162703237592,46.4894596243893
30.6450753860133,46.4469806817967
30.7575820958556,46.4325961351627
30.6703982893849,46.4830095181125
30.7595296120091,46.4817320912069
30.7092603250555,46.4713993268143
30.6296328812603,46.3957234774121
30.6961184860518,46.3790251688055
30.72621929572,46.4244709803661
30.6614475051435,46.4472091792854
30.6838673111024,46.4453200268194
30.6441535617006,46.443547821887
30.6144760122098,46.4895531824162
30.7526042445673,46.4639542669055
30.6466645591945,46.4368404310363
30.7228955348181,46.5016617501268
30.7219633237526,46.5529981189957
30.6542183251818,46.537194009223
30.7470655086268,46.4495823146213
30.6609022006205,46.4471947857428
30.6889724001127,46.3925892835114
30.7529314272811,46.4690261914785
30.7076711518743,46.4048363890695
30.7146588398329,46.3905328061127
30.6963184310436,46.3608479236969
30.7162272395085,46.4259661096035
30.7116259080099,46.4758937104906
30.7644814964153,46.5593942494877
30.6862043304865,46.4780401475305
30.7432587637188,46.472439260267
30.6943735115783,46.4054840984864
30.6884504657835,46.4542926014365
30.6593779446444,46.485879230668
30.701119707534,46.3647089914989
30.7440143999864,46.3908458656642
30.6988839589898,46.4045395222534
30.7137785625316,46.4188718922954
30.7013118624611,46.4248668027875
30.7177618822375,46.4224414908598
30.7349727316578,46.4761060152439
30.7062741336202,46.3963136126586
30.6866691376752,46.4588517560544
30.6464074870623,46.4397065452062
30.7237134916025,46.4873437736273
30.7056794920213,46.4702046627787
30.7083410974311,46.4837759742558
30.7189018283593,46.4017111911329
30.747296613877,46.3877638483553
30.7058846303895,46.4701866708504
30.8118295091387,46.5839010549537
30.7073855161718,46.4463977433215
30.7396623505554,46.4695677485187
30.6879570950247,46.349142375179
30.6467788134755,46.4455881065503
30.6549090442442,46.439533822695
30.7123685608365,46.4131504591127
30.7212154775497,46.3814594766974
30.6905044461534,46.3342198698905
30.7498413683176,46.4450069672679
30.7127658541318,46.4745353199079
30.6369139949861,46.4415075372238
30.7080580584168,46.4763435086968
30.7295534433747,46.3868156737367
30.7131761308681,46.419276710681
30.7603293919761,46.5529459424037
30.791759706005,46.5786564078696
30.7517784977182,46.4320851644005
30.7133630924188,46.4720002572178
30.7486494884316,46.3752612574161
30.6848332791145,46.3749679889857
30.7490623618562,46.4386180335472
30.8074385093846,46.5779259355827
30.7186421595389,46.4628135786546
30.6396015672779,46.4447640762366
30.7279434966879,46.5590182181873
30.6929141728073,46.4821405079781
30.6984658921888,46.3738488910487
30.7057989396787,46.3905310069198
30.7057210390326,46.4438464878959
30.6813303467264,46.391894795081
30.7092629217437,46.4357069395567
30.7396052234149,46.4766889537191
30.7038721970309,46.3693796960719
30.7098809335364,46.3550473260299
30.714482265035,46.3900308313145
30.6145305426621,46.5191265148767
30.7231759771442,46.4881318200846
30.7127762408846,46.4728026972176
30.6317310053297,46.452727303679
30.7127996110784,46.3980048539139
30.72332658506,46.3895720371442
30.6345484120317,46.4432473566853
30.6296147044429,46.4628171770402
30.7253260349776,46.3691907808253
30.6836751561752,46.3448890833413
30.7170400029166,46.4523116901364
30.7519342990105,46.4403056764168
30.7335575365863,46.4517845266388
30.7144277345827,46.4725885932715
30.7481119739733,46.4331916679877
30.7226176891802,46.4249369713077
30.7650839280788,46.4760412443022
30.7414540654166,46.461710673453
30.6913951102076,46.3420031780504
30.7111585041331,46.4759135016116
30.6670615450419,46.4902674619676
30.7435314159803,46.4510792430515
30.7564525364866,46.4529090221543
30.6396872579887,46.4703503973975
30.7242094590496,46.4111029776781
30.7411684297141,46.4502857990158
30.6927661615797,46.3944730383989
30.6930050568945,46.3455781741932
30.7067856811965,46.4981569225042
30.7135734241634,46.4006964463797
30.7545309872152,46.4638121306723
30.6629535843022,46.5322210402553
30.7084891086587,46.3968353785778
30.6776248726584,46.5075145243857
30.6785544870357,46.4599834483412
30.7111974544562,46.4089925244947
30.8078072391097,46.5833307108283
30.6439198597622,46.4528982269973
30.7217166383732,46.3847627947236
30.7600645297792,46.4812193212519
30.8019958509077,46.5742159999781
30.712350384019,46.4837201992783
30.6503622431979,46.3992804816266
30.6680950269474,46.3871251349026
30.7461774412608,46.4558956822434
30.7936942387175,46.5702577757636
30.744377936335,46.4208941850305
30.6713772408381,46.331801754734
30.7471070556381,46.4461674466399
30.7321111812563,46.4708937536306
30.7104651883825,46.414060850682
30.7398908591174,46.4346418174045
30.7602566847064,46.4551760051135
30.7278526126007,46.480170391835
30.6848332791145,46.3766898165189
30.7596334795373,46.4350538325613
30.7176865782796,46.4889018746136
30.6775547620769,46.3242973214619
30.704939435883,46.4964620828632
30.6883517916318,46.3462204860316
30.7229994023462,46.46544759695
30.6807616720096,46.3254488048698
30.7188498945952,46.4222633707701
30.7309218980586,46.4389778721121
30.7234122757708,46.3918822007312
30.6690220446364,46.4612446825114
30.7270034955578,46.5051827704848
30.6369243817389,46.4414625574031
30.7143524306248,46.4171158800985
30.7635337052206,46.4334741412612
30.6515411396428,46.4283590360604
30.7263257599364,46.3865943730192
30.7112909352315,46.3925676931975
30.7228332143011,46.500673993266
30.7787970384875,46.57505802222
30.7482573885128,46.4447011044877
30.8075865206123,46.593046352082
30.7121270688334,46.4420616886138
30.7084215947654,46.4458903709449
30.7321241646973,46.3902233449468
30.7274163689823,46.5291660108389
30.6831480284697,46.3442539682742
30.6359532203504,46.4437439339049
30.7474056747816,46.4354766428752
30.730127311468,46.4714317122852
30.7336795809319,46.3723735529323
30.7349701349696,46.4827828198166
30.6437328982115,46.4464589158775
30.7344456039523,46.3716628717666
30.7410230151746,46.4589687035881
30.7290029454754,46.4883405264523
30.7334926193812,46.4325907375842
30.7596490596665,46.4435676130081
30.713022926264,46.4705105255589
30.7109092220655,46.3957468669188
30.7277020046848,46.4435946009005
30.7168893950007,46.418157612744
30.6431252731716,46.4536502895981
30.6346315060542,46.4368260374937
30.6832726695035,46.4479126636799
30.6693024869625,46.4625436997309
30.7419863864985,46.4556330000909
30.7022856205379,46.4239258249402
30.7561876742897,46.4273820743566
30.6864691926834,46.4811707430456
30.7179176835298,46.4035625605496
30.6440263239786,46.4394402646681
30.724632719227,46.4177509951656
30.7024284383891,46.4487852721999
30.7610071275975,46.4324054207233
30.7121322622098,46.3745559738288
30.7173126551781,46.4209859438645
30.6866717343634,46.5464418603422
30.7153287853897,46.3772547630659
30.7078477266722,46.4314518485262
30.7397013008785,46.4727127375764
30.7364476505581,46.471474892913
30.7594620981158,46.4818760266329
30.7053990496952,46.388670641539
30.7129320421769,46.4419681305869
30.7141057452454,46.4194836178559
30.686045932506,46.4824139852875
30.6618525885034,46.4472901429625
30.6824053756431,46.378568173828
30.7056976688387,46.391833622525
30.6440652743017,46.3942265489819
30.7409113575818,46.4383715441302
30.8127747036452,46.5818733646402
30.6379344934505,46.4444941973129
30.6977258360505,46.434359344131
30.7244353709234,46.4239330217115
30.6898370972848,46.4732542946167
30.7195354202813,46.4955696832222
30.7562525914948,46.4319196386606
30.7276474742325,46.4431969792862
30.7064325316007,46.4598143242157
30.7109845260234,46.3864504375933
30.7139785075233,46.4145088496954
30.737995276728,46.5610782939717
30.7064481117299,46.4759800717462
30.812429344114,46.5940880847275
30.7310335556514,46.4701129039446
30.6468437306806,46.4137621846731
30.6417516251113,46.4637113758741
30.7274085789177,46.4455071428732
30.7500387166211,46.4274864275404
30.628918792004,46.4804762546152
30.6836362058521,46.4512843510335
30.6345769756019,46.4370977156103
30.7309660417581,46.390559794005
30.6274230995982,46.5083187635784
30.610430371987,46.5090906173002
30.6715278487539,46.3296805063936
30.6559736864081,46.3899966466509
30.7094862369293,46.4211802566896
30.7312464840842,46.4750139051993
30.7015481610877,46.5613751607877
30.7162999467783,46.4186883746273
30.8083551403209,46.5918480896607
30.711550604052,46.4169143705021
30.7604098893105,46.4335227194675
30.7094265131006,46.3960365369636
30.7213920523476,46.4236757371376
30.7256765878852,46.4750229011634
30.642343670022,46.4530439616161
30.6878142771734,46.4905427384698
30.7053938563188,46.5143154732633
30.7271748769793,46.4174415339998
30.7544946335803,46.5521237112828
30.7494674452161,46.4686465617924
30.702605013187,46.4679664669047
30.7479172223579,46.4168603947174
30.7306440524207,46.436412223144
30.7268684677712,46.4431519994656
30.7107715975906,46.4832686018793
30.7551204354376,46.4289545688854
30.7251884105028,46.4946862795452
30.6398352692163,46.4411998752507
30.7571848025603,46.5516001461708
30.644576821878,46.4413887904973
30.7112234213382,46.4878079653761
30.7469642377868,46.4382599941751
30.7083748543777,46.4788389891447
30.6949837333064,46.388260425575
30.7111143604336,46.3927853955293
30.7182266894261,46.399143742972
30.6660098863191,46.3328308930298
30.6947889816911,46.4306925891541
30.7417059441724,46.4694256122856
30.7239420001645,46.4149874349868
30.7104106579302,46.3881272853059
30.7214180192296,46.4476283912136
30.7261803453969,46.4815899549738
30.731155599997,46.473959578204
30.6683365189504,46.4915394912947
30.803725245252,46.573642057467
30.7183383470189,46.4772988800867
30.7045005955764,46.5145871513799
30.7069336924242,46.4319106426965
30.6828234424441,46.4508741350695
30.6438367657397,46.4409875704974
30.659245513546,46.4919497072587
30.7220594012162,46.4708253843032
30.7271385233444,46.42179198225
30.8021698290174,46.5718104791714
30.6383188033048,46.4509155165044
30.6652438632987,46.4714497042134
30.7130670699635,46.4191633615331
30.6350132192203,46.5319745508383
30.7396311902969,46.4677739532724
30.6349638821444,46.4377076419779
30.7504256231636,46.4286882883473
30.7249910621992,46.4761132120152
30.7245729953983,46.4242226917563
30.7076919253799,46.4793013817007
30.6483238429573,46.4725400150652
30.6578251250981,46.5331512229457
30.7414099217171,46.4622558288789
30.7252377475786,46.4814820034043
30.7154638131764,46.4456708694202
30.7215063066286,46.4237602992003
30.709177231033,46.4052897856613
30.7608175693586,46.4766151868133
30.7274267557351,46.4142281756147
30.7047654577733,46.3860042377727
30.7514123646814,46.4610251809868
30.7170659697986,46.4262107998276
30.7209298418471,46.4128445963325
30.7589375670984,46.4770757801764
30.7243964206003,46.4887309512952
30.7145419888637,46.3934474984888
30.708543639111,46.4763758941676
30.7269697386111,46.4735421654686
30.6993617496194,46.4745353199079
30.718605805904,46.4523530715714
30.7320099104163,46.4745533118361
30.8127876870862,46.581813991277
30.6879934486595,46.480272945826
30.701018436694,46.3522064005596
30.7209480186646,46.47402075076
30.7669743170918,46.5569509456317
30.71142336633,46.4090806849431
30.7392442837545,46.4380117055652
30.7660550894673,46.4582130426017
30.7167595605905,46.3982585401022
30.694965556489,46.367366399301
30.7230617228632,46.4755806509391
30.6834804045599,46.3469725486324
30.6441535617006,46.4382132151616
30.7720378590908,46.576916588408
30.7488416433588,46.4518187113025
30.7596958000542,46.4759494854681
30.6955679881525,46.4532202825129
30.7076971187563,46.3966446641384
30.7219243734295,46.416299046556
30.6996681588276,46.4915250977521
30.7409321310875,46.4843499167669
30.7250300125223,46.3694948444127
30.7275358166397,46.4146114036864
30.7309764285109,46.4388393342646
30.6866120105347,46.3418862305168
30.6906966010806,46.4349314874493
30.7358270420772,46.4469914769536
30.7418098117006,46.4636538017037
30.6868638892905,46.4864945546141
30.7690568610319,46.5847232860747
30.6936048918698,46.4758271403561
30.6863237781439,46.4781283079789
30.744821970018,46.4624105594618
30.7093979495304,46.4472505607204
30.7124360747298,46.4724680473522
30.7616562996487,46.4534631735443
30.6461166579833,46.4475654194647
30.704051368517,46.4867284496813
30.7531339689611,46.4639164838561
30.7128671249717,46.4737616669932
30.7544790534511,46.4245933254782
30.7059443542182,46.4936841291418
30.7328408506418,46.4853322760493
30.7324331705937,46.485693913807
30.7064195481596,46.4459533426937
30.7475952330206,46.4481645506754
30.7113532557484,46.381227380823
30.7288341607421,46.5413069640204
30.7440897039443,46.4738444298632
30.7546322580551,46.4050558905941
30.8146910595402,46.5822997733397
30.8125280182657,46.5951478093013
30.743362631247,46.5597217025818
30.7445337376273,46.4576984734538
30.6221258556607,46.4203202425194
30.7120829251339,46.4135570766911
30.6112015883838,46.4650391801788
30.6919871551183,46.4667034335417
30.6340732180902,46.4437367371336
30.6103213110824,46.5088405294976
30.7316723409497,46.4862444668114
30.702376504625,46.3532625267477
30.6776040991528,46.3241569844216
30.6426682560476,46.4374845420676
30.8113672986383,46.5779943049101
30.7422356685662,46.3837282588494
30.6908446123082,46.4935293985589
30.7308543841653,46.3899696587585
30.6984451186832,46.3872726687142
30.6939554447774,46.4593915139019
30.7142719332905,46.480796510938
30.7125866826456,46.3877692459338
30.6616993838994,46.4475582226934
30.6946124068931,46.4300646708583
30.7085254622936,46.3958620152596
30.6551531329355,46.4508039665493
30.8103182366036,46.5825462627567
30.7034203732833,46.4230640115771
30.7606332044961,46.5691620673333
30.7075568975933,46.3965169214478
30.6881596367046,46.4335425105885
30.7799499680503,46.5752937164801
30.6387316767294,46.4506132521099
30.7054198232008,46.4456330863709
30.7330278121926,46.4752873825086
30.727894159612,46.4484434255632
30.7997523122989,46.5817959993488
30.7175100034816,46.4742348547061
30.7117998861196,46.4466604254739
30.7102210996912,46.4606725391931
30.7586051910082,46.4522847022441
30.7249105648649,46.5036984364044
30.7137266287675,46.3870333760685
30.7211713338502,46.3899408716733
30.7211998974204,46.417921918484
30.6373009015286,46.4394024816188
30.7271437167208,46.4222417804562
30.7163259136603,46.4611925059195
30.636721840059,46.4404730013495
30.7427601995835,46.4847745262736
30.6607386092637,46.5269188190008
30.7226852030735,46.4709729181149
30.641099856372,46.4525167981185
30.6226685634955,46.4450033688823
30.7580520964206,46.4519950321993
30.7331290830325,46.45187448628
30.7241601219737,46.4130838889782
30.804068008095,46.5724114095748
30.7073751294189,46.4019180983077
30.7284576409524,46.4734989848408
30.6913301930025,46.4606041698658
30.6720861367179,46.4736932976659
30.6888217921968,46.4546542391943
30.7127788375728,46.4617664484306
30.7182085126087,46.468281325649
30.6476409139595,46.3783756601958
30.7226384626858,46.3987209326581
30.6242655267413,46.442777767358
30.7230045957227,46.476494640894
30.6760071359069,46.4966941787376
30.7454295950579,46.4676462105819
30.6244966319915,46.4809080608932
30.7126879534856,46.3814055009126
30.7301636651028,46.4358814612607
30.642470907744,46.5339230766676
30.716003924323,46.4752981776656
30.7229656453996,46.3871611187591
30.7069544659298,46.5126692118287
30.7434041782583,46.4546884238579
30.7152794483139,46.4184814674525
30.6348937715629,46.4435874041292
30.7287536634077,46.3871035445887
30.7098393865251,46.4038432346302
30.7167206102674,46.4209571567793
30.7812716823465,46.5982424209599
30.7183409437071,46.4590262777584
30.7790359338023,46.5598296541513
30.7261284116328,46.43861983274
30.6909251096426,46.4822124756911
30.7415059991807,46.4332384470012
30.7473044039416,46.3917652531976
30.7126983402384,46.3992193090706
30.7115038636643,46.4886589835822
30.701119707534,46.4429288995553
30.7316697442615,46.4570201777588
30.7618043108763,46.4300664700511
30.7324175904645,46.4298073862843
30.7194237626885,46.5081712297668
30.7145160219817,46.4177527943584
30.7125814892692,46.3800417127515
30.7446687654139,46.4737886548856
30.7262634394195,46.3904194569647
30.7282161489494,46.4691485365905
30.6809018931727,46.4885600279769
30.7653176300172,46.5762005096638
30.7044772253826,46.3886796375032
30.726359516883,46.4278714548049
30.6837946038326,46.3881542731983
30.6804708429307,46.3906353601037
30.7337886418365,46.385066858311
30.630593655896,46.4690837656489
30.6363349335165,46.4456025000929
30.6245018253679,46.4392783373139
30.6152160683482,46.4348865076286
30.6292641515352,46.5063252579286
30.635174213889,46.4790692858263
30.6839374216839,46.3741295651293
30.6400585844019,46.4404748005423
30.7236641545266,46.4170960889774
30.714025247911,46.4855805646591
30.6957913033381,46.3770370607341
30.7492597101597,46.4371786792874
30.722654042815,46.4561997458307
30.6463737301156,46.4385640577624
30.7146250828863,46.385324142885
30.6168753521109,46.4901649079766
30.8061012149593,46.5758604622199
30.7252870846545,46.4240049894245
30.6972973824967,46.4512915478048
30.7422979890831,46.4550464632301
30.785667875477,46.5715316042835
30.7220775780336,46.4994181566743
30.7387716865012,46.3727963632462
30.7463020822947,46.4471677978505
30.7202624929786,46.4671910147972
30.7258505659949,46.4377130395563
30.7466396517613,46.3902341401037
30.7257441017785,46.4210471164206
30.6505881550717,46.3891600219874
30.6452779276932,46.4437979096897
30.6437562684053,46.462059716861
30.658572971301,46.4922159877968
30.7383354428828,46.4648088834972
30.6538547888332,46.3491333792149
30.7477354541836,46.475909903226
30.7249988522638,46.424030178124
30.6440990312483,46.4370275470901
30.8107648669748,46.5959970283146
30.7572237528834,46.4406799085244
30.6922779841972,46.3403946996651
30.7915961146481,46.5700094871538
30.739085885774,46.4781283079789
30.8134368591374,46.5937768243689
30.7220178542049,46.4072994840466
30.6443379265632,46.4540299192841
30.7211661404738,46.486607903762
30.7128567382189,46.4885600279769
30.7289717852169,46.3871035445887
30.7113973994479,46.4171482655693
30.7594439212983,46.4098579362434
30.688468642601,46.5474548059026
30.7576366263079,46.435026844669
30.7054431933947,46.4713561461865
30.7032853454966,46.5023832264495
30.7108001611609,46.3890682631533
30.7415163859335,46.4809062617004
30.7097510991262,46.4870451076184
30.7561772875369,46.4601417773098
30.6483290363337,46.4727631149755
30.701335232655,46.4728044964105
30.8076124874943,46.5733379938796
30.7119453006591,46.4432545534566
30.6727041485106,46.5152258648327
30.8147949270684,46.5938847759383
30.7150665198811,46.3828538511366
30.6246861902305,46.5088333327263
30.6748749798497,46.4651507301339
30.7991161236888,46.5731706689469
30.7226722196325,46.4629539156949
30.6553634646801,46.4742078668138
30.7652345359947,46.4368062463727
30.6914963810476,46.3459847917716
30.7423083758359,46.4724284651101
30.8077241450871,46.5905778595264
30.6768848165201,46.3895216597451
30.6933504164257,46.4055128855716
30.6444210205857,46.4389724745337
30.6424163772917,46.4372146631439
30.758449389716,46.4820667410723
30.7245963655921,46.4294709372261
30.730584328592,46.387377021898
30.7464189332639,46.3978267338242
30.7232720546077,46.3911697203726
30.6433407982926,46.4510972349797
30.7059729177884,46.4258725515766
30.6398300758399,46.4549942866382
30.7754343272625,46.5765639466144
30.646378923492,46.4396093887936
30.7099873977528,46.4169485551658
30.7183071867605,46.3838667966969
30.6900318489002,46.4488158584779
30.655236226958,46.4868777826857
30.6392276441764,46.4444995948913
30.6181788895896,46.4694777888775
30.6894553841187,46.42893837615
30.7159935375701,46.4897223065417
30.6941761632748,46.3788524462943
30.7453257275297,46.4722215579352
30.6811537719285,46.4653882235868
30.7281200714858,46.4847835222377
30.7227475235904,46.4783963877098
30.7270813962039,46.4219575079899
30.6962145635154,46.3790035784916
30.7320826176861,46.4700319402675
30.7117064053443,46.3960599264703
30.7490156214685,46.4630096906725
30.7341703550026,46.4890781955104
30.7129398322415,46.4774122292347
30.8012194411345,46.5993435269687
30.7180708881338,46.3834871670109
30.7474653986103,46.4749419374863
30.6619460692788,46.3515982733848
30.7294028354589,46.458486519911
30.7119115437124,46.4778980112974
30.706271536932,46.4598934887
30.7264763678523,46.3659000571489
30.6894735609362,46.3569076914107
30.6122272802246,46.4985707368538
30.7724039921277,46.5605439337027
30.8040965716653,46.5710997980056
30.6599466193612,46.491987490308
30.7576210461787,46.4585225037675
30.7241990722968,46.426351136868
30.7121036986396,46.3826973213608
30.7044772253826,46.4016284282629
30.7165622122869,46.3903564852158
30.7072764552672,46.401576251671
30.6378358192988,46.4439184556089
30.7313165946657,46.470909946366
30.6723432088502,46.5329029343359
30.7033087156905,46.4411944776722
30.701119707534,46.4652047059187
30.7128048044548,46.3928555640494
30.7237498452374,46.4988927923695
30.748057443521,46.4612410841257
30.7341599682498,46.4733838365
30.7415968832679,46.4848536907579
30.7207974107487,46.4985923271677
30.7198340394248,46.3988108922994
30.6886322339579,46.4662500369499
30.7126697766682,46.4822826442113
30.7180864682631,46.4436665686135
30.6776378560994,46.5019532193644
30.6733507238736,46.4733262623296
30.6637845245277,46.4942868587381
30.6376774213183,46.4948356125496
30.6974739572947,46.350970355089
30.7025193224763,46.4787796157815
30.729265210984,46.4715144751551
30.7377823482952,46.467973663676
30.7032489918618,46.4771351535397
30.807976023843,46.5961121766554
30.6211702744014,46.5127537738914
30.6524967209021,46.497870850845
30.6948824624664,46.3591782727556
30.6800813397,46.48870216421
30.7134150261829,46.3911157445879
30.7090188330525,46.4866816706678
30.6395184732554,46.4550356680731
30.7117713225494,46.3812759590293
30.691070524182,46.4945603360475
30.7483067255886,46.4351060091533
30.7510618117738,46.4274936243117
30.6363816739042,46.4740171523743
30.6716343129703,46.5216507824099
30.7076244114866,46.4002484473664
30.6384772012853,46.4780635370372
30.7370864358564,46.4769786237639
30.728592668739,46.4509335084327
30.7433652279352,46.3801460659353
30.707097283781,46.3958620152596
30.69238964179,46.4420149096003
30.7315191363457,46.4301240442215
30.7369514080698,46.4508597415269
30.7260634944277,46.4381736329195
30.7292496308548,46.5138242936222
30.6308455346519,46.4569500092387
30.6611670628174,46.3594157662084
30.7400700306035,46.4581338781174
30.7250300125223,46.4230999954336
30.7061936362858,46.4587779891486
30.7074738035707,46.453004379374
30.7081904895152,46.4946395005317
30.7244535477408,46.5205514755939
30.8011571206176,46.5771864673317
30.721067466322,46.4746540666343
30.7224203408766,46.5530736850943
30.6682274580458,46.4914405356893
30.6371892439358,46.4460307079852
30.7260453176103,46.399266088084
30.7166946433854,46.4477219492405
30.6837244932511,46.4482832974018
30.7413372144474,46.4650589712999
30.7039007606011,46.4667556101336
30.7015507577759,46.36845491096
30.7494518650869,46.437337008256
30.7311478099324,46.4753377599077
30.7191147567921,46.4222111941782
30.6373009015286,46.4388375350718
30.6732105027105,46.4618258217938
30.7529236372165,46.4696487121958
30.6305001751207,46.4157251040449
30.7651514419721,46.4758955096834
30.6813147665972,46.3366145955402
30.6541040709008,46.3504413923985
30.7097199388677,46.3954248114032
30.7408931807644,46.4606365553366
30.6453350548337,46.4416460750713
30.6595441326895,46.4439976200932
30.7110104929054,46.4662968159633
30.7084605450885,46.4786176884273
30.6456103037834,46.4381484442199
30.7097095521149,46.4449709834114
30.7071933612446,46.3751712977748
30.7327863201895,46.4301204458358
30.6540339603193,46.3507040745509
30.7225631587279,46.4160687498745
30.7466007014382,46.4734701977556
30.7247391834434,46.3693940896145
30.7481535209846,46.4343611433238
30.6222193364361,46.4446111448465
30.7163363004131,46.4980651636701
30.7032827488084,46.3818427047691
30.6376462610598,46.3534802290795
30.7221866389382,46.4883405264523
30.7300052671224,46.3950829647665
30.7957534124638,46.5660728532532
30.7228098441073,46.3878843942746
30.6545403145192,46.447603202514
30.7221762521854,46.4067147463785
30.7115739742458,46.3956263209995
30.7632558595827,46.4705734973078
30.6444288106503,46.4400357974931
30.6764563629663,46.4653306494164
30.7481067805969,46.5495004881443
30.6247744776294,46.4772467034948
30.8091445335351,46.5765945328924
30.7057859562377,46.5131190100349
30.7268009538778,46.465879403228
30.7051497676276,46.3884565375929
30.689914997931,46.4607732939913
30.705726232409,46.3965924875464
30.7475458959447,46.4678513185639
30.7071829744918,46.40123800342
30.645490856126,46.3888901430636
30.7917934629517,46.578877708587
30.7212388477435,46.4057521782173
30.7343391397359,46.480427676409
30.6941372129517,46.440888614892
30.6448468774513,46.4421030700488
30.7318229488656,46.5574979002504
30.7581144169376,46.4263421409039
30.7122620966201,46.3878376152612
30.7085722026813,46.4850444051973
30.677378187279,46.3856228088939
30.7135007168937,46.3936741967847
30.7503243523236,46.3783414755321
30.7112156312736,46.4660359330037
30.7237887955605,46.3967328245868
30.7439598695341,46.4539939354276
30.6355818939371,46.3494698282732
30.697414233466,46.40528258889
30.7016598186805,46.4333392017993
30.6500428505488,46.389122238938
30.7117972894314,46.4723241119262
30.7389482612991,46.4805338287856
30.7245755920865,46.4244224021598
30.7427342327015,46.4752747881589
30.6168935289284,46.4894020502189
30.648928871309,46.3649033043239
30.705713248968,46.3660385949964
30.7254480793232,46.4130802905925
30.6450805793897,46.4427903617078
30.6153640795758,46.4771963260957
30.8058025958157,46.5748259263457
30.75456734085,46.4713363550655
30.7257700686606,46.3947339213585
30.7521004870556,46.4701560845724
30.6988086550318,46.4590766551575
30.618602149767,46.518518387702
30.7218594562244,46.5523953893994
30.6681313805823,46.468137390223
30.6436446108125,46.3991491405504
30.7363515730945,46.4299225346251
30.7553801042581,46.463948869327
30.7080632517932,46.3982459457524
30.7311711801262,46.4777234895934
30.733934056376,46.481444220355
30.7119582841001,46.3835897210019
30.7290289123574,46.3875893266513
30.6647427024752,46.4713669413435
30.6439977604084,46.4369177963278
30.7111714875741,46.4409066068203
30.7309842185755,46.4381556409912
30.7500127497391,46.4714065235856
30.7040539652052,46.3821755554416
30.7392780407011,46.4668347746179
30.6349275285096,46.4396759589281
30.7122932568785,46.4110472027006
30.7234797896641,46.4883585183805
30.7482521951363,46.4574357913014
30.7591556889076,46.4815125896823
30.739999920022,46.4704529513885
30.7274059822295,46.4775255783826
30.7375798066153,46.4826586755117
30.7584156327693,46.4340210958799
30.7052588285322,46.5126890029497
30.6454700826204,46.439389887269
30.7102990003374,46.4303939231452
30.7254350958822,46.4867626343449
30.7131891143091,46.470416967532
30.7051731378214,46.4659657644835
30.7070167864467,46.4608200730047
30.7128151912077,46.4607121214352
30.6904888660242,46.4942904571237
30.6339148201098,46.4443448643084
30.6915223479296,46.3455223992156
30.7521030837438,46.4327400705887
30.6452208005527,46.4432725453848
30.6880453824236,46.4789829245707
30.7390754990212,46.4580385208977
30.7047524743323,46.4607229165922
30.7495816994971,46.3823932577734
30.6439588100853,46.4508165608991
30.6732702265392,46.5333635276991
30.7115921510633,46.3965547044971
30.7950289364547,46.5702145951358
30.7076373949276,46.5211578035759
30.8139769702839,46.5939171614092
30.6815173082772,46.3886868342744
30.6078440705352,46.5133241180169
30.7127450806261,46.481125763225
30.7279279165586,46.4229290721153
30.6491755566884,46.36377341123
30.7058249065608,46.4025568117605
30.7577638640299,46.4350844188394
30.6787154817044,46.480663370669
30.6438004121048,46.4374557549824
30.7011249009104,46.4727937012535
30.7338561557298,46.4731031624194
30.6477941185635,46.3591620800201
30.7491480525669,46.3971898195643
30.7252766979017,46.4124613682608
30.6437822352874,46.4734450090561
30.7135708274752,46.4001926723888
30.7129008819184,46.4920108798148
30.7275332199515,46.4675652469048
30.6252652517001,46.4941501200834
30.7125321521934,46.382449032751
30.7457879380301,46.464010041883
30.6354728330325,46.444298085295
30.7179410537236,46.3838416079974
30.7579715990863,46.4584433392832
30.7148483980719,46.3935122694305
30.7594854683096,46.4348973027856
30.8089367984787,46.5790918125332
30.6245329856264,46.4688930512094
30.7055366741701,46.4762481514771
30.7113558524367,46.4072617009973
30.7069960129411,46.4785889013421
30.6494222420678,46.4492746526482
30.6389705720442,46.4525329908539
30.741204783349,46.4680420330033
30.6886997478512,46.3615532072842
30.7042409267559,46.3896476032429
30.7109144154419,46.4723798869038
30.7449284342344,46.4519122693293
30.7154508297354,46.4829807310273
30.712895688542,46.4927611432227
30.737068259039,46.4715180735408
30.7548893301874,46.4002574433305
30.7186759164855,46.4873761590982
30.6444262139621,46.442675213367
30.6812576394567,46.4524142441275
30.7070271731995,46.5129984641156
30.7472524701776,46.4474358775813
30.7136279546157,46.4199424120262
30.720623432639,46.4757389799076
30.7275591868336,46.469677499281
30.7265231082399,46.4174613251208
30.7472550668658,46.4732237083386
30.7413008608125,46.4691773236757
30.7474550118575,46.3778107136488
30.730584328592,46.4687581117476
30.695765336456,46.4059788765132
30.643701737953,46.4448144536357
30.7077075055091,46.4793625542567
30.7310828927273,46.4295015235041
30.7123425939544,46.4452444607208
30.7052666185968,46.5133798929945
30.6800839363882,46.4863812054661
30.7060508184346,46.4717123863658
30.8087212733577,46.5830968157611
30.6441795285827,46.3918965942738
30.708657893392,46.4001674836892
30.7216153675332,46.4977431081545
30.6990968874226,46.3567745511417
30.7045031922646,46.4305126698716
30.6936230686872,46.4830005221484
30.6237747526706,46.4430224575822
30.765187795607,46.475971075782
30.6979803114946,46.4607606996415
30.7623807756578,46.557307185811
30.6545325244546,46.3496497475556
30.7297300181727,46.4237728935501
30.710878061807,46.3891114437811
30.7336614041145,46.4734701977556
30.6950408604469,46.4312539373154
30.7056872820859,46.390354686023
30.68959820197,46.460201150673
30.6694037578025,46.4610683616146
30.6191941946777,46.4656652992818
30.6927246145684,46.3738470918558
30.7208675213302,46.4127708294267
30.7015949014754,46.4408904140849
30.7222723296489,46.4998607581092
30.7262348758492,46.3771953897027
30.671021494554,46.3341802876483
30.7225891256099,46.4928493036711
30.6406843862592,46.4428479358782
30.6683417123268,46.4929914399043
30.6485679316485,46.4710934640341
30.721207687485,46.4741071120156
30.8100040373308,46.5826704070616
30.7462086015193,46.3858009289835
30.7418331818945,46.4709531269938
30.7422226851252,46.4558830878936
30.7174918266642,46.4638948935422
30.6963963316897,46.359953724863
30.6254210529924,46.5226259449209
30.7147341437909,46.385138826024
30.6567604829341,46.4707120351553
30.6862458774978,46.3571883654914
30.8025697190009,46.5582049830305
30.712983975941,46.4919389121018
30.7193121050957,46.4985581425041
30.7159701673763,46.4810196108483
30.7137525956495,46.405395938038
30.7474368350401,46.451422888881
30.7169828757761,46.486012370937
30.7128930918538,46.419030221264
30.6989073291836,46.3787516914961
30.7050017563999,46.3884061601938
30.6879700784657,46.3793562202852
30.7222048157556,46.4870882882462
30.6547844032104,46.4482617070879
30.7052094914563,46.3892949614492
30.6163845780402,46.4951036922805
30.7465643478033,46.4558129193734
30.7262997930543,46.4187927278112
30.7297014546024,46.4281287393788
30.7094239164124,46.3991383453935
30.7281122814212,46.4289509704998
30.73408726098,46.488928862506
30.7221996223792,46.500735165822
30.8080227642307,46.5831238036535
30.7273878054121,46.553703402583
30.7055756244931,46.3900380280858
30.7214621629291,46.4118010644941
30.7613031500528,46.4335119243105
30.6858849378374,46.4558471040371
30.6650724818772,46.5042939692294
30.6866821211162,46.3814396855763
30.7111481173803,46.40742902593
30.6233255256112,46.4737076912085
30.6804552628015,46.4873761590982
30.7222255892613,46.4125585246734
30.6900785892879,46.4983404401723
30.7301454882854,46.4703288070836
30.6460777076603,46.4413024292417
30.7296417307737,46.424390016689
30.767574152067,46.4407356835019
30.7098913202892,46.3985104270976
30.6367763705113,46.4412970316633
30.7406309152557,46.4479414507651
30.7401427378733,46.4711996164108
30.7606487846253,46.4325403601852
30.6881102996287,46.4794795017903
30.6474357755913,46.3378848256745
30.7279928337638,46.42957529041
30.7398752789882,46.4587545996419
30.7175956941924,46.3989242414473
30.6734857516602,46.4739739717466
30.7438845655761,46.3756894653084
30.6806967548045,46.3403137359879
30.7115609908048,46.4809296512071
30.7060741886284,46.4669337302233
30.7061313157689,46.3966230738245
30.7388625705884,46.4685781924651
30.6830233874359,46.3326311826262
30.7411398661438,46.4602533272649
30.7230695129278,46.4977646984684
30.6472488140406,46.4297174266431
30.6776430494758,46.3243225101615
30.7409425178403,46.4696019331824
30.6635378391483,46.3286333761696
30.6919222379131,46.4795424735392
30.7117245821617,46.4763111232259
30.628321553717,46.4234112557923
30.6098772773994,46.4868795818786
30.6903512415493,46.4608092778478
30.717032212852,46.4206261052996
30.638308416552,46.4383229659239
30.6807850422035,46.3277013942864
30.6962768840323,46.4330009535483
30.6440419041078,46.4434200791965
30.7106651333742,46.4454837533665
30.7232720546077,46.3886022722117
30.7276215073505,46.4901433176627
30.6402299658234,46.4390750285247
30.755683916778,46.4406925028741
30.740875003947,46.4313007163289
30.709431706477,46.3953492453045
30.6292563614706,46.44370255247
30.7330381989454,46.3851658139164
30.7040461751406,46.5142543007073
30.7127528706907,46.4925884207115
30.7254091290001,46.3989746188464
30.645706381247,46.4713291582942
30.7099328673005,46.4451832881647
30.6972220785388,46.405262797769
30.6697517140219,46.5155569163124
30.7404777106517,46.4725903924643
30.7144926517879,46.4797277904001
30.6441042246247,46.4419807249367
30.7717340465709,46.5943273773732
30.6904187554427,46.3752270727524
30.6036374356437,46.5144504127252
30.718733043626,46.4929104762272
30.7988382780509,46.5734783309199
30.7107222605147,46.4726335730921
30.7223606170479,46.475098467262
30.7046823637507,46.3885500956198
30.6402948830285,46.4447838673576
30.7273514517772,46.4735115791906
30.659258496987,46.4931353753302
30.715497570123,46.4726911472625
30.7218750363536,46.553005315767
30.7457022473194,46.4640640176678
30.6429071513624,46.4428551326495
30.7278967563002,46.3871035445887
30.7569536973101,46.456392259463
30.7125425389462,46.3875173589384
30.7223658104243,46.3832334808226
30.7386054984561,46.4650391801788
30.6457427348819,46.3914719847672
30.7093538058309,46.4928439060926
30.7380186469219,46.4650823608066
30.7304544941818,46.4298055870915
30.720166415515,46.5053878784669
30.7410178217982,46.4336270726513
30.7497608709832,46.4620561184753
30.7067597143144,46.4647693012551
30.8003209870157,46.5774167640133
30.755569662497,46.4399026572241
30.6354183025802,46.3983538973219
30.6592195466639,46.5316920775649
30.7056976688387,46.4324126174946
30.7238173591307,46.3971124542728
30.7235810605041,46.4984501909346
30.6140423652797,46.5154345712003
30.655236226958,46.3505313520398
30.7588700532051,46.4574124017946
30.6181607127722,46.4695227686981
30.6418321224457,46.4402409054751
30.7162817699608,46.4178211636858
30.8092302242458,46.5788921021296
30.6990449536585,46.5555169889503
30.6541715847941,46.3504323964344
30.7040176115703,46.4790279043913
30.7441104774499,46.4808468883371
30.6862121205511,46.3770370607341
30.7266970863496,46.4750444914773
30.7046122531692,46.3890106889829
30.7488234665414,46.4467899673573
30.7253000680956,46.4245267553437
30.639767755323,46.4442099248465
30.7221113349803,46.4716512138098
30.7063520342663,46.4022041699669
30.7457827446537,46.4555844218847
30.6825378067416,46.3787750810028
30.7520018129038,46.5457797573827
30.719062823028,46.3783054916756
30.7554268446458,46.4355306186599
30.720649399521,46.4051476494282
30.6536989875409,46.4302661804547
30.7246820563028,46.5490237020458
30.7138616565541,46.4010382930164
30.7473433542647,46.4739056024192
30.6699490623255,46.494698873895
30.7943823610917,46.5703279442838
30.742017546757,46.4814010397272
30.6649452441552,46.3529818526671
30.7253234382894,46.4188718922954
30.7161908858737,46.4743212159617
30.7400180968394,46.4529791906744
30.7131293904804,46.5568807771115
30.7125009919349,46.4723834852895
30.7547517057125,46.46576605408
30.6131361210962,46.4958341645674
30.6504583206615,46.4972735188272
30.685030627418,46.5000190870778
30.7241367517799,46.5044864828617
30.7607111051422,46.4348757124717
30.7448271633944,46.4454333759674
30.7040617552698,46.4240733587518
30.6680690600653,46.5273110430366
30.7944161180384,46.5706733893061
30.6871702984987,46.4807605270816
30.7313944953118,46.3890988494313
30.722996805658,46.5017103283331
30.6422008521707,46.4553073461897
30.7505398774446,46.4269448705002
30.7422927957067,46.480920655243
30.7381614647731,46.4681571813441
30.7184370211707,46.4921710079762
30.7561383372138,46.4570327721086
30.6398846062922,46.4616405049328
30.8096171307883,46.5908765255353
30.7289276415174,46.4231701639538
30.7968388281333,46.5709450674226
30.7436820238962,46.4519176669078
30.6971415812045,46.4052466050335
30.6537405345522,46.4737508718363
30.7493687710643,46.4449260035908
30.6613306541743,46.4475546243078
30.6177867896707,46.4726101835854
30.7132825950845,46.4935258001732
30.6520397037781,46.5384552433931
30.7207428802964,46.485325079278
30.7212414444317,46.4074092348089
30.7572860734003,46.4266785899621
30.6327748739879,46.4484110400924
30.6945682631937,46.4316713500508
30.707730875703,46.4227293617117
30.7066506534098,46.4699203903124
30.7305401848925,46.4690459825995
30.7250585760925,46.5145709586444
30.7198288460484,46.4655573477123
30.7045810929108,46.4499097677154
30.6644648568373,46.4920756507565
30.7419318560463,46.3912308929287
30.7429679346399,46.4862624587397
30.7045187723938,46.5121474459095
30.7152015476677,46.4311100018895
30.7500283298683,46.4681733740795
30.7260063672872,46.4736447194596
30.7409684847223,46.4568564512118
30.7339911835165,46.3797286532
30.690727761339,46.3728791261161
30.7526172280083,46.424143527272
30.7244197907942,46.5070755213365
30.8088095607567,46.5734729333414
30.7492207598367,46.3975136742727
30.7239134365943,46.5523773974711
30.6817146565807,46.3350546953612
30.6933088694144,46.4848860762287
30.7606851382601,46.5685773296653
30.7055133039762,46.3968785592056
30.7278629993535,46.3883593811803
30.678507746648,46.3866735375035
30.6438575392453,46.4469303043976
30.7220464177751,46.4705627021508
30.6779546520604,46.4994235542528
30.7807315711999,46.5742807709198
30.7402751689717,46.4850138189193
30.7221165283567,46.5131909777478
30.6398118990225,46.4404226239504
30.7083800477541,46.4457716242184
30.7476913104841,46.4509730906748
30.7485663944091,46.4651561277124
30.7119375105945,46.3876558967859
30.6202951904764,46.4823528127315
30.6098071668179,46.4939648032225
30.7427134591958,46.4753323623292
30.7061676694038,46.4225404464651
30.7066194931514,46.3959465773224
30.7387976533833,46.4571964986557
30.6911172645697,46.4604998166819
30.6424215706681,46.4443556594654
30.697897217472,46.3768571414517
30.7587142519128,46.4538787870868
30.6388043839991,46.4693500461869
30.7115609908048,46.4364626005431
30.7136902751326,46.4160813442242
30.736052953951,46.5522496547806
30.7963506507508,46.5759252331616
30.7034982739294,46.3884817262924
30.6860277556886,46.4781409023287
30.6204068480692,46.4681319926446
30.7160272945168,46.4695659493259
30.7485196540214,46.3877800410908
30.6431122897306,46.4449655858329
30.705726232409,46.4458256000032
30.7141888392679,46.4193198913088
30.634589959043,46.4797331879786
30.6317751490291,46.4195196017124
30.7242510060609,46.4105740149877
30.7511630826137,46.4505232924686
30.704622639922,46.513723538824
30.7260427209221,46.4246562972271
30.7327551599311,46.4731643349754
30.8132473008984,46.5942967910952
30.7289484150231,46.4232367340883
30.764870999646,46.4767609214321
30.7064818686765,46.3892841662923
30.7095485574462,46.4453632074472
30.7615472387441,46.4344187174942
30.7142511597848,46.416032766018
30.7211895106676,46.4832722002649
30.6416295807657,46.5355639405237
30.7188317177778,46.404902959204
30.6419983104908,46.4368638205431
30.7341210179267,46.4731157567691
30.6921793100454,46.4018173435095
30.728478414458,46.5084716949685
30.723313601619,46.406925251939
30.7571406588608,46.4383679457446
30.7212258643025,46.4700931128235
30.6132321985598,46.4949273713837
30.7731881919655,46.5728216255389
30.6911821817748,46.4606077682514
30.6886789743456,46.4597621476238
30.619059166891,46.4685494053799
30.711093586928,46.4073966404591
30.761152542137,46.4336540605437
30.7524951836627,46.5486548675167
30.7576651898781,46.4633641316589
30.7497219206602,46.4688894528238
30.70439413136,46.3886976294314
30.6354884131618,46.476915652015
30.8057480653634,46.5748385206954
30.6932179853273,46.3378776289032
30.7248923880474,46.4980957499481
30.6403078664696,46.4441811377613
30.7012781055145,46.4656131226899
30.6379734437736,46.3946637528383
30.6680846401946,46.4921440200838
30.7467539060423,46.4701686789222
30.7215063066286,46.4507319988363
30.6316037676076,46.4859745878877
30.70439413136,46.4033484566034
30.7146276795745,46.3903978666508
30.7209739855466,46.4527021149794
30.6438731193745,46.4529378092395
30.7242302325552,46.4921872007116
30.7086215397572,46.4762643442125
30.6666227047354,46.4995369034007
30.731916429641,46.4613814211661
30.7975399339486,46.5787049860758
30.6966222435635,46.4768382867236
30.6921819067336,46.341976190158
30.6548155634689,46.4733136679799
30.7132903851491,46.4703090159625
30.6450779827015,46.5235093485978
30.7113662391895,46.4073516606385
30.6341926657476,46.4476625758773
30.6914989777358,46.4889054729992
30.6567293226757,46.4710089019713
30.6915249446178,46.3459056272873
30.7242328292434,46.4293989695131
30.7338873159883,46.3852629703289
30.6223725410401,46.5196734694955
30.7029919197295,46.4022815352583
30.71101828297,46.4811653454671
30.6351066999957,46.4382599941751
30.6772016124811,46.3863262932884
30.7117141954089,46.4821998813414
30.7279824470109,46.4299099402754
30.7371149994267,46.4718059443927
30.7412982641243,46.4584685279828
30.6379111232567,46.4759081040332
30.6564514770378,46.3710187607353
30.7525211505448,46.4367792584803
30.6909822367831,46.4448666302276
30.6889594166717,46.3346138931191
30.6449221814092,46.4384992868208
30.810653209382,46.5794228640129
30.7106962936327,46.4468637342631
30.6469450015206,46.3928447688925
30.7313555449888,46.3878861934674
30.7597165735598,46.5741440322651
30.6951525180397,46.3433885565255
30.7628897265459,46.4378101959689
30.7283927237473,46.4291470825177
30.7081177822455,46.3883179997454
30.7291976970907,46.3780500062945
30.7153339787662,46.3820100297018
30.7046927505036,46.5141949273441
30.7592959100707,46.4728638697737
30.6928985926781,46.4954797235809
30.6618499918152,46.5205658691365
30.6610865654831,46.4385532626055
30.7127087269913,46.4062181691589
30.6464438406971,46.438054886193
30.7101613758625,46.4508417495986
30.6503934034564,46.5258878815122
30.6808759262906,46.4768886641227
30.7049056789363,46.5021655241177
30.6828104590031,46.449954747536
30.7031061740105,46.4787490295035
30.749046781727,46.479832143584
30.684472339454,46.4872951954211
30.7286446025031,46.437367594534
30.7191926574382,46.4041652901459
30.6392016772944,46.444123563591
30.6779208951137,46.4547657891494
30.6652802169336,46.4642097522866
30.6561866148409,46.3500077869278
30.744580478015,46.4637293678024
30.6477499748641,46.4635746372194
30.7586649148369,46.4537834298671
30.694280030803,46.355662649976
30.6539690431142,46.5369151343351
30.6562904823691,46.3497451047753
30.7096965686739,46.4431358067302
30.7157624323199,46.3936795943632
30.6904525123893,46.3343458133882
30.7117687258612,46.4133375751665
30.7276838278674,46.4629179318384
30.6373320617871,46.4391955744439
30.7405685947388,46.4612194938118
30.7493505942469,46.4511889938138
30.6199420408806,46.4567287085212
30.7379459396521,46.4353578961487
30.7330953260859,46.3904518424355
30.6534574955379,46.4741772805357
30.7448375501472,46.4758037508493
30.6909640599656,46.4802099740772
30.6529018042621,46.3488832914123
30.6388069806873,46.4699293862765
30.6618032514276,46.4471552035007
30.7299143830352,46.386884043064
30.7262400692256,46.4180064805467
30.6412608510407,46.4370329446686
30.7447181024898,46.4371372978524
30.6440626776135,46.4474826565948
30.6341666988656,46.4683353014338
30.7314516224523,46.5290490633053
30.7523575591879,46.4679232862769
30.6881622333928,46.4549259173108
30.750391866217,46.4687976939897
30.6421748852887,46.4790836793689
30.6942774341147,46.4302463893336
30.7144147511417,46.3895270573236
30.6455194196963,46.5352976599857
30.7246015589685,46.5060068007986
30.6246939802951,46.4129885317585
30.6866223972875,46.4659657644835
30.7327915135659,46.4477309452046
30.7157156919322,46.4883045425958
30.7218828264182,46.4682831248418
30.6452441707466,46.4379919144442
30.7111688908859,46.4793373655572
30.7321059878799,46.5288133690452
30.696996166665,46.3828016745447
30.6255768542847,46.4860825394572
30.725648024315,46.5013702808892
30.7242821663193,46.4759602806251
30.7197119950792,46.4622792183856
30.7326227288326,46.4529881866385
30.7915415841958,46.5701786112793
30.6664824835723,46.5197202485089
30.7069310957359,46.4232151437744
30.6956277119812,46.3709647849506
30.7183461370835,46.4627955867263
30.6151589412077,46.5003159538939
30.7017507027677,46.4341776256557
30.7246041556567,46.3910815599242
30.7572652998946,46.5532895882333
30.6933530131139,46.3447127624445
30.7145783424986,46.4179866894257
30.7409632913459,46.4848572891435
30.6448910211508,46.4387745633229
30.7067908745729,46.4445481730976
30.7575041952095,46.4401131627846
30.7586960750954,46.4539147709433
30.6447559933641,46.4426878077168
30.6472617974816,46.4422056240398
30.7031295442044,46.355970311949
30.7282005688201,46.4870648987395
30.7528457365703,46.4011156583079
30.7433937915055,46.4224001094248
30.7235135466108,46.4737490726435
30.6252340914416,46.469965370133
30.7070193831349,46.3699914216324
30.7189537621234,46.4040465434194
30.7565823708968,46.437860573368
30.6409596352089,46.4445013940842
30.7604618230745,46.4578316137228
30.7453075507123,46.4391200083453
30.7293041613071,46.4582958054716
30.7240666411983,46.3975802444072
30.7271982471731,46.4218909378554
30.6906576507575,46.3492125436992
30.7980073378254,46.5702577757636
30.7235473035574,46.3915169645878
30.7358789758412,46.481372252642
30.7551957393955,46.4398144967757
30.733718531255,46.4908090190078
30.7071024771575,46.4613976139015
30.7429082108112,46.4728854600876
30.7249469184997,46.4131180736419
30.6924831225653,46.4756490202664
30.7698306741169,46.5706823852702
30.6650984487592,46.3531131937433
30.767522218303,46.4407842617082
30.7045707061579,46.4919623016085
30.7308232239068,46.4177977741791
30.6734234311433,46.3342936367963
30.7248638244772,46.3989188438689
30.7398155551595,46.4625041174887
30.7060300449289,46.4225080609943
30.7310751026627,46.4815503727316
30.6556724705764,46.3506231108738
30.7486728586255,46.4470706414379
30.7381770449023,46.4522972965938
30.7441286542674,46.4711276486978
30.7044304849949,46.4032746896976
30.7130852467809,46.4642655272641
30.7028257316844,46.5132737406178
30.6806188541584,46.352890093833
30.6938775441312,46.4843301256459
30.7043889379836,46.3890412752609
30.7198937632535,46.3944136650357
30.7388651672766,46.4805464231354
30.6627120922992,46.4460594950704
30.7076036379809,46.4342639869113
30.7055366741701,46.5119243459992
30.7221087382921,46.5530341028522
30.6455324031373,46.4444528158779
30.7405997549973,46.4679232862769
30.7522978353592,46.4662266474431
30.7054873370942,46.5124659030395
30.7376109668737,46.4549061261897
30.6933452230493,46.4460918805412
30.717730721979,46.4194098509501
30.7287900170426,46.390714524588
30.711537620611,46.4083915940912
30.7253831621181,46.3988414785774
30.7576106594259,46.4371804784802
30.7485819745383,46.4405467682553
30.7485793778501,46.4622828167713
30.6496429605652,46.3891150421667
30.7509475574928,46.4269952478992
30.7223684071125,46.4161731030583
30.6989618596359,46.409030307544
30.7264270307764,46.3701245619014
30.6494352255089,46.3472838089911
30.7201222718155,46.409132861535
30.6368698512866,46.4404550094213
30.6834985813773,46.4570453664584
30.7399947266456,46.5531132673364
30.6956822424335,46.4772161172168
30.7030957872577,46.4799580870817
30.6814030539962,46.3326401785903
30.7054198232008,46.512563059452
30.7320956011271,46.4858810298608
30.7475666694503,46.4530493591946
30.7053237457373,46.3887282157094
30.6329202885274,46.4481015789265
30.7133215454076,46.4607391093276
30.6988398152903,46.3564974754467
30.6399754903794,46.4430602406315
30.7109222055065,46.4617592516593
30.6361817289124,46.4381214563276
30.8098690095442,46.579124198004
30.7266191857035,46.4214447380349
30.6863393582732,46.3796728782224
30.6429668751911,46.5347435085957
30.7115973444397,46.3773285299717
30.6907615182857,46.3474475355381
30.6544909774433,46.4741035136299
30.7083462908075,46.4484686142628
30.7196133209274,46.4196149589321
30.7314749926462,46.4404712021567
30.7074815936353,46.4796918065436
30.7056301549454,46.4415417218874
30.7217945390193,46.3863748714946
30.8073008849098,46.5906876102887
30.6368958181687,46.4390912212601
30.695866607296,46.4328552189295
30.7470265583038,46.4021789812673
30.6623433625741,46.5230703455486
30.7031321408926,46.3828826382218
30.7981527523649,46.5734891260769
30.7223580203597,46.4875650743448
30.7594698881804,46.4344708940861
30.7190887899101,46.3985284190259
30.7053367291783,46.4422452062819
30.7206649796503,46.552861380341
30.7037813129437,46.3795379387605
30.7316905177672,46.4825399287852
30.7234330492764,46.4126862673639
30.752206951272,46.454677628701
30.7499997662981,46.4089007656606
30.7053003755434,46.46576605408
30.7029711462239,46.4037442790249
30.7488260632296,46.4786500738981
30.7043110373375,46.3840880974144
30.6638961821205,46.3582678811862
30.6260156945912,46.4429396947123
30.763094864914,46.4291218938181
30.8111128231942,46.5778899517262
30.7416721872258,46.4331556841312
30.6894501907423,46.3785735714065
30.7198158626074,46.3989224422545
30.7935903711893,46.5732336406957
30.7047031372564,46.5140150080616
30.6537950650045,46.4735313703117
30.7501296007083,46.4685242166804
30.7098705467836,46.4169701454797
30.7517966745357,46.5480071580998
30.6445041146083,46.4539507547998
30.7055418675465,46.3880877030638
30.6100928025204,46.4868831802642
30.707730875703,46.395149534901
30.7013040723965,46.3653279138306
30.7120232013052,46.4134383299647
30.7308569808535,46.4519446548002
30.703835843396,46.4297821975848
30.8084356376552,46.5786887933404
30.697211691786,46.3951261453943
30.7403660530589,46.4711222511193
30.7064844653647,46.386781489073
30.7029633561593,46.4930112310253
30.7403011358537,46.4681733740795
30.7061131389515,46.4649618148873
30.7641465236369,46.4318080887055
30.7440715271269,46.4424125312146
30.6421177581482,46.4428101528289
30.6388641078278,46.4080947272751
30.7375979834327,46.4761617902215
30.709062976752,46.4030911720295
30.7462008114547,46.473671707352
30.7306544391735,46.4703917788325
30.7229474685821,46.3937803491613
30.7486079414204,46.4530619535444
30.6809096832373,46.3801460659353
30.7378290886829,46.4156207508611
30.6203678977462,46.4549583027817
30.7014728571298,46.3681202610946
30.6401416784245,46.444719096416
30.736434667117,46.4492512631415
30.7442792621832,46.4875128977529
30.7310439424042,46.4723726901325
30.6887127312922,46.3584064190337
30.7785269829142,46.5729457698438
30.6340160909497,46.4478784790162
30.6306092360252,46.4741323007151
30.6510373821311,46.3452111388569
30.7922816403342,46.569329392266
30.7070765102754,46.3957918467394
30.7074374499359,46.4022113667382
30.8154311156785,46.5894407696612
30.6365634420785,46.3593132122174
30.7615316586149,46.4331754752523
30.6710942018237,46.4676570057388
30.7388911341586,46.464852064125
30.7861950031825,46.5714830260773
30.7134747500116,46.472018249146
30.7046252366102,46.3831219308675
30.7516019229203,46.4206315028781
30.6236215480666,46.5090834205289
30.6143487744878,46.4899256153309
30.6558620288153,46.5270663528124
30.7229111149473,46.4644040651117
30.6363998507216,46.4175386904123
30.7778466506046,46.5627911255408
30.7484287699343,46.4643069086991
30.6838465375967,46.4930004358684
30.6940696990584,46.430098855522
30.7105716525988,46.4797205936288
30.7513656242937,46.4206980730126
30.8036888916171,46.5993579205113
30.7194549229469,46.39917432925
30.6688480665267,46.4707624125544
30.7281694085617,46.5102996748785
30.7115064603525,46.4627488077129
30.7221606720561,46.4663112095059
30.7352895276188,46.5539552895784
30.7072686652026,46.4204569811741
30.723986143864,46.5584946530753
30.7574418746926,46.4400483918429
30.6533562246979,46.5361684693129
30.6914989777358,46.3536277628912
30.6980322452587,46.3472586202915
30.6916963260393,46.4563328860998
30.7140667949223,46.415528992027
30.7236823313441,46.4944217982
30.8042939199688,46.5700976476022
30.7176969650324,46.4038540297872
30.6316245411133,46.412592709337
30.7262504559784,46.3920531240496
30.6257430423298,46.4646829399995
30.7113272888664,46.4461422579403
30.7427679896481,46.4731157567691
30.7939071671503,46.5748403198883
30.7083099371726,46.3639533305125
30.7650553645085,46.4364500061934
30.6212040313481,46.413897124135
30.6150420902384,46.4542242321092
30.7233084082426,46.5112010704837
30.6832363158686,46.4478083104961
30.7741074195899,46.5670012367508
30.7486313116142,46.4692438938103
30.7216621079209,46.3833000509571
30.6332604546822,46.4465632690613
30.6885517366235,46.4802963353328
30.6439795835909,46.4367666641305
30.727894159612,46.4227275625189
30.7514668951337,46.3764451262948
30.7650319943147,46.580387231367
30.6609437476318,46.4924840675277
30.6720316062656,46.4678243306715
30.7529729742924,46.5496696122699
30.6927531781386,46.4105686174092
30.7477588243775,46.3982333514026
30.6764433795253,46.4655447533626
30.6868275356556,46.4873527695915
30.6098539072056,46.493774088783
30.7471382158966,46.3913820251259
30.7066065097104,46.3888469624358
30.6107835215828,46.512706994878
30.7038540202135,46.3669831712294
30.7267308432963,46.4995081163155
30.7609136468222,46.4334813380325
30.6942099202214,46.4875452832237
30.6917820167501,46.4661114991024
30.6870430607766,46.3418646402029
30.646695719453,46.4358202887047
30.7304648809346,46.4806993545255
30.6825845471293,46.3442755585881
30.6831765920399,46.4484038433211
30.7272501809372,46.5534101341525
30.7080294948465,46.3965780940038
30.7131475672978,46.4330495317546
30.6339667538738,46.4794345219697
30.6384979747909,46.5331872068022
30.7956495449356,46.575129989933
30.672340612162,46.5120754781965
30.6784765863895,46.3401374150911
30.7221580753679,46.4068173003696
30.6283760841693,46.4690046011646
30.64066880613,46.4428875181203
30.7556008227555,46.4688228826893
30.7048018114081,46.3882280401041
30.7465799279326,46.4684054699539
30.7121919860385,46.3879347716737
30.7135993910455,46.3872096969653
30.7526042445673,46.4498791814374
30.6939684282184,46.4854024445694
30.7139187836946,46.4198164685284
30.7076451849922,46.4479828322001
30.6493339546689,46.346493963341
30.7399661630753,46.4726299747065
30.704165622798,46.4009159479043
30.6465996419894,46.4361477417988
30.6725301704009,46.5152384591824
30.614997946539,46.4887579391876
30.723858906142,46.4992184462708
30.7655980723433,46.4428245463715
30.7259310633293,46.4761132120152
30.655108989236,46.3502146941026
30.7499400424694,46.4404586078069
30.7602047509423,46.4763291151542
30.7303402399008,46.4535135509434
30.7208908915241,46.4572666671758
30.8102013856344,46.593334222934
30.7618069075645,46.4310722188401
30.7626923782423,46.4674051187434
30.8067218234402,46.5907847667013
30.7290938295625,46.4850282124619
30.6933426263611,46.3781021828864
30.7319917335989,46.3858027281764
30.641112839813,46.4390498398251
30.7323500765711,46.3823284868317
30.7158766866009,46.4185138529233
30.7930632434838,46.5788669134301
30.7221814455618,46.4808558843013
30.6688662433442,46.5387754997159
30.6918339505142,46.4894218413399
30.7172087876499,46.464123391031
30.730571345151,46.4695497565905
30.729594990386,46.5127807617838
30.677518408442,46.3237953466638
30.6628211532038,46.3499718030713
30.6264129878866,46.4323118626964
30.7147185636617,46.4421588450263
30.7280915079155,46.4695713469044
30.7579144719458,46.4552551695977
30.6405311816552,46.4543609707638
30.7066428633452,46.4657102791024
30.6450727893251,46.4474826565948
30.6409907954674,46.440786060901
30.7234953697933,46.4927593440299
30.7104677850707,46.474821391567
30.7234719995995,46.4125981069155
30.748488493763,46.4416442758784
30.7303662067828,46.4343341554314
30.7304674776228,46.4235084122049
30.7064714819237,46.4462142256533
30.7253078581602,46.4268063326526
30.6151875047779,46.4897384992771
30.7424252268051,46.4562285329159
30.7337496915134,46.3928573632422
30.7746111771016,46.5586511828511
30.6232112713302,46.5269512044716
30.6900604124704,46.3484604810985
30.7465695411797,46.3950451817172
30.7073621459779,46.3812309792086
30.7042305400031,46.4470148664603
30.8142028821577,46.5812256552233
30.722654042815,46.4115545750771
30.6859706285481,46.4557733371313
30.7189251985532,46.3909951986686
30.7226098991155,46.3928969454844
30.6297627156705,46.5057495162246
30.636849077781,46.4381610385697
30.7045499326523,46.3895738363371
30.6146785538898,46.486741044031
30.6750801182179,46.5125846497659
30.7284602376406,46.428517365029
30.8078721563148,46.5783415491252
30.6436238373069,46.4420400982999
30.6405779220429,46.4409677793763
30.7041630261098,46.4025748036888
30.7042097664975,46.4908881834921
30.6943293678788,46.4054031348093
30.7324331705937,46.4708577697741
30.7488208698532,46.4485945577605
30.7652267459301,46.4311549817101
30.7128878984774,46.3944280585783
30.7542920919003,46.4408256431432
30.7862729038286,46.5718392662566
30.7361204678443,46.4222561739988
30.6460309672726,46.4370887196461
30.6150602670559,46.4681679765011
30.7111896643916,46.3893147525703
30.6959912483298,46.4408868156992
30.6461400281772,46.4425798561473
30.6763654788792,46.4549601019745
30.7223320534777,46.4903358312949
30.7036333017161,46.4799742798171
30.6887880352501,46.456627953723
30.7482703719538,46.4216606411738
30.7216231575978,46.3857559491629
30.7333316247125,46.4531033349793
30.6143228076058,46.4897205073489
30.7458268883532,46.4678549169495
30.6420164873082,46.4075495718492
30.7106833101916,46.4069684325668
30.7358010751951,46.4844902538073
30.693607488558,46.3736149959814
30.699585064805,46.4364751948929
30.6311207836016,46.474832186724
30.7251858138145,46.4245555424289
30.7540064561978,46.5519365952291
30.7215816105865,46.4715846436753
30.70987574016,46.4199586047616
30.7140434247284,46.3925604964262
30.7240173041225,46.4709189423301
30.6155614278794,46.48902062134
30.7292314540374,46.4866780722822
30.7035528043817,46.3831417219885
30.7116440848274,46.4747404278899
30.7030178866116,46.4241471256576
30.7262712294841,46.4877827766766
30.6330605096904,46.4851289672601
30.7077256823266,46.4460756878058
30.6328371945048,46.4430566422459
30.7139577340177,46.4195142041339
30.7489377208224,46.4786572706694
30.8122605593807,46.5937984146828
30.7226462527504,46.4238574556129
30.8072879014688,46.5756985348657
30.6911510215164,46.349081202623
30.7012962823319,46.4786356803555
30.730838804036,46.4885474336271
30.7036540752217,46.4970414229528
30.7199482937058,46.4730671785629
30.7311763735026,46.4570237761445
30.6359558170386,46.4383391586594
30.7922141264409,46.5789118932507
30.8000483347542,46.5762994652691
30.6756643730639,46.4686177747072
30.684763168533,46.340693365674
30.6889620133599,46.3573718831595
30.7086734735213,46.4111839413552
30.699673352204,46.4379181475384
30.6971156143224,46.4526211513023
30.7205663054985,46.4980489709347
30.738641852091,46.4696936920164
30.623411216322,46.4447208956088
30.7373954417528,46.475694000087
30.7722222239533,46.5666431973786
30.7060014813587,46.4660881095956
30.6732624364746,46.4732902784731
30.6423852170333,46.4368368326507
30.7590518213794,46.4359138467316
30.695651082175,46.362859421275
30.6540988775244,46.5291102358613
30.7449647878693,46.4384615037714
30.7307193563786,46.4687599109404
30.7575535322854,46.4611511244845
30.721498516564,46.3848095737371
30.7046797670625,46.4905841199047
30.7401323511204,46.4378893604532
30.7128904951656,46.4119953773192
30.7063546309545,46.4522361240378
30.6550518620955,46.3488706970625
30.6156159583317,46.4978906419661
30.7096628117272,46.388105694992
30.6466152221186,46.4371067115744
30.7616796698425,46.4533354308537
30.6482771025696,46.3638093950865
30.7553437506232,46.4358022967764
30.7112987252961,46.4132350211755
30.6876221222463,46.4984106086924
30.6164936389448,46.4789235512075
30.6273088453172,46.5082845789147
30.7621704439132,46.5540254580986
30.75063335822,46.4322183046695
30.7933800394447,46.5789640698426
30.7041734128626,46.3828124697016
30.7624742564331,46.5551211665289
30.760378729052,46.5670102327149
30.720280669796,46.4120277627901
30.6866691376752,46.3775660234246
30.7099692209354,46.4062127715804
30.7445960581442,46.4708001956037
30.7359880367458,46.4830706906685
30.6805591303297,46.3920837103276
30.7092525349909,46.4493772066393
30.730901124553,46.4726083843926
30.7526224213847,46.467162227712
30.72198150057,46.4627200206277
30.7095096071232,46.4034636049442
30.6343692405456,46.4440893789273
30.7081930862034,46.4767717165891
30.6458621825393,46.4456852629628
30.6643713760619,46.3566576036081
30.7144744749704,46.4190644059277
30.7718067538406,46.574689187691
30.6380461510433,46.4610503696863
30.7038384400842,46.3849984889837
30.6441795285827,46.3504989665689
30.6910419606118,46.4953303905765
30.7080398815993,46.4917392016982
30.6920390888824,46.4271031994687
30.7571328687962,46.4656419097751
30.784551299549,46.5995090527085
30.725229957514,46.481566565467
30.7625261901972,46.553620639713
30.7417500878719,46.4625598924663
30.6382876430464,46.4993587833111
30.7498128047473,46.467860314528
30.8106869663286,46.5959052694805
30.724417194106,46.4916582380211
30.7190913865983,46.4956488477064
30.6749736540015,46.5125468667166
30.6993150092317,46.4821495039423
30.7272060372378,46.4903772127299
30.7616433162077,46.4304550957013
30.7123348038898,46.4685763932723
30.6274308896628,46.4275745879888
30.7260219474164,46.4880940370353
30.7432847306009,46.4496003065495
30.724214652426,46.4767609214321
30.697580421511,46.4421804353402
30.7317164846492,46.4571047398216
30.718618789345,46.4028464818053
30.6116170584965,46.5019010427725
30.7495141856038,46.4448648310348
30.6941631798337,46.4781121152435
30.7053185523609,46.4228966866444
30.6953706398489,46.4680708200885
30.6960977125462,46.3596262717689
30.7276241040387,46.4738948072623
30.7095745243283,46.4051224607286
30.6576199867299,46.3501625175107
30.7196314977448,46.3983269094295
30.6038893143995,46.5161344572092
30.7636635396309,46.4526931190153
30.725686974638,46.3945917851253
30.7074815936353,46.4790944745258
30.7624716597449,46.4500357112131
30.6409492484561,46.4544023521988
30.7058820337013,46.4023660973211
30.7223554236715,46.4884502772146
30.8117619952454,46.5801191516361
30.7437573278541,46.44219302969
30.7603735356756,46.433578494445
30.7380446138039,46.4628009843048
30.6807824455152,46.46782972825
30.7272294074316,46.4776119396382
30.7068168414549,46.5131028172994
30.738857377212,46.4586826319289
30.7221866389382,46.4238178733707
30.8098690095442,46.5797827025779
30.7468318066884,46.4720686265451
30.7326590824675,46.4459083628731
30.6547558396402,46.35020030056
30.7335133928868,46.4820847330006
30.742448596999,46.4689020471736
30.6877363765273,46.4765108336295
30.7516382765552,46.4614731800001
30.7137006618854,46.4921692087834
30.6878791943785,46.3340381514152
30.7630507212146,46.5780176944168
30.7669275767041,46.4344439061937
30.6373684154219,46.4437511306762
30.7138201095429,46.4785331263645
30.7425031274513,46.4549061261897
30.7237602319902,46.3968677640486
30.7207195101026,46.4937165146126
30.8095054731955,46.5785754441925
30.7233369718128,46.4729502310293
30.6150706538087,46.4903340321021
30.6961106959872,46.3620389893469
30.7274708994346,46.4147571383052
30.7131657441153,46.3816735806435
30.7141213253746,46.3580285885405
30.7022233000209,46.4785457207143
30.7105301055876,46.4819012153324
30.7663277417288,46.4356169799155
30.6377449352116,46.4724104731818
30.6393522852103,46.4515218444864
30.7193069117192,46.4227905342678
30.7622976816352,46.5572640051832
30.7306128921622,46.3904590392068
30.7967453473579,46.5706877828487
30.7238874697122,46.3964053714927
30.6616864004583,46.3516090685418
30.7572808800239,46.4394132767757
30.667544529048,46.4629593132734
30.6408479776161,46.4529881866385
30.7516149063613,46.4620273313901
30.8025567355599,46.5787013876902
30.7075958479163,46.4336288718441
30.7990641899247,46.5699465154049
30.6630159048191,46.4966240102175
30.7239368067881,46.4559334652927
30.6925766033407,46.4800948257364
30.6415179231729,46.4511404156075
30.7062066197269,46.4224756755234
30.7940032446138,46.5739245307404
30.7456295400497,46.4719750685182
30.7164453613177,46.4825201376642
30.7151496139036,46.3927817971436
30.7096030878985,46.4211604655685
30.7317528382841,46.4802099740772
30.7287978071072,46.4902044902187
30.7582909917355,46.4521821482531
30.7181254185861,46.3840269248583
30.7136876784444,46.4840728410719
30.7957274455817,46.5721109443731
30.6869521766895,46.4864873578428
30.7194575196351,46.50735799461
30.7407503629131,46.4303975215309
30.7278006788366,46.4220294757029
30.623512487162,46.4703737869042
30.7642685679825,46.4450663406311
30.7018130232846,46.3703962400179
30.7379329562111,46.4215023122052
30.810094921418,46.5811051093041
30.7941928028528,46.5996691808699
30.7132825950845,46.4719948596393
30.6370074757615,46.4385838488835
30.7350246654219,46.4709765165005
30.7536636933548,46.5512277132561
30.8050313794189,46.5794336591699
30.7007925248202,46.4885564295912
30.6157380026773,46.4835240872604
30.7290834428097,46.4716152299533
30.7104833651999,46.4757731645713
30.6609749078903,46.4744849425088
30.748527444086,46.4571677115705
30.6149460127749,46.4898680411605
30.7534845218687,46.4578963846645
30.71535734896,46.3858818926606
30.7499088822109,46.4375709033232
30.8086070190767,46.5782353967486
30.7440585436859,46.4487618826932
30.6479992569317,46.4695677485187
30.7992641349164,46.5716737405167
30.8126474659231,46.5793760849995
30.717819009378,46.4925614328192
30.7352324004783,46.4634378985648
30.7026491568865,46.3642160126649
30.7317164846492,46.3880265305078
30.6857732802446,46.3334102331193
30.7360010201869,46.4780491434946
30.6834959846891,46.4412610478068
30.6942255003507,46.4058511338227
30.7083930311952,46.5239501508399
30.77360106539,46.567861250921
30.6371970340004,46.4381862272692
30.7357751083131,46.4844290812512
30.6855343849297,46.3347704228949
30.8096041473473,46.5786474119055
30.6407778670346,46.4391146107668
30.7613446970641,46.4536089081631
30.6917612432445,46.456073802333
30.7242795696311,46.4174091485289
30.6907978719205,46.3775282403753
30.7272761478193,46.4658128330934
30.7409347277757,46.430478485208
30.7126490031626,46.4846341892333
30.744237715172,46.4484056425139
30.701818216661,46.4607858883411
30.7298624492711,46.4360577821576
30.7484651235691,46.4572936550682
30.7213894556594,46.4758019516565
30.7040357883878,46.5141949273441
30.7189070217357,46.4023391094287
30.706196232974,46.4117021088888
30.6160781688321,46.4807569286959
30.6142423102714,46.4736681089663
30.7379095860173,46.420221286914
30.7627417153182,46.4643123062776
30.7106807135034,46.3918282249465
30.6327229402238,46.3790449599266
30.727335871648,46.4636142194616
30.7207013332851,46.4854708138968
30.7259362567057,46.4227905342678
30.7478471117764,46.4790890769473
30.6786142108644,46.4980363765849
30.800248279746,46.5715963752252
30.7025374992937,46.3492449291701
30.7007172208622,46.3644625020819
30.7095381706934,46.4500914861907
30.810767463663,46.5641297250025
30.6979076042248,46.4358544733684
30.7197042050146,46.4340894652073
30.7113428689956,46.4784845481582
30.7062092164151,46.4676120259182
30.7024310350773,46.3532211453128
30.7120257979934,46.4296328645803
30.6417749953052,46.5335218566676
30.6947318545506,46.4717735589219
30.634743163647,46.4453110308553
30.7447726329421,46.467716379102
30.7152768516257,46.3980390385776
30.6447092529764,46.4468385455635
30.7371124027384,46.541321357563
30.7651384585311,46.4328966003645
30.7187538171317,46.4037136927468
30.7113428689956,46.4742816337196
30.6866223972875,46.4810070164985
30.6085633531679,46.4942814611596
30.7231006731862,46.5159293492271
30.6947188711095,46.4301096506789
30.728008413893,46.4801488015211
30.6835660952706,46.346103538498
30.7210440961281,46.4104714609966
30.6937269362154,46.4900101773936
30.6369036082333,46.496895688334
30.7231370268211,46.4872700067215
30.7141057452454,46.4333302058352
30.694331964567,46.4303453449389
30.7259206765765,46.5000226854634
30.7500802636324,46.437007755969
30.8019127568852,46.6001063847264
30.7543829759875,46.5521812854532
30.7010236300704,46.4906093086043
30.8018997734441,46.574606424821
30.6373398518517,46.3641350489878
30.7098965136656,46.3804897117648
30.7336432272971,46.4815971517451
30.7576314329315,46.4360451878078
30.7596724298603,46.4731409454687
30.6757942074741,46.4967679456434
30.7229344851411,46.3911049494309
30.7121114887042,46.5542647507443
30.7593270703291,46.4726983440338
30.7247106198731,46.482942947978
30.7718794611103,46.5944137386288
30.6599699895551,46.382592968177
30.6888010186912,46.3929581180404
30.759350440523,46.4590856511217
30.7053211490491,46.4009627269178
30.7424797572574,46.4689938060076
30.7424174367405,46.4753665469929
30.7143238670545,46.3896907838707
30.6831843821045,46.4870253164974
30.7111922610798,46.3939368789371
30.6867392482567,46.3498710482731
30.6965469396056,46.4766727609837
30.7323396898183,46.4741484934506
30.6757760306567,46.4623691780268
30.7220152575167,46.4992652252842
30.6108016984003,46.4918417556892
30.7043058439611,46.3839981377731
30.7238926630886,46.4992814180196
30.7494336882695,46.4449008148913
30.746624071632,46.4663112095059
30.7400934007974,46.4790638882478
30.7339859901401,46.4889108705777
30.7818948875156,46.575212752803
30.7136539214978,46.4617682476234
30.8026917633466,46.5748403198883
30.6777521103804,46.4892077373938
30.653649650465,46.4741161079797
30.7334952160694,46.4892797051068
30.6716498930995,46.332879471236
30.7445311409391,46.375169498582
30.7261128315036,46.3870603639609
30.7977580557578,46.5767006852691
30.7547127553895,46.4246580964199
30.6198797203637,46.4708037939893
30.7636453628134,46.4336738516648
30.6849501300837,46.4871350672597
30.7088318715017,46.4850426060045
30.6472747809226,46.3378704321319
30.7012677187616,46.4608020810765
30.7221502853033,46.4125297375882
30.6127206509835,46.4664299562323
30.7691036014196,46.4388267399149
30.6421047747072,46.4429342971338
30.7070038030057,46.4933170938056
30.6508504205804,46.3493708726678
30.7162635931434,46.4611547228701
30.7091616509037,46.4299819079883
30.7507761760712,46.4510360624237
30.7049108723127,46.4709459302225
30.7048096014728,46.5142309112006
30.710649553245,46.3894550896106
30.6444677609734,46.4525185973113
30.7510799885912,46.46870233677
30.7041915896801,46.3802126360698
30.720864924642,46.4806615714762
30.7478367250236,46.444359257851
30.6648128130567,46.3293980331201
30.7547075620131,46.4512951461905
30.6304612247976,46.4704511521957
30.7014832438826,46.3717132491657
30.739529919457,46.4527470948
30.7252689078371,46.3905543964266
30.6426370957891,46.444389844129
30.7452815838302,46.4450033688823
30.7568628132229,46.4373532009914
30.6748905599789,46.4455251348014
30.6977362228033,46.4766259819703
30.7033840196484,46.4244224021598
30.704266893638,46.3802288288053
30.7135007168937,46.4158924289776
30.6508192603219,46.4717339766797
30.6327774706761,46.4186901738201
30.7015507577759,46.3658640732924
30.6357376952294,46.4391721849372
30.6687286188693,46.4617340629597
30.7651358618429,46.4308527173155
30.8088692845854,46.5775606994393
30.704583689599,46.5142848869853
30.7233161983072,46.4880994346137
30.6539326894793,46.3492611219055
30.7294599625994,46.4702334498639
30.7534689417395,46.4354208678976
30.7199664705232,46.4776533210732
30.73170090452,46.4567898810773
30.6438289756751,46.4471390107653
30.7270112856224,46.4961940031323
30.7097407123734,46.405908707993
30.7392884274539,46.4656185202684
30.6358259826284,46.4443916433218
30.7051367841865,46.4228463092453
30.6849423400191,46.4829051649287
30.7562577848712,46.5539516911928
30.6893359364613,46.4776749113871
30.7196496745623,46.4867032609817
30.6854071472077,46.4825057441216
30.751064408462,46.3983125158869
30.6711980693519,46.5124551078825
30.7149444755355,46.4171626591119
30.7342248854549,46.5271635092249
30.7071076705339,46.4775795541674
30.7651722154778,46.4364320142651
30.732487701046,46.4700841168594
30.7304051571059,46.4737346791009
30.7114934769115,46.3907936890722
30.7062533601145,46.5126476215148
30.7178605563893,46.3918606104173
30.7311997436965,46.475314370401
30.6997850097968,46.4531285236789
30.6097967800651,46.4953052018769
30.6943657215137,46.4323946255663
30.7360945009622,46.4783316167681
30.6989177159364,46.3758351999272
30.7106651333742,46.4467989633214
30.6958432371021,46.343300396077
30.7418695355293,46.4573314381175
30.641658144336,46.4402139175828
30.6392484176821,46.4441307603623
30.7056223648808,46.3869326212703
30.767091168061,46.4473567130971
30.7044642419415,46.4047716181278
30.744338986012,46.4717051895945
30.6532497604815,46.4545498860104
30.7520978903674,46.4275044194686
30.7379251661465,46.5504702530769
30.737195496761,46.471361543765
30.6932413555211,46.4050343002802
30.7516252931142,46.4686537585637
30.6232865752882,46.4215508904115
30.7108209346665,46.4066193891588
30.7911157273303,46.5789496763
30.7085358490464,46.3999371870077
30.724785923831,46.496762548065
30.7304596875582,46.4519842370423
30.7688179657171,46.5595867631199
30.7205714988749,46.4825885069915
30.6190617635792,46.5028600125481
30.6780792930942,46.3891816123013
30.6734260278315,46.4691449382049
30.797584077648,46.5786204240131
30.706424741536,46.4055200823429
30.7556008227555,46.4290787131903
30.7585091135447,46.446350964308
30.7365722915919,46.4713975276215
30.7408594238177,46.4380314966863
30.7045784962225,46.4769228487863
30.6778274143384,46.488158807977
30.7769793567442,46.5596083534338
30.7273955954767,46.4627488077129
30.6349431086388,46.4434326735462
30.7264685777876,46.4796126420594
30.7413138442536,46.462264824843
30.6878376473672,46.3427300519516
30.64729295774,46.4292064558809
30.7248170840895,46.4140788426103
30.6548233535335,46.4748645721948
30.7573380071644,46.4656185202684
30.7035891580166,46.3823122940963
30.7056223648808,46.445652877492
30.7228306176129,46.4867950198158
30.7205065816698,46.5075091268073
30.6299237103392,46.5045296634895
30.6467917969165,46.5326276578337
30.8077682887866,46.5914216809612
30.7321605183322,46.4299297313964
30.7312672575898,46.3868048785798
30.7127398872497,46.4760988184726
30.6169896063919,46.4648718552461
30.7672937097409,46.5554756075154
30.69776997975,46.4269628624284
30.7172269644673,46.4958809435808
30.7242458126845,46.4767249375756
30.7371980934492,46.4673961227792
30.8161010612353,46.5890989230245
30.6615072289722,46.447079637402
30.7472005364135,46.4449691842186
30.6620655169362,46.4476625758773
30.7218958098593,46.5531726406997
30.6831636085989,46.4496434871773
30.7114960735997,46.3868048785798
30.7166790632562,46.4179902878113
30.7707732719352,46.5597217025818
30.7257804554134,46.4681122015235
30.6552621938401,46.5365732876984
30.6933711899313,46.4829069641215
30.7220594012162,46.5530161109239
30.724531448387,46.3693922904217
30.7038799870955,46.4430728349813
30.7424511936872,46.4708703641238
30.6201419858724,46.4591306309423
30.6367088566179,46.4420454958784
30.7050562868522,46.3858351136472
30.7238485193892,46.4866816706678
30.6847787486622,46.3743292755329
30.7198989566299,46.4886769755105
30.6537716948106,46.3489822470176
30.7616718797779,46.4332726316648
30.7115661841812,46.416628298843
30.7077334723912,46.422387515075
30.7291613434558,46.4585674835881
30.7044876121354,46.3832028945446
30.7092759051847,46.4407914584795
30.7578183944822,46.440478398928
30.7342248854549,46.4728278859172
30.6468826810037,46.4139313087987
30.6979543446125,46.4336108799159
30.680740898504,46.4601219861887
30.6146110399965,46.4883621167662
30.7483015322122,46.4767483270823
30.753881815164,46.4033304646752
30.7122854668139,46.3757020596582
30.6390744395724,46.4522631119302
30.7146224861981,46.486649285197
30.7308050470894,46.4695155719268
30.7083125338608,46.3562851706933
30.7045291591467,46.3865529915843
30.7060612051874,46.4193306864658
30.7483378858471,46.3753925984923
30.7431003657383,46.4710142995498
30.7279980271402,46.4283554376748
30.7467616961069,46.4701201007159
30.7487351791424,46.4385046843992
30.6869573700659,46.4804330739874
30.7691555351837,46.4388807156996
30.735546599751,46.3889693075479
30.7083982245716,46.3882712207319
30.6978297035787,46.3884025618081
30.7127996110784,46.4608902415249
30.6448209105692,46.4387799609014
30.6420061005554,46.4547316044857
30.7108079512255,46.4124991513102
30.6966274369399,46.4708955528234
30.6947993684439,46.3577641071953
30.7092421482381,46.4310254398267
30.7199223268237,46.4798789225974
30.6510945092716,46.4792042252881
30.7661433768663,46.4582238377586
30.6605672278421,46.5277770339782
30.7298520625183,46.4701416910298
30.8081214383825,46.5828089449091
30.7643750321989,46.4520022289706
30.6714291746021,46.3319294974246
30.715014586117,46.393290968713
30.7178735398303,46.382684727011
30.7513007070886,46.4058241459303
30.7556865134662,46.4292496365087
30.7110416531639,46.4842383668118
30.747587442956,46.4456402831422
30.611635235314,46.5030975060009
30.645503839567,46.443456063053
30.716016907764,46.487860141968
30.7239653703584,46.4104858545392
30.7049238557538,46.3891564236017
30.6164520919336,46.4746396730917
30.74949081541,46.4306044287057
30.6828753762082,46.457799228252
30.6984996491355,46.3806048601056
30.7574886150802,46.4611511244845
30.7198989566299,46.3987623140931
30.742347326159,46.4690369866354
30.6933997535016,46.4401509458339
30.7134098328065,46.4433786977615
30.7611161885021,46.4342208062835
30.6160573953265,46.480940446364
30.6956199219165,46.4462214224246
30.7330615691392,46.4460882821556
30.7466786020843,46.4697512661868
30.720649399521,46.4275529976749
30.6970870507522,46.4048903648542
30.6548051767161,46.472890857666
30.7260972513744,46.431176572024
30.7731829985891,46.5686978755845
30.6864717893716,46.4812067269021
30.6627068989228,46.4976837347912
30.7119504940355,46.4099047152568
30.6465087579022,46.3976270234207
30.7304882511284,46.4697386718371
30.6162573403182,46.4698772096846
30.7057444092264,46.4027925060206
30.6400066506378,46.4431322083445
30.7570367913326,46.4387115915741
30.8074852497723,46.5813533979139
30.6443119596811,46.4448702286132
30.7234096790826,46.3789747914064
30.7023920847542,46.4929032794559
30.7498387716294,46.3923230029733
30.6637559609574,46.433342800185
30.714671823274,46.3828880358002
30.6426111289071,46.4432617502279
30.7619159684691,46.4160561555247
30.7585428704913,46.4336954419786
30.6804864230599,46.4874949058246
30.7027218641562,46.4289419745356
30.7557150770365,46.4397461274483
30.6289733224563,46.4833765534487
30.7131891143091,46.3829204212711
30.6860822861409,46.4827306432247
30.6641402708117,46.4712967728233
30.7526354048258,46.4357591161486
30.7439624662223,46.4779573846606
30.6965780998641,46.4373891848479
30.7123685608365,46.4391110123812
30.6453324581455,46.4364805924714
30.7065467858817,46.4065546182171
30.7207169134144,46.4619283757848
30.7236667512148,46.3851118381316
30.6466723492591,46.4952278365854
30.7116207146335,46.4093397687099
30.7463098723593,46.4704205659176
30.6444288106503,46.4374449598254
30.7202521062257,46.4114610170503
30.7134877334527,46.4637689500445
30.7200002274699,46.3987731092501
30.695765336456,46.3630069550866
30.7505424741328,46.4688228826893
30.7076036379809,46.5130110584654
30.6805617270179,46.4860699451074
30.6465477082253,46.444985376954
30.6462412990172,46.4422865877169
30.7023791013132,46.423547994447
30.6954952808827,46.3684261238748
30.7265153181753,46.4161479143588
30.7153469622072,46.480242359548
30.7808536155456,46.5742465862561
30.722513821652,46.4756382251095
30.7202053658381,46.4143631150766
30.7078607101132,46.3971628316719
30.7116830351504,46.4078302459299
30.6093241828118,46.4947888335362
30.7339859901401,46.4829213576641
30.7127269038087,46.4418457854748
30.700218656727,46.5566576772012
30.6735506688653,46.3309273470212
30.6451792535415,46.4433822961472
30.7265153181753,46.5537141977399
30.6133672263465,46.4751416478898
30.7344404105759,46.463558444484
30.7115220404817,46.3952592856633
30.729937753229,46.4703575941688
30.7231370268211,46.4880130733582
30.6712396163632,46.3311468485458
30.717920280218,46.4192479235958
30.6427643335112,46.4517953217957
30.6545844582187,46.4741430958721
30.7498050146827,46.383280259836
30.6410920663074,46.4374143735474
30.7235187399872,46.4636591992822
30.7512305965071,46.4688966495951
30.7108936419362,46.4849976261839
30.6462412990172,46.4450753365953
30.6445742251898,46.4401779337263
30.7308154338422,46.4297300209929
30.7228228275483,46.4234220509493
30.7220490144633,46.4750085076208
30.6731300053762,46.4694903832273
30.719735365273,46.4341812240413
30.7097536958144,46.3730914308694
30.7188187343368,46.4191039881698
30.8073787855559,46.5834800438328
30.7536481132256,46.4657444637661
30.6553920282503,46.526967397207
30.6891074278993,46.377438280734
30.7486468917434,46.3877692459338
30.6584171700087,46.491762591205
30.733960023258,46.4759476862753
30.7264581910348,46.367859378135
30.6944462188481,46.4293413953427
30.7319969269753,46.4618222234081
30.7332848843248,46.4470940309446
30.6869495800013,46.4462717998237
30.7249599019407,46.4805590174852
30.6896033953464,46.3351662453163
30.6449948886789,46.4476661742629
30.7391923499904,46.4591990002696
30.6627718161279,46.4327310746246
30.7642867448,46.4301132490645
30.7469071106463,46.3962200546317
30.7331005194623,46.4883063417886
30.7490545717916,46.3890034922116
30.7496829703371,46.4589741011665
30.7160013276347,46.4186955713986
30.7136980651972,46.3830823486253
30.7015403710231,46.3659234466556
30.7167673506551,46.4476895637696
30.7111922610798,46.5405009256349
30.7427186525723,46.42861991902
30.6489340646854,46.443126810766
30.7098445799015,46.4677325718375
30.8138367491209,46.577861164641
30.7610279011032,46.4325457577636
30.7164375712531,46.418578623865
30.6701619907583,46.4947006730878
30.6914522373481,46.393188414722
30.7126048594631,46.4676929895953
30.6928778191724,46.35456334316
30.7060871720694,46.4455827089718
30.7154560231118,46.4240895514873
30.7084891086587,46.4763902877102
30.7345209079102,46.4544977094185
30.7213037649486,46.4067867140915
30.680779848827,46.4859188129101
30.7566914318014,46.4374881404532
30.7232798446723,46.4926819787384
30.7336094703504,46.4362628901396
30.7479042389169,46.4606995270855
30.7226358659976,46.423240332474
30.6315180768969,46.4793337671715
30.7373019609774,46.3917706507761
30.6860874795173,46.344543638319
30.7915883245835,46.5702397838353
30.7480886037794,46.396196665125
30.6201861295718,46.4670794648421
30.7636116058668,46.558374107156
30.7332667075074,46.385662391136
30.6370386360199,46.4409281971342
30.7062377799853,46.4752549970378
30.767420947463,46.5551967326275
30.7325993586388,46.46219285713
30.7040435784524,46.4956056670786
30.7485092672686,46.4143775086192
30.6795723888119,46.525191593889
30.7016104816046,46.4424539126496
30.6599076690382,46.4857442912061
30.7545829209792,46.4046204859305
30.7593374570819,46.4352103623371
30.7231032698744,46.3888613559784
30.6978089300731,46.4568870374898
30.7592050259835,46.4818184524625
30.726346533442,46.4364895884355
30.7010236300704,46.4256440540878
30.7237134916025,46.3914575912246
30.7125035886231,46.4034078299666
30.6899669316951,46.4305648464636
30.7074582234415,46.4034887936438
30.7704564759742,46.5648350085898
30.7988356813627,46.5708245215034
30.6940385387999,46.4745515126433
30.6957341761976,46.3631382961629
30.6543273860864,46.3836886766073
30.6570616987659,46.3914575912246
30.7593686173404,46.4815611678886
30.773385540269,46.5656788300246
30.7184655847409,46.4882955466316
30.7309452682524,46.4390966188386
30.725788245478,46.3926360625248
30.7239835471758,46.3980462353489
30.7626586212957,46.5727406618618
30.643486212832,46.4466244416174
30.7334510723699,46.4715378646618
30.7063520342663,46.4456924597341
30.7386054984561,46.472624577128
30.7098289997723,46.4471570026935
30.757244526389,46.5553964430311
30.7304285272997,46.4794651082477
30.6404169273742,46.4541018869971
30.7250066423284,46.4150144228792
30.7081723126978,46.4760502402663
30.7101328122923,46.4797008025078
30.7238355359481,46.414769732655
30.6470878193719,46.3809862889845
30.7329083645351,46.4772485026876
30.7313789151826,46.4865215425064
30.6664746935077,46.4693212591017
30.7480418633918,46.4509532995537
30.6127855681886,46.4649420237663
30.6821223366288,46.3350043179621
30.6644285032024,46.542152584648
30.6555504262308,46.4477759250252
30.7132825950845,46.4693770340793
30.7167751407197,46.4181126329234
30.6710916051355,46.3320554409223
30.6935763282995,46.3947015358876
30.6846099639289,46.3801568610923
30.724417194106,46.4636016251118
30.7057184423444,46.5116454711114
30.7578936984402,46.4106189948083
30.7927698177166,46.5995324422153
30.7521342440023,46.548210466889
30.8092717712571,46.5801047580935
30.6137099891895,46.4929248697698
30.7288601276241,46.4884610723715
30.7080814286106,46.3887066253955
30.629921113651,46.4438806725596
30.7237861988722,46.4966438013385
30.7341184212385,46.4807803182026
30.6852799094857,46.4771369527325
30.7055522542993,46.4324953803645
30.6893281463967,46.4601273837672
30.6242447532357,46.493928819366
30.7058508734428,46.5130020625013
30.6410972596838,46.4505304892399
30.7129138653594,46.4818832234042
30.6406350491834,46.4374629517537
30.6423462667102,46.5351807124521
30.6860225623122,46.4845172416996
30.7224099541238,46.5532140221346
30.703480097112,46.3825713778631
30.7448557269647,46.4206243061068
30.7330537790746,46.4735187759619
30.6365037182498,46.4411692889727
30.7441883780961,46.4413564050265
30.7047654577733,46.3781831465635
30.769578795361,46.5702217919071
30.8019283370144,46.5993381293902
30.6375372001552,46.4443106796447
30.7067597143144,46.3955957347215
30.6921429564105,46.3389751365263
30.6232761885354,46.4449871761468
30.7535468423856,46.4655789380262
30.7617861340589,46.5570517004299
30.7108858518716,46.4775849517458
30.7084215947654,46.4182745602776
30.7105119287701,46.4850408068117
30.7056976688387,46.4458975677162
30.7574159078105,46.4491990865496
30.6618629752563,46.5206342384639
30.7029373892772,46.4240445716666
30.7062170064797,46.4601993514802
30.6968169951789,46.4277617040426
30.8066646962997,46.5896800623069
30.728135651615,46.4691467373977
30.6382097424002,46.4704637465454
30.7510280548271,46.4640154394615
30.6434368757562,46.4541810514814
30.698798268279,46.4520813934549
30.6473708583862,46.4462735990165
30.736865717359,46.4507931713923
30.8026735865291,46.5802253040128
30.7241159782742,46.475868521791
30.6956718556806,46.494369621608
30.7249858688228,46.4319592209028
30.7414878223633,46.4631878107621
30.7276215073505,46.4721387950653
30.744720699178,46.4760628346161
30.6149252392692,46.4909529544338
30.733033005569,46.4519068717509
30.809791108898,46.5852000721732
30.680639627664,46.4675490541693
30.7485845712265,46.5552183229414
30.6847865387268,46.4562807095079
30.8039615438786,46.5753314995294
30.7234044857062,46.4884160925509
30.7066428633452,46.5124227224117
30.7054276132655,46.4689614205368
30.723300618178,46.4161749022511
30.7128982852302,46.420293254627
30.6421748852887,46.4429864737257
30.7208467478246,46.4740441402667
30.7052744086614,46.3898275225253
30.7315632800451,46.4936463460925
30.7423966632349,46.4738732169484
30.7397610247072,46.4766871545263
30.6387368701058,46.4655051711204
30.7656266359136,46.4360469870006
30.6490249487725,46.3699248514978
30.7434587087106,46.4737634661861
30.7392520738191,46.4711294478906
30.723986143864,46.5519401936147
30.7001537395218,46.4440677886134
30.7597685073239,46.4337314258351
30.61490965914,46.5223542668043
30.674916526861,46.5050154455521
30.6134581104336,46.4695695477115
30.7706356474603,46.5872007745944
30.6296354779485,46.4831876382021
30.7181799490384,46.4783334159609
30.7290730560569,46.4231827583036
30.6822703478565,46.3479387151793
30.8085057482367,46.5787517650893
30.7280889112273,46.389224792929
30.7257207315847,46.4725598061863
30.724746973508,46.4154894097849
30.7137499989613,46.4162828538206
30.7156949184266,46.4198362596495
30.7388495871473,46.4781409023287
30.651276277446,46.4677001863666
30.7162947534019,46.4715468606259
30.6935763282995,46.4433355171337
30.7265101247989,46.4176070597396
30.7258791295652,46.3702541037848
30.8084512177844,46.5827927521737
30.7104885585763,46.3870153841402
30.8068983982381,46.5911895850869
30.69084201562,46.4611583212558
30.7027296542208,46.4786050940775
30.727551396769,46.4462196232318
30.7707187414829,46.563559380877
30.7112909352315,46.4084581642257
30.7429471611343,46.4721657829577
30.7023842946896,46.4281791167779
30.6867574250741,46.380005728895
30.6398274791517,46.4422847885241
30.7533832510287,46.435622377494
30.6578043515924,46.3663102731129
30.7030802071285,46.4246598956127
30.6750853115943,46.4613400397311
30.6397963188933,46.4508309544417
30.7312516774606,46.4214375412636
30.7504697668631,46.4407878600938
30.697440200348,46.4472667534558
30.7131917109973,46.3977241798332
30.7454218049933,46.4562987014361
30.758233864595,46.4292352429661
30.7013196525257,46.367593097597
30.7065623660109,46.4112307203687
30.7005172758705,46.3783648650388
30.7050874471107,46.4228607027879
30.7197898957253,46.4795226824181
30.7370864358564,46.4716098323748
30.7439676595987,46.4548323592839
30.711335078931,46.4810322051981
30.7081203789337,46.4482778998233
30.7371124027384,46.5570121181877
30.7130125395112,46.4720164499532
30.6343978041158,46.4373621969555
30.6936750024513,46.3382122787686
30.7475432992565,46.4526391432305
30.7408126834301,46.4858882266321
30.6870794144115,46.3441334223549
30.7654111107926,46.437007755969
30.774818912158,46.5695668857189
30.7351077594445,46.4467863689716
30.7287250998375,46.4696415154245
30.7592050259835,46.4383571505876
30.7593738107168,46.4354226670904
30.7119582841001,46.4882595627751
30.7108261280429,46.493106588245
30.681540678471,46.3886472520323
30.6938074335497,46.4468925213483
30.6591702095881,46.4466424335456
30.7135396672168,46.4719678717469
30.6883284214379,46.4648142810757
30.761165525578,46.4536161049344
30.7714795711268,46.5570427044657
30.7859950581907,46.5720803580951
30.6425020680025,46.4450825333666
30.6923974318546,46.4106567778576
30.6824884696657,46.4764874441227
30.681971728713,46.4567934794629
30.6484484839911,46.3732533582237
30.6938230136789,46.4060832296971
30.7271255399034,46.4751902260961
30.7421421877908,46.4813992405343
30.6476668808415,46.4463401691511
30.6796009523821,46.4867644335378
30.6466411890007,46.4373729921125
30.7499530259104,46.3834026049481
30.8069944757016,46.5787949457171
30.706310487255,46.4705321158728
30.7251390734269,46.5026225190952
30.6339719472503,46.5304812207938
30.7616900565953,46.5943129838306
30.7261803453969,46.4212648187524
30.7240328842517,46.392972511583
30.7457879380301,46.459780139552
30.7996432513943,46.5801245492146
30.7005406460643,46.3782928973258
30.7483015322122,46.4772610970374
30.7257389084021,46.3946439617172
30.6570798755833,46.3913514388479
30.6865678668352,46.4809782294133
30.7113143054254,46.407448817051
30.7545855176675,46.4246580964199
30.7230435460457,46.3895648403729
30.7177592855493,46.4650733648425
30.7069310957359,46.4979859991858
30.7108962386244,46.3883611803732
30.7477614210657,46.4766475722841
30.6822677511683,46.4948338133568
30.7054172265126,46.3886382560682
30.6335512837611,46.4006622617161
30.7440325768038,46.3975370637794
30.6425254381963,46.4523746618853
30.6349093516921,46.4441775393757
30.7379848899752,46.4695929372183
30.7104989453291,46.4613382405383
30.7413294243828,46.4465038956981
30.6246160796489,46.4387403786593
30.6884115154605,46.3467620430719
30.637217807506,46.4398558782106
30.6479239529738,46.3359560909664
30.6953057226438,46.4675238654698
30.7216049807804,46.4874535243897
30.7172581247258,46.4132332219827
30.7322825626778,46.4933980574827
30.7261673619559,46.3866861318533
30.6226451933016,46.5105011844748
30.7054068397598,46.5142075216938
30.7280369774632,46.3872528775931
30.6866405741049,46.483363959099
30.7399168259995,46.4583461828707
30.6249328756099,46.4346346206332
30.7472628569304,46.4662464385642
30.7563330888292,46.4632471841253
30.7473433542647,46.4366641101395
30.6918157736968,46.4762103684277
30.7257726653488,46.5038693597228
30.6768718330791,46.3876433024361
30.7400025167102,46.4725975892356
30.7318515124359,46.4709135447516
30.7142563531612,46.3861103901494
30.7232382976611,46.4169701454797
30.7274994630049,46.4623223990134
30.7215582403927,46.470416967532
30.7175437604283,46.4743571998182
30.7144485080884,46.4332006639518
30.6974479904126,46.3693527081796
30.6216013246434,46.4354622493326
30.7091538608391,46.4857065081568
30.7226202858684,46.4243054546262
30.6921819067336,46.4757533734502
30.7689088498042,46.4377814088837
30.7303038862659,46.4791898317455
30.6868249389674,46.4810070164985
30.6146240234375,46.4885960118334
30.7316827277026,46.4743428062756
30.6240915486316,46.5096015880625
30.7226384626858,46.5078635677937
30.7081047988044,46.481710500893
30.7092707118083,46.4858954234034
30.7018623603605,46.4248308189311
30.7126619866036,46.411412438844
30.7208363610718,46.4170295188429
30.7227657004078,46.5051881680633
30.616368997911,46.4662338442144
30.7063312607607,46.5124515094969
30.6769393469724,46.3889243277273
30.6608866204913,46.4490911349801
30.7129242521122,46.4159859870045
30.6403572035455,46.3499214256722
30.7025089357235,46.4246814859266
30.6630210981955,46.3599663192128
30.7116492782038,46.4090015204588
30.7211739305384,46.4111857405481
30.7165985659218,46.4669445253802
30.716346687166,46.4370887196461
30.7233603420067,46.389163620373
30.706424741536,46.4021987723884
30.7091201038925,46.4406457238607
30.7100367348287,46.4044801488902
30.7588285061938,46.4543051957863
30.6569941848726,46.4708703641238
30.6231359673723,46.5102996748785
30.7227994573545,46.4102015820729
30.7578599414935,46.4362269062831
30.7621782339778,46.5574799083221
30.7311971470083,46.4739559798183
30.708200876268,46.4662752256494
30.6979024108484,46.4359948104087
30.7226436560622,46.4709063479803
30.7201871890206,46.4131000817136
30.7050329166584,46.4298901491543
30.7445467210683,46.4457356403619
30.7348636707532,46.4734989848408
30.762079559826,46.4506150513027
30.7014183266775,46.5566720707438
30.703695622233,46.3816627854866
30.7506437449728,46.441422975161
30.7046200432338,46.4019019055723
30.7437261675957,46.4547370020642
30.7022077198917,46.4782488538982
30.6955939550345,46.4058295435088
30.6720991201589,46.5170376520072
30.612751811242,46.4743607982039
30.7506515350374,46.5442630378315
30.7692723861529,46.4375709033232
30.8091263567177,46.5808550215014
30.7055496576111,46.3898383176823
30.7048433584194,46.4508669382982
30.7971244638358,46.5764811837444
30.7405763848034,46.436915997135
30.6136242984787,46.4695479573976
30.6955290378294,46.4382545965966
30.7064844653647,46.4444384223353
30.750391866217,46.5484713498486
30.7210440961281,46.4701794740791
30.6904810759596,46.4298433701408
30.6795386318652,46.4877737807125
30.799715958664,46.5802037136989
30.718289009943,46.4683371006266
30.7255571402278,46.4235623879896
30.7602670714592,46.5534245276951
30.7042227499385,46.558877881147
30.7184967449994,46.403886415258
30.688279084362,46.5046178239379
30.6341744889302,46.4441937321111
30.7644659162861,46.4442764949811
30.6706631515818,46.3313789444202
30.7080840252988,46.4801973797274
30.7227111699555,46.4971601696792
30.6796035490703,46.4882037877976
30.6317933258466,46.4428371407213
30.7474472217929,46.4281431329214
30.7143809941951,46.4525977617956
30.7495635226797,46.4372524461932
30.7054457900829,46.3880984982207
30.7157520455671,46.3930570736458
30.6784687963249,46.3260461368876
30.7501321973965,46.3779780385815
30.7571614323665,46.4333086155213
30.7067597143144,46.3968371777706
30.7324331705937,46.4844290812512
30.6839114548018,46.3432878017273
30.7323500765711,46.470139891837
30.7037060089858,46.4440533950708
30.8054728164137,46.5799374331608
30.7589765174215,46.4387043948028
30.7359880367458,46.4812355139873
30.691844337267,46.4280495748946
30.802164635641,46.598918917462
30.7066584434745,46.4679862580258
30.7050692702932,46.386986597055
30.7319943302871,46.4310254398267
30.7944031345974,46.5660062831187
30.8038005492099,46.599309342305
30.6852643293565,46.4540730999119
30.7316230038738,46.4862300732688
30.6939242845189,46.4744453602666
30.6895332847649,46.3449520550902
30.7302909028249,46.3872780662927
30.7133189487194,46.416822611668
30.7321059878799,46.481012414077
30.7422538453836,46.4622288409865
30.636963332062,46.4382833836818
30.7392338970016,46.444882822963
30.7326694692203,46.4717537678008
30.7214050357886,46.4118784297856
30.6639039721851,46.3583308529351
30.717616467698,46.4592223897763
30.6437588650935,46.436813443144
30.6440730643663,46.4542026417953
30.7239575802938,46.4695641501331
30.7250507860279,46.5047077835791
30.7030516435582,46.4410991204525
30.6204561851451,46.4236937290658
30.7422408619426,46.4694166163214
30.807874753003,46.5910060674187
30.6432992512813,46.4553685187457
30.740355666306,46.4435856049364
30.7039163407304,46.4928978818774
30.7477198740544,46.4653126574882
30.7104937519527,46.4645677916587
30.6620940805065,46.4470688422451
30.7503529158939,46.3889081349919
30.7078659034896,46.4721333974868
30.7209220517825,46.4740765257376
30.7066662335391,46.4320941603646
30.6344860915148,46.4435532194655
30.7922011429998,46.5745524490363
30.7139681207705,46.401309971133
30.705713248968,46.4420167087932
30.7463773862526,46.4703234095051
30.6461867685649,46.4166912705918
30.7628897265459,46.4486575295094
30.7056327516336,46.3877188685347
30.6840620627177,46.3926918375024
30.6333824990278,46.4461818401825
30.6913769333902,46.3370877832532
30.7319268163938,46.4353309082564
30.7121841959739,46.4821279136284
30.7096887786093,46.4213475816223
30.6909043361369,46.3469599542826
30.7459307558814,46.4704025739894
30.7258427759303,46.5536350332556
30.7355232295572,46.4534775670869
30.7044382750595,46.3890034922116
30.6706397813879,46.4627847915694
30.6861757669163,46.4939773975722
30.6485913018424,46.490416794972
30.7423577129118,46.3850416696115
30.7306544391735,46.436772061709
30.6942904175558,46.5143640514696
30.7600567397146,46.5937264469698
30.7128229812723,46.4761006176654
30.7602333145125,46.4766349779344
30.735647870591,46.4498234064598
30.7410126284218,46.4283464417106
30.7185460820753,46.4039205999217
30.7052484417793,46.5142758910212
30.7382133985372,46.4384704997356
30.6838205707147,46.3787283019894
30.8005105452547,46.5674402398
30.6397625619466,46.4464571166847
30.7400388703451,46.478713045647
30.7228202308601,46.4130389091576
30.7241731054147,46.4664011691471
30.7227838772253,46.4115725670054
30.8012454080166,46.5772404431165
30.622650386678,46.4705950876217
30.7321994686553,46.4300142934592
30.6200822620436,46.459441891301
30.7682051473008,46.5626327965723
30.7283927237473,46.4284292045806
30.6329748189797,46.4797781677992
30.6128219218235,46.466422759461
30.7236407843328,46.469965370133
30.6065405330565,46.5158681766711
30.6818081373561,46.3785807681778
30.7046797670625,46.4115923581265
30.7975087736901,46.5677874840152
30.6953966067309,46.368803954368
30.7971608174707,46.574401316839
30.6338654830339,46.4446093456536
30.7068843553483,46.513097419721
30.7103717076071,46.4064772529257
30.7408568271295,46.4606671416146
30.6416633377124,46.454780182692
30.6499857234082,46.4490875365945
30.6705800575592,46.4814963969469
30.7310958761683,46.502737667436
30.7471200390791,46.4454081872678
30.6944046718368,46.4045197311323
30.6368568678456,46.4392045704081
30.6936879858923,46.5200800870739
30.6666097212943,46.519770625908
30.753754577442,46.4032530993837
30.6572486603166,46.472860271388
30.7287354865903,46.5588850779183
30.6923662715961,46.5499286960366
30.7309738318227,46.4730186003566
30.6711954726637,46.4696990895949
30.6868405190967,46.4654098139007
30.7309894119519,46.4816061477092
30.768449235992,46.5565803119098
30.7276189106623,46.3907900906866
30.6920442822588,46.4669013447524
30.6453921819742,46.4380980668208
30.6918832875901,46.3422064868396
30.8068049174627,46.5913389180913
30.7514539116927,46.5479783710146
30.7417397011191,46.4858954234034
30.6873260997909,46.4592061970409
30.7030957872577,46.4023139207292
30.6837192998747,46.4483840522
30.7043032472729,46.4608344665473
30.7077542458968,46.4803125280682
30.6858719543963,46.4818094564984
30.743819648371,46.4737958516569
30.7099354639887,46.3882838150817
30.6150602670559,46.4867662327306
30.7950185497019,46.5751803673321
30.7464007564464,46.4476391863705
30.7636505561898,46.4778530314767
30.7034904838648,46.4724338626886
30.7147445305437,46.3827153132891
30.6318764198691,46.4521173773114
30.7021765596333,46.443353509062
30.7223216667248,46.4715792460968
30.719748348714,46.4949723512043
30.7131397772332,46.4330099495124
30.6613254607979,46.4475024477159
30.6602270616873,46.5256341953239
30.765961608692,46.428650505298
30.7989551290201,46.5773555914573
30.6734026576377,46.5123003772996
30.6419567634795,46.411617546826
30.7359958268105,46.4779070072615
30.6164313184279,46.4790440971267
30.6376073107367,46.3678953619915
30.7466915855254,46.4690459825995
30.7208960849005,46.4111929373194
30.6585911481184,46.4960662604418
30.726764600243,46.4167290536412
30.746382579629,46.436135147449
30.6344834948266,46.4676012307613
30.6157691629357,46.4868310036723
30.7200443711694,46.4113026880817
30.6166572303017,46.4658776040351
30.6136035249731,46.435190571216
30.7056457350747,46.4029508349891
30.8037434220694,46.5989962827535
30.674041442936,46.3354793048678
30.6993617496194,46.4380027096011
30.7564291662927,46.4353974783909
30.6953550597197,46.4288951955222
30.7055548509875,46.427367680814
30.6371892439358,46.3957180798336
30.6908238388026,46.4603666764129
30.7189303919296,46.402634177052
30.681743220151,46.3365642181411
30.7581663507016,46.4374035783905
30.7153002218195,46.4897205073489
30.7263049864307,46.4128967729244
30.645592126966,46.4427399843087
30.8043250802273,46.5753225035653
30.6222998337704,46.4447101004518
30.7351233395737,46.4821027249288
30.7037397659324,46.4439994192861
30.6930829575406,46.429184865567
30.6132737455711,46.4869515495915
30.6862900211973,46.4825651174848
30.7417578779365,46.4331250978532
30.6103888249757,46.5098156920086
30.7110156862818,46.421514906555
30.6822807346093,46.3343458133882
30.7002628004264,46.4766061908492
30.6488561640392,46.5333725236632
30.7950678867777,46.57037652249
30.6456025137188,46.3884259513149
30.7441961681607,46.4714353106708
30.7349597482168,46.4709765165005
30.7102808235199,46.3589407793027
30.7307557100135,46.4697872500433
30.7218880197947,46.4989089851049
30.6959393145657,46.4329919575842
30.657926395938,46.5258051186422
30.7495713127443,46.4593249437674
30.6709695607899,46.4675904356043
30.6803410085205,46.4873527695915
30.709660215039,46.41711048252
30.718174755662,46.403506785572
30.6442392524114,46.4526823238583
30.6693777909205,46.5296104114666
30.7042149598739,46.3872492792075
30.8110375192363,46.5826812022186
30.7246041556567,46.4144566731035
30.6941683732102,46.5078725637579
30.7122543065555,46.4143343279914
30.619059166891,46.5029679641176
30.6503934034564,46.4713867324645
30.7556086128201,46.4289923519347
30.7704434925332,46.5871773850876
30.6636494967411,46.4842005837625
30.7443104224417,46.4729970100427
30.6346341027424,46.4718653177559
30.6935815216759,46.3734638637842
30.7006912539802,46.5571758447348
30.717400942577,46.4707192319266
30.6963703648077,46.4961292321906
30.7396156101677,46.4585440940814
30.808191548964,46.5827801578239
30.6155432510619,46.4909763439405
30.7019428576948,46.3664290198393
30.6494845625848,46.3631976695261
30.7938422499452,46.5655294970201
30.7185253085697,46.4627650004483
30.722526805093,46.4796810113867
30.7251338800505,46.4981119426835
30.7511449057963,46.4497298484329
30.7500335232447,46.4381556409912
30.7060118681115,46.4718455266349
30.6861316232168,46.4548611463691
30.75601369618,46.4631752164123
30.6575602629012,46.4745083320155
30.6279684041211,46.424677887541
30.7095277839406,46.3682552005565
30.7107274538911,46.4468817261913
30.7327473698665,46.4477903185678
30.7050822537342,46.5130992189138
30.724100398145,46.4226358036848
30.7251806204381,46.4815251840321
30.666098173718,46.4940277749713
30.7087981145551,46.4614569872647
30.7088110979961,46.38917441553
30.711309112049,46.4637149742598
30.7333108512069,46.3722530070131
30.7075802677871,46.446217824039
30.6699594490783,46.5372587801647
30.7076659584979,46.4794543130908
30.7285952654272,46.4902692611604
30.7115402172992,46.407099773643
30.7222905064664,46.4167758326546
30.6155510411266,46.4915790735368
30.6161638595429,46.4889306616988
30.738553564692,46.3822709126614
30.7067856811965,46.5127303843847
30.7453361142825,46.4422128208111
30.709444689918,46.4495247404509
30.7392442837545,46.4661726716584
30.6929946701417,46.4092264195619
30.641759415176,46.4445607674474
30.7094265131006,46.400313218308
30.722768297096,46.5378111323619
30.7174476829647,46.3883269957095
30.7454529652517,46.4324863844004
30.7220723846572,46.4914801179315
30.7495453458622,46.4458651822453
30.7278733861063,46.3908278737359
30.7046615902451,46.3834493839616
30.7177696723021,46.471043086635
30.7464059498228,46.4707372238548
30.7941226922713,46.5658677452712
30.7626949749305,46.4341524369561
30.6145980565555,46.489133970488
30.6866977012454,46.4658614112997
30.7295638301276,46.4687185295054
30.7693528834872,46.4376518670003
30.7361178711561,46.4366353230543
30.7217997323957,46.4235605887968
30.7174450862765,46.4659567685194
30.621977844433,46.4412052728292
30.6919508014834,46.343311191234
30.7438352285003,46.414872286646
30.7045343525231,46.5143856417835
30.6864536125542,46.465375629237
30.7099484474297,46.4872502156005
30.6526862791411,46.3507796406496
30.732272175925,46.4733586478005
30.7065182223114,46.5564183845555
30.7338483656652,46.4784917449295
30.7085851861223,46.4190446148066
30.6539326894793,46.3498116749099
30.7171646439504,46.405036099473
30.7021142391163,46.4800030669023
30.7309660417581,46.4886607827751
30.7421655579847,46.4459875273574
30.6964093151308,46.4752801857373
30.6717433738749,46.5372569809718
30.7265179148635,46.3683541561618
30.8071580670585,46.5765927336996
30.6961989833862,46.3700795820808
30.725572720357,46.5221059781945
30.7250066423284,46.4231539712184
30.7148821550185,46.4845046473499
30.739226106937,46.4527021149794
30.7325915685742,46.4623134030493
30.7040981089047,46.3713120291657
30.7194315527531,46.4823564111171
30.754198611125,46.4642799208067
30.7065909295811,46.4647261206273
30.6439977604084,46.4427183939948
30.6772301760513,46.4923707183797
30.7248975814238,46.4689218382946
30.7278552092889,46.3881452772342
30.7258245991129,46.3698672773275
30.7259492401467,46.4135120968705
30.7414280985346,46.4781157136292
30.6408142206695,46.4694777888775
30.6332994050052,46.4467557826936
30.6410037789084,46.445508942066
30.6543689330977,46.4117093056601
30.7440923006325,46.4552407760551
30.7423421327826,46.4868256060938
30.7311530033088,46.4754906912978
30.7009067791012,46.4730995640337
30.7064377249771,46.4061336070961
30.7030256766762,46.3826379479976
30.6360363143729,46.4384992868208
30.748818273165,46.4652676776675
30.7461255074967,46.4721172047514
30.6856616226518,46.4821998813414
30.6402429492645,46.4415345251161
30.6970273269235,46.364081073203
30.7219373568705,46.4125171432384
30.7745852102196,46.5760889597086
30.7420746738975,46.4605681860093
30.7685271366381,46.5737500090365
30.7133553023542,46.4839648895024
30.7129735891881,46.3896170169648
30.7210726596984,46.4104408747186
30.7452893738948,46.4675616485191
30.753006731239,46.4639164838561
30.6464724042674,46.4362718861037
30.6545818615305,46.4500123217064
30.7066532500981,46.4628693536321
30.6451013528953,46.4370437398255
30.6150602670559,46.4843930973947
30.7110286697229,46.4422002264613
30.8032318744931,46.5722332894852
30.6743374653913,46.4940637588278
30.7005198725587,46.4591666147988
30.6604919238842,46.496516058648
30.7061105422633,46.4654907775778
30.7103691109189,46.440816647179
30.7265828320686,46.4217218137299
30.72083895776,46.4275260097825
30.754554357409,46.5632931003389
30.7787425080352,46.570664393342
30.6383993006392,46.5332051987305
30.641328364934,46.4713741381148
30.7064299349125,46.3684117303322
30.7102626467025,46.4737418758722
30.8108661378148,46.5793185108291
30.6333669188986,46.446248410317
30.6731715523875,46.5134788485998
30.710675520127,46.3869794002837
30.7258947096944,46.4934232461822
30.6395807937723,46.4411962768651
30.700003131606,46.4945315489623
30.7704045422101,46.5793239084076
30.7449673845575,46.4514390816164
30.7107378406439,46.4529162189256
30.7149418788473,46.4188754906811
30.7085696059931,46.3886580471893
30.6832259291158,46.3927224237804
30.6400663744665,46.4384920900495
30.6387420634822,46.4111209696064
30.8110634861183,46.5781454371073
30.6817639936566,46.4771963260957
30.7980333047074,46.5722710725345
30.7149652490411,46.4455251348014
30.7085358490464,46.3995737500571
30.6208950254517,46.4197642919365
30.7451725229256,46.4645480005376
30.7244639344937,46.3868156737367
30.7517421440834,46.4631356341702
30.7302078088023,46.476289532912
30.6141825864427,46.4904293893218
30.7005640162582,46.4607193182065
30.6153484994466,46.5188710294956
30.7594517113629,46.4439508410798
30.7326175354562,46.4563958578486
30.6711617157171,46.3316812088148
30.7063026971904,46.5118883621427
30.7192030441911,46.4678207322859
30.6984399253068,46.4945189546125
30.7209454219764,46.4276267645807
30.7027504277265,46.4475024477159
30.6853110697441,46.447819105653
30.7254039356237,46.427121191397
30.809347075215,46.5761087508297
30.7009846797473,46.4245321529221
30.7168738148715,46.4728440786526
30.6821638836401,46.3925982794755
30.6393055448226,46.4518385024235
30.6932153886391,46.4528442512126
30.7059443542182,46.4232727179448
30.7276500709207,46.3914899766954
30.727881176171,46.414656383507
30.8121696752935,46.5955778163864
30.7499088822109,46.3839729490736
30.635706534971,46.443733138748
30.6215026504916,46.453722257311
30.6911198612579,46.4950461181101
30.7499504292222,46.3838416079974
30.7299013995942,46.3680177071036
30.7160740349045,46.3910797607314
30.7330953260859,46.5314221986411
30.7104444148768,46.4276663468229
30.7085462357992,46.475591446096
30.7578625381817,46.4490245648456
30.6290382396614,46.4806147924627
30.7255181899047,46.4214087541784
30.6454337289855,46.442223615968
30.6857499100507,46.4812786946151
30.712223146297,46.3826937229752
30.7219347601823,46.4888245093221
30.6651348023941,46.3523845206493
30.6381110682484,46.4444852013487
30.7308907378001,46.4727613157827
30.7278214523423,46.3881830602835
30.7230123857873,46.3937767507757
30.7453646778528,46.4448684294204
30.7085747993695,46.4651147462774
30.7128619315953,46.4739433854685
30.6897540032623,46.4659945515687
30.7141966293325,46.4194800194702
30.7052068947681,46.3884133569651
30.6365946023369,46.4968633028631
30.7344352171995,46.4545300948894
30.7171958042089,46.419431441264
30.7236849280323,46.4979356217867
30.6449429549148,46.4404190255648
30.6430188089552,46.4503505699575
30.7036099315222,46.3879203781311
30.7023531344312,46.4796306339876
30.7160844216573,46.3826109601052
30.7479639627456,46.4252716211731
30.7381588680849,46.4650715656496
30.6726937617578,46.4466100480748
30.6506478789004,46.3541297376893
30.7160454713342,46.3967130334657
30.7286030554918,46.3908152793861
30.6402325625116,46.5343422885957
30.7073959029246,46.4529683955175
30.7253260349776,46.4374629517537
30.7410463853685,46.4589938922876
30.6655320956894,46.5335920251878
30.6990371635939,46.4422595998245
30.8036395545413,46.5749410746864
30.6660254664483,46.3334372210117
30.6604192166145,46.4965232554193
30.6116923624545,46.5024084151491
30.7174372962119,46.4743949828675
30.7496829703371,46.4581536692384
30.6975051175531,46.4913991542544
30.6958068834673,46.3759215611828
30.7072556817615,46.3723573601969
30.6856927829102,46.4808540851084
30.7532689967477,46.464965413273
30.7397636213954,46.4676192226895
30.7119167370888,46.3867149189385
30.698543792835,46.3872816646783
30.6921195862167,46.481535979189
30.806072651389,46.5728450150456
30.7605111601504,46.4327688576739
30.7557072869719,46.4379073523814
30.7248170840895,46.388177662705
30.7124672349882,46.3938181322107
30.6822521710391,46.3343080303389
30.7678468043285,46.4348865076286
30.7290185256046,46.4541108829612
30.6707046985931,46.4694022227788
30.63508592649,46.3709575881793
30.7507579992538,46.4156441403678
30.641354331816,46.4533462260107
30.6942462738563,46.4300538757013
30.7466967789018,46.3806894221684
30.6446547225241,46.4515758202711
30.7478393217118,46.3935914339147
30.6386278092012,46.4536179041272
30.7099484474297,46.4065600157956
30.6903148879145,46.3743922472817
30.7463514193705,46.4624267521972
30.7402699755953,46.4787274391896
30.7016676087451,46.3682749916775
30.7126412130979,46.4112343187543
30.6761785173284,46.3283580996674
30.7247365867551,46.4980939507553
30.7170893399925,46.4843337240315
30.8035330903249,46.5996457913632
30.723098076498,46.4979032363159
30.7198963599417,46.3944550464706
30.7482625818892,46.4449799793755
30.798916178697,46.5735862824894
30.7276370874797,46.4671784204474
30.7309193013704,46.4390318478969
30.7572055760659,46.4491649018859
30.6429590851265,46.455037467266
30.7457022473194,46.4384219215293
30.7505009271216,46.41028254575
30.7200885148688,46.4115599726556
30.7395532896508,46.4712409978457
30.7285485250396,46.4524052481633
30.8050028158487,46.5783523442822
30.7259388533939,46.4963325409798
30.6131101542142,46.4867248512956
30.7275825570274,46.4148758850317
30.71380972279,46.4927827335366
30.690701794457,46.4614623848432
30.7269905121168,46.3812255816302
30.7012573320088,46.4591432252921
30.6373268684106,46.4381970224262
30.755873475017,46.5638112678725
30.7552710433535,46.4254911226977
30.7487923062829,46.4317091331001
30.7745436632083,46.5795793937887
30.7625963007788,46.4536340968626
30.8024035309558,46.5989099214979
30.8094275725494,46.5691062923557
30.6931167144873,46.3452741106058
30.6452597508758,46.4364697973144
30.6590403751778,46.4455737130077
30.642229415741,46.4529450060108
30.7354868759223,46.4537924258312
30.7335835034683,46.4328336286156
30.6445872086308,46.4466766182093
30.6914600274127,46.4463077836802
30.7463644028116,46.4110346083508
30.7537441906891,46.4651867139904
30.772572776861,46.558179794331
30.7286420058149,46.3904932238705
30.7065779461401,46.4672251994609
30.7261933288379,46.4383643473589
30.7425420777743,46.4561619627814
30.7562707683123,46.4355773976733
30.6323853707572,46.4035535645854
30.7040331916996,46.3813245372355
30.7592855233178,46.4818778258257
30.6606659019939,46.498056167706
30.7268425008891,46.4960104854642
30.6955030709473,46.4684216626893
30.6401157115424,46.4394420638609
30.8060259110013,46.5759792089463
30.7247521668844,46.4244260005455
30.7234122757708,46.4863290288742
30.7526717584606,46.4321409393781
30.7429653379517,46.4602767167717
30.7422304751898,46.4186667843134
30.7534767318041,46.4532958486116
30.7098601600308,46.476258946634
30.6261766892599,46.4333751856558
30.7262686327959,46.4207952294251
30.7120128145524,46.4810861809828
30.6833947138491,46.4900551572143
30.6449845019261,46.3929653148117
30.7160091176994,46.3969343341832
30.8090562461361,46.5776614542375
30.809765142016,46.5728180271532
30.7392988142068,46.4810699882474
30.6159405443573,46.4804690578439
30.7348169303655,46.4829339520139
30.8021931992113,46.5743257507404
30.7278214523423,46.4480170168637
30.7272268107434,46.5538023581883
30.7619575154804,46.4340750716647
30.7476809237313,46.461433597758
30.646176381812,46.437049137404
30.6889308531014,46.4459803305861
30.8155869169708,46.5824599015011
30.7440325768038,46.4546956206292
30.6809849871952,46.3909754075475
30.7084215947654,46.4763794925533
30.6728391762973,46.473322663944
30.8122969130155,46.5829762698418
30.7219607270644,46.5101341491386
30.7049835795825,46.4031379510429
30.6987047875037,46.3447919269288
30.7184084576004,46.45902088018
30.8067400002576,46.5902054266117
30.7601735906838,46.4527542915713
30.7024699854004,46.4893300825059
30.7302986928895,46.4688822560525
30.6980685988935,46.3873032549922
30.7245002881285,46.4177545935513
30.7105638625342,46.4124559706824
30.7248015039603,46.4143199344488
30.6549739614494,46.5368521625863
30.6447715734933,46.4387259851167
30.6616864004583,46.4475024477159
30.7137499989613,46.3939908547218
30.6587261759051,46.5381511798057
30.7118258530017,46.4889432560486
30.7468344033766,46.4153490727446
30.7406049483737,46.4795082888755
30.6701022669296,46.4656149218827
30.6446443357713,46.441392388883
30.7337211279432,46.391185913108
30.6896007986582,46.3781327691644
30.7342300788313,46.4733928324642
30.7364476505581,46.4665073215238
30.6444573742206,46.4433463122907
30.6876195255581,46.3590289397511
30.6314921100148,46.4114070412655
30.6533094843102,46.4736357234955
30.7299741068639,46.4204084029678
30.7202079625263,46.4118820281713
30.7174918266642,46.3835933193876
30.708873418513,46.3970188962459
30.7016442385513,46.3566504068368
30.646848924057,46.3818211144552
30.8070957465416,46.5775553018608
30.7514435249398,46.4461314627834
30.6876143321816,46.381340729971
30.758488340039,46.5754718365697
30.68267023784,46.3443511246867
30.641468586097,46.4367702625162
30.7702097905948,46.5562402644659
30.7417812481304,46.4664479481606
30.6949292028541,46.3393799549119
30.6919611882362,46.3445526342831
30.7568186695234,46.4386324270898
30.7349831184106,46.4827216472605
30.6864925628772,46.4790081132702
30.7331031161505,46.4889756415194
30.6372437743881,46.3955507549009
30.6391419534657,46.4602911103143
30.6438367657397,46.4372812332784
30.7615342553031,46.4334705428756
30.7056561218275,46.4668815536313
30.8085421018716,46.5792807277798
30.6957082093155,46.4041203103252
30.6439536167089,46.4415597138157
30.6424838911851,46.5233366260867
30.6478096986928,46.4688498705816
30.7494934120982,46.4470706414379
30.7112831451669,46.4631356341702
30.6715356388185,46.4809872253775
30.7379667131578,46.5493583519112
30.8048054675451,46.5782461919055
30.7341859351318,46.3940070474573
30.7940993220774,46.5775211171971
30.7454062248641,46.442131857134
30.7722715610292,46.567049814957
30.639653501042,46.4413887904973
30.7057184423444,46.469287074438
30.7090499933109,46.4472667534558
30.6437354948997,46.4395877984797
30.730584328592,46.4208707955238
30.6867833919562,46.4905319433128
30.72746310937,46.5534677083229
30.7004497619772,46.348106040112
30.6446157722011,46.4513761098676
30.6161171191552,46.4881875950622
30.7991368971944,46.5712419342387
30.7020623053523,46.3829150236926
30.6175686678616,46.4728494762311
30.6245459690674,46.4808019085165
30.764655474525,46.435888658032
30.7487741294655,46.4693644397295
30.706196232974,46.5119603298557
30.69363345544,46.3509037849545
30.7087383907264,46.485397046991
30.7045317558349,46.4498000169531
30.6160677820793,46.4884196909366
30.6944358320952,46.4054463154371
30.7714276373627,46.5571056762146
30.6428214606517,46.4450789349809
30.7427809730892,46.4460864829628
30.7262764228605,46.4191867510398
30.8010948001007,46.5681923024008
30.7261673619559,46.5049056947898
30.7056535251393,46.4457104516624
30.7392053334314,46.4592313857405
30.732170905085,46.4390732293319
30.6430136155788,46.4370437398255
30.727234600808,46.4235713839537
30.7334588624345,46.4731661341682
30.6474513557205,46.3843759682663
30.70315031771,46.3825677794774
30.715141823839,46.4984411949705
30.6449117946564,46.4403164715738
30.6611047423005,46.4474430743526
30.7789891934146,46.5611250729851
30.6221777894248,46.4500285144418
30.764959287045,46.4770110092348
30.7049186623774,46.3898023338258
30.7674053673337,46.4472793478056
30.719709398391,46.5073939784665
30.7365748882801,46.4827396391888
30.6822807346093,46.3354127347333
30.7302831127603,46.4272705244014
30.6341511187364,46.4744867417016
30.7513422540999,46.4677541621514
30.7274812861874,46.5292937535295
30.7935721943719,46.5668770924459
30.7264919479815,46.3877314628845
30.6241824327188,46.5093946808876
30.7395169360159,46.4797241920145
30.7086656834566,46.4474790582091
30.7251494601797,46.4436053960574
30.7302623392546,46.5283239885969
30.6273815525869,46.4944775731775
30.6154134166517,46.4842023829553
30.676516086795,46.4424467158783
30.8072333710165,46.5831238036535
30.62721796123,46.4281755183923
30.7007821380674,46.4069720309525
30.7229682420878,46.4864765626858
30.6941865500276,46.4289329785715
30.7479535759928,46.4652208986541
30.7464864471572,46.450478312648
30.7645308334912,46.5782461919055
30.7213453119599,46.4156297468252
30.7138304962957,46.4484668150699
30.6784038791198,46.3238187361705
30.7788697457572,46.5747845449107
30.7235213366754,46.4863218321029
30.7151651940329,46.418188199022
30.7002212534152,46.4724950352446
30.7552087228366,46.408650677858
30.6452675409404,46.4421228611698
30.7694126073159,46.4377832080765
30.7061027521987,46.4248128270028
30.7316411806913,46.4777180920149
30.7123425939544,46.3872726687142
30.6614578918963,46.4473926969535
30.7279512867525,46.4729538294149
30.717172434015,46.3880013418082
30.7114804934705,46.3895198605523
30.7086630867684,46.4356871484357
30.7499556225986,46.4621964555157
30.705053690164,46.476300328069
30.6448364906985,46.4372596429645
30.7284057071883,46.474954531836
30.7414384852874,46.4621406805381
30.7575119852741,46.4329865600057
30.7395870465975,46.4824481699512
30.646506161214,46.4433517098691
30.7299896869931,46.3951351413584
30.7472992105652,46.4497622339038
30.7213686821537,46.4537492452034
30.7757251563414,46.5754664389913
30.7509086071697,46.4079363983066
30.6418554926395,46.4370869204533
30.6408817345628,46.444400639286
30.709431706477,46.3993776380392
30.7378161052419,46.5519419928075
30.6592844638691,46.5193370204372
30.693506217718,46.4292172510378
30.6168701587345,46.5023598369428
30.7137603857141,46.3934870807309
30.7063728077719,46.3957072846767
30.6727482922101,46.4693158615232
30.6572772238869,46.3498746466587
30.6369139949861,46.4442045272681
30.7311036662329,46.4391505946233
30.7670496210497,46.5565587215959
30.6370568128374,46.4390282495112
30.7182344794907,46.4033106735541
30.7304934445048,46.5584244845551
30.7339626199462,46.4627667996411
30.7260375275457,46.4175045057486
30.7169543122058,46.48608433865
30.6248342014581,46.4425690609904
30.7081801027624,46.431669550858
30.737766768166,46.4380081071796
30.6964093151308,46.4725328182939
30.7066039130222,46.4609262253814
30.6755656989121,46.3261522892643
30.7531833060369,46.4023373102359
30.679650289458,46.4926100110254
30.6879259347662,46.3340111635228
30.7060534151228,46.42274735364
30.7603709389874,46.4767681182034
30.7109845260234,46.4817051033145
30.7346143886856,46.4828331972157
30.7231526069503,46.4840710418791
30.7019220841892,46.4800300547947
30.7239627736702,46.4104192844047
30.7107170671383,46.4820163636732
30.8092484010633,46.5764056176458
30.7049134690009,46.4227311609046
30.752118663873,46.466217651479
30.7992173945288,46.5699896960327
30.7508852369758,46.4143757094264
30.6205392791677,46.4976333573921
30.6451377065302,46.5235093485978
30.7239653703584,46.4225962214427
30.7144640882176,46.4192389276317
30.6857109597277,46.333300482357
30.617015573274,46.4702352490567
30.6946020201403,46.4888011198154
30.6129154025988,46.5162010273437
30.7493661743761,46.389933674902
30.7124594449236,46.477347458293
30.7308881411119,46.5584118902054
30.7270294624398,46.4240679611734
30.6140112050212,46.4679070935415
30.7079412074476,46.4315454065531
30.7392313003134,46.4716818000878
30.6668693901148,46.5316542945155
30.7691373583662,46.4370869204533
30.7200261943519,46.4113854509516
30.7690984080432,46.5883018806031
30.696855945502,46.4065672125669
30.6439406332679,46.4426590206316
30.7237005081615,46.425406560635
30.6817094632043,46.3354073371548
30.7363853300411,46.4828727794578
30.6976764989746,46.4892725083355
30.746167054508,46.3903115053952
30.636849077781,46.4400286007218
30.7064039680304,46.4703971764109
30.7642867448,46.4734270171278
30.7953691026095,46.5651804536121
30.7125347488816,46.4083232247639
30.7085670093049,46.3770928357117
30.7501399874611,46.4381952232334
30.6859888053655,46.4812804938079
30.7191718839326,46.4572882574897
30.6936568256338,46.4469986737249
30.79677131424,46.5999444573721
30.7379303595229,46.4423873425151
30.6350573629198,46.4437133476269
30.7532196596718,46.5747053804264
30.6804552628015,46.3822763102398
30.7230747063042,46.5016635493196
30.7152223211734,46.5315229534393
30.7496647935197,46.4452390631423
30.689686489369,46.4600104362336
30.6216740319131,46.4410667349817
30.728135651615,46.4622198450224
30.6497104744586,46.4909781431334
30.6458491990983,46.4765396207147
30.8137328815927,46.5909916738761
30.7135734241634,46.4335209202746
30.7282447125196,46.4290931067329
30.642761736823,46.4391380002735
30.7624275160455,46.5551751423136
30.7148406080073,46.4936553420566
30.7141758558269,46.4744849425088
30.7125814892692,46.4796360315661
30.7144095577653,46.4914693227745
30.7175930975042,46.4617052758745
30.7112026478326,46.4875596767663
30.7277773086428,46.4233410872722
30.6202328699595,46.4681247958733
30.7431730730081,46.4737634661861
30.8025177852369,46.5990232706459
30.7184448112353,46.475837935513
30.7052640219086,46.3860312256651
30.7445103674335,46.4874733155107
30.6388121740637,46.413578667005
30.7053055689198,46.5546713683227
30.7207324935436,46.4893642671695
30.7377511880368,46.4334903339966
30.727551396769,46.4222939570481
30.7443753396468,46.3987659124788
30.632040011226,46.4786230860057
30.7293950453943,46.4734306155135
30.6266285130075,46.4313546921136
30.741332021071,46.393434904139
30.6146915373308,46.469184520447
30.67315337557,46.5135508163128
30.7057651827321,46.468815685918
30.7459593194516,46.4325979343555
30.7400908041092,46.47044755381
30.7116129245689,46.392869957592
30.694280030803,46.478004163674
30.6434758260792,46.4469303043976
30.6415594701842,46.5365067175639
30.7067960679493,46.5125234772099
30.7464604802751,46.4705752965006
30.7456555069317,46.4455143396445
30.7276812311792,46.4627721972196
30.7616407195195,46.4139906821619
30.7440585436859,46.471597238025
30.73170090452,46.5574259325374
30.7115168471053,46.4411692889727
30.8019127568852,46.5995792212287
30.72497548207,46.5027466634001
30.7038176665786,46.3849733002841
30.7944472782968,46.5744247063457
30.7471745695314,46.4350736236824
30.7001641262747,46.395180121179
30.7419474361755,46.4565415924675
30.63249702835,46.4430170600037
30.7652527128121,46.4506564327377
30.7549516507043,46.4407014988383
30.7191225468567,46.4117452895166
30.7460943472383,46.4736177315673
30.6468307472396,46.4153328800091
30.7443545661412,46.3748798285372
30.7045577227169,46.514164341066
30.6914859942948,46.3421147280055
30.7335835034683,46.3723753521252
30.6980400353233,46.4271769663745
30.7487066155722,46.4644562417036
30.7145549723048,46.4864657675289
30.6925506364587,46.518610146536
30.7220100641403,46.4163458255695
30.7288809011297,46.4309894559702
30.7981397689238,46.5669094779167
30.7147393371673,46.4428461366854
30.6267219937829,46.5077556162243
30.7500309265565,46.3820730014506
30.7358296387654,46.4845496271705
30.7576651898781,46.4323154610821
30.7709264765392,46.5637896775586
30.7147523206083,46.4725706013432
30.7449128541052,46.4759692765892
30.7544219263106,46.4638858975781
30.7566005477142,46.4363654441306
30.7071336374159,46.5129282955954
30.6243616042049,46.4699635709402
30.7104184479948,46.4721981684285
30.6436446108125,46.4749257447508
30.7800174819437,46.5743725297538
30.7027608144793,46.4867356464526
30.7955508707838,46.5680159815039
30.7124023177831,46.381094240554
30.7149185086534,46.418691973013
30.7528898802698,46.5749824561214
30.6191111006551,46.460519607803
30.7106080062337,46.4094801057502
30.7305116213223,46.4793211728217
30.6551765031293,46.3505709342819
30.6904447223247,46.3485540391253
30.7266451525856,46.4716853984735
30.797025789684,46.5710494206065
30.672151053923,46.4628207754259
30.6691414922939,46.494770841608
30.768436252551,46.5556033502059
30.7143238670545,46.4315813904096
30.8104195074436,46.5955274389873
30.7489169473167,46.4787400335393
30.6368932214805,46.4412016744435
30.6097032992897,46.4843787038521
30.7132929818373,46.4703935780253
30.7462865021654,46.3788650406441
30.7054821437178,46.4040321498768
30.7399350028169,46.4586412504939
30.7987967310396,46.5750058456281
30.7442688754304,46.4411872809009
30.7098030328903,46.4696451138102
30.7001251759516,46.3789567994781
30.7230045957227,46.5031047027722
30.7055055139116,46.4325187698713
30.7021583828158,46.4489220108546
30.743362631247,46.3740953804656
30.8113205582506,46.5820586815012
30.706500045494,46.3960509305062
30.6439432299561,46.4426356311249
30.7037839096319,46.4006352738237
30.7351259362619,46.4815917541666
30.6420840012015,46.443250955071
30.6911224579461,46.481967785467
30.7300572008864,46.4337836024271
30.7487585493362,46.448517192469
30.7095485574462,46.4212162405461
30.7471771662196,46.3913424428838
30.7845279293551,46.5782012120849
30.7185460820753,46.3839261700601
30.7073024221492,46.478106717665
30.7058742436367,46.4866618795468
30.7081723126978,46.4321337426068
30.7346844992671,46.4628495625111
30.6839218415547,46.3786653302405
30.7451673295492,46.4564444360549
30.6534159485266,46.5185057933522
30.697681692351,46.4477489371329
30.6738181277504,46.4901954942546
30.7010703704581,46.5033044131758
30.7110754101105,46.407941795885
30.7326409056501,46.4848446947938
30.7113272888664,46.4219683031469
30.7128904951656,46.4902692611604
30.6720757499651,46.5422497410606
30.7456710870609,46.4641359853808
30.7238043756897,46.4155757710405
30.6273997294043,46.4809566390994
30.7382315753546,46.3730086679995
30.7286238289975,46.4691791228686
30.6952304186859,46.4392279599148
30.7114181729536,46.3936220201928
30.7211895106676,46.382479619029
30.6330059792381,46.4478209048458
30.72477294039,46.4314032703199
30.615441980222,46.4663759804476
30.7171153068745,46.4782722434049
30.7042980538964,46.3686024447717
30.8107337067163,46.5955850131577
30.7308336106596,46.4377634169554
30.7125918760221,46.4880112741653
30.639741788441,46.4443394667299
30.7080476716639,46.4800516451086
30.7237524419256,46.3981074079049
30.6501493147651,46.3621649328447
30.796898551962,46.5729043884088
30.7096134746513,46.3896763903281
30.7146796133386,46.3935032734663
30.8099105565555,46.5726345094851
30.7016234650457,46.3511664671069
30.7125736992046,46.3895666395658
30.6482615224404,46.3573916742806
30.7217919423311,46.4988604068986
30.6958276569729,46.4693518453797
30.7286420058149,46.490519348963
30.7225735454807,46.4756382251095
30.7323682533886,46.429985506374
30.747969156122,46.4689596213439
30.7263958705179,46.3877134709562
30.7128359647133,46.4838551387401
30.702732250909,46.4283662328317
30.7241263650271,46.4995333050151
30.6401806287475,46.4448738269989
30.7579144719458,46.4441253627838
30.638967975356,46.4445715626043
30.7191718839326,46.402850080191
30.6923247245849,46.4088072076337
30.7588155227528,46.4522936982082
30.6910237837943,46.4608848439464
30.7031736879038,46.4380818740854
30.7494129147638,46.4288070350738
30.7644840931035,46.4302877707686
30.623309945482,46.4138845297852
30.7602722648356,46.4815611678886
30.7278292424069,46.4509353076255
30.7517655142772,46.470724629505
30.6801021132056,46.4667016343489
30.6460050003905,46.4440336039497
30.7228747613124,46.4878907282461
30.6346496828717,46.4450771357881
30.6861030596466,46.4825345312068
30.8007961809572,46.5674744244637
30.7492103730839,46.4311675760599
30.7151210503334,46.4634199066365
30.7266165890153,46.5238314041135
30.7116752450858,46.4227275625189
30.7166660798151,46.4477849209893
30.722425534253,46.3987335270079
30.6505595915015,46.370036401453
30.6866483641695,46.3774274855771
30.6634339716201,46.4976729396343
30.7223554236715,46.4123840029694
30.7586960750954,46.4371247035026
30.7362035618668,46.3933575388475
30.6192097748069,46.4604818247537
30.7535286655682,46.4687994931825
30.7564421497338,46.4400933716635
30.7188239277132,46.4682003619719
30.6765991808176,46.3610062526655
30.7212518311845,46.4817482839423
30.7438715821351,46.4881408160487
30.7132644182671,46.4926495932676
30.750075070256,46.3781003836936
30.8099105565555,46.5825102789002
30.7181565788446,46.4682345466356
30.7117998861196,46.4841016281571
30.6874351606955,46.3511934549993
30.6918287571378,46.4745695045715
30.6434991962731,46.44655607229
30.7613550838169,46.5862418048188
30.7062611501792,46.4700553297742
30.6411985305238,46.4525293924682
30.7430380452214,46.4779717782032
30.7305090246341,46.4370761252964
30.7107300505793,46.4811617470815
30.7712692393822,46.59077756993
30.7154767966174,46.3981020103264
30.7221139316685,46.4116913137318
30.768106473149,46.4362466974042
30.6934283170718,46.4275799855673
30.7308725609827,46.4868633891431
30.6834804045599,46.4571029406288
30.6353949323864,46.4472667534558
30.6656203830884,46.3325052391285
30.7304285272997,46.4761527942573
30.7114025928243,46.4190536107708
30.7520381665387,46.5481834789966
30.7071751844272,46.4336072815302
30.7171127101863,46.4527003157866
30.7273021147013,46.524831755324
30.7676156990783,46.4406709125602
30.7457152307604,46.4383589497804
30.712654196539,46.4847043577534
30.667404307885,46.5317658444707
30.7059313707772,46.4237099218012
30.693088150917,46.4292352429661
30.7297144380434,46.3680896748166
30.7515629725973,46.4614677824216
30.7223190700366,46.506690494072
30.6505076577374,46.5265283941578
30.731955379964,46.5575338841069
30.7132774017081,46.5124119272547
30.6971389845163,46.4042516514014
30.711550604052,46.4881965910263
30.8091601136643,46.5795398115465
30.7115194437935,46.4166642826995
30.7730453741142,46.5950776407812
30.6140605420971,46.4917445992767
30.6199913779565,46.46870233677
30.7229215017001,46.3966194754388
30.6542442920639,46.3490740058517
30.727322888207,46.5291732076102
30.7235395134928,46.4700553297742
30.6572434669402,46.3499412167932
30.7489870578983,46.3890088897901
30.7263958705179,46.391113945395
30.7319969269753,46.4694220138999
30.7238381326363,46.4248434132808
30.7113324822428,46.4172724098742
30.6868327290321,46.4783406127322
30.7062533601145,46.4528064681633
30.7667432118416,46.4349530777632
30.7563460722702,46.5512978817763
30.76408420312,46.4422146200039
30.757231542948,46.4521155781185
30.7062819236848,46.4590964462786
30.7123477873308,46.4420311023358
30.7999470639143,46.5803422515464
30.7442818588714,46.4489436011685
30.6399858771322,46.4664965263668
30.7472031331017,46.4724410594599
30.7107612108378,46.4305684448492
30.7235031598579,46.4861221216993
30.7119790576058,46.4166372948071
30.6342342127589,46.4439544394654
30.7530145213036,46.4667592085193
30.7118050794961,46.3814055009126
30.7249624986289,46.4508057657421
30.7194081825592,46.4040879248544
30.6502921326164,46.4460145152498
30.7059833045413,46.3901063974132
30.6240188413619,46.4415003404525
30.6444391974031,46.4365453634131
30.7178423795718,46.5009474705754
30.7336769842437,46.4716314226887
30.7313425615477,46.3878430128396
30.7409425178403,46.4556869758757
30.7297014546024,46.4621064958744
30.742918597564,46.4849076665426
30.7376421271322,46.4678261298643
30.7452114732487,46.4491487091505
30.7690257007734,46.5560315580982
30.6786116141762,46.4903196385595
30.7434379352049,46.4709387334512
30.7042746837026,46.4046384778588
30.7133111586547,46.4239546120254
30.7229760321524,46.4006028883528
30.7472888238124,46.451381507446
30.6933270462319,46.4743661957824
30.6487029594352,46.449154106729
30.706513028935,46.4031847300564
30.7208597312656,46.4276915355224
30.7714717810622,46.5564453724479
30.6933711899313,46.4054661065582
30.6401209049188,46.4212144413533
30.6868560992259,46.4782794401762
30.7438014715536,46.4880202701295
30.702046725223,46.4247246665544
30.7165128752111,46.4666044779363
30.7336951610611,46.464616369865
30.7406880423962,46.4313672864634
30.8101858055051,46.5785088740579
30.8033720956562,46.5784225128024
30.781328809487,46.5723934176466
30.7189096184239,46.3970063018961
30.7197275752084,46.4507895730067
30.6454181488563,46.4421354555196
30.7299299631644,46.4766547690554
30.6798138808149,46.3471434719507
30.7972205412994,46.5772836237443
30.8026865699702,46.5747881432963
30.6483004727634,46.3887570027946
30.727920126494,46.4232565252094
30.6294407263332,46.4440372023354
30.7307738868309,46.4379361394666
30.7087254072854,46.4054283235088
30.6230217130913,46.4124091916689
30.7092810985611,46.4682975183844
30.7368994743057,46.4678980975773
30.7063961779658,46.4670578745282
30.7930944037422,46.5740198879602
30.7577404938361,46.4561529668173
30.7471304258319,46.4735115791906
30.6866977012454,46.481361457485
30.7068246315196,46.5576634259903
30.7126412130979,46.4999471193648
30.7556891101544,46.5513086769332
30.6436809644474,46.4365777488839
30.6364985248734,46.4430116624253
30.659562309507,46.4493340260115
30.7092810985611,46.4051890308631
30.6317595688999,46.4754655025983
30.6867652151387,46.4810106148842
30.6570019749372,46.5272894527227
30.7151028735159,46.4245033658369
30.7079126438773,46.4938064742539
30.6734649781546,46.519842593621
30.7577430905243,46.4635080670849
30.7176658047739,46.4742438506703
30.7111013769926,46.4657174758737
30.6817354300864,46.335446919397
30.6913795300784,46.3693617041437
30.7119738642294,46.4850426060045
30.7101977294974,46.4877485920129
30.7438274384356,46.477973577396
30.7063182773197,46.4757173895937
30.7054146298244,46.3875155597455
30.6952408054387,46.430231995791
30.7386859957905,46.4691521349762
30.6856616226518,46.4447478835012
30.7427757797128,46.4454963477163
30.7241497352209,46.4146887689779
30.7052770053496,46.3900884054849
30.725673991197,46.4182583675422
30.6344471411917,46.4750534874414
30.7234797896641,46.3826469439617
30.7306076987858,46.4277653024282
30.7112831451669,46.4629521165021
30.758119610314,46.4522289272665
30.7011041274047,46.3836041145445
30.6395574235784,46.4440030176717
30.7142641432258,46.4046078915808
30.7437703112951,46.4738408314775
30.6307286836827,46.4579089790143
30.7112026478326,46.4052466050335
30.6944643956655,46.4873671631341
30.6903200812909,46.3405368358982
30.6398170923989,46.4403812425155
30.6939736215948,46.4095394791134
30.7386989792315,46.4747224359617
30.7046693803097,46.5023328490504
30.7530015378626,46.5470859713735
30.6509776583024,46.4762013724636
30.7062663435556,46.3899282773235
30.627534757191,46.4270510228768
30.6734779615956,46.5198749790918
30.6858719543963,46.4547657891494
30.6820470326709,46.4564318417051
30.7326435023383,46.4816457299513
30.707985351147,46.4321571321135
30.7103431440368,46.4177635895154
30.729594990386,46.4530367648448
30.6296588481423,46.4172508195603
30.7000472753055,46.4731643349754
30.7370345020923,46.4851757462735
30.7004419719126,46.3952053098786
30.6457635083875,46.4491972873568
30.6454622925558,46.3936580040493
30.650845227204,46.3493204952687
30.7607422654006,46.4323694368668
30.7055522542993,46.4688390754247
30.7042279433149,46.4242964586621
30.727920126494,46.4682579361423
30.7945459524486,46.5743311483188
30.8040290577719,46.5739155347763
30.6771574687816,46.466854565739
30.6950953908992,46.4298649604547
30.6970792606876,46.5098480774794
30.7038072798258,46.4008907592048
30.7212777980666,46.4894632227749
30.7236849280323,46.4737148879798
30.6938022401733,46.3509505639679
30.6293186819875,46.4181432192014
30.6433070413459,46.4753107720153
30.7375148894102,46.4852153285157
30.7362165453078,46.416063352296
30.701690978939,46.3812255816302
30.7081930862034,46.4769174512079
30.7524068962638,46.4321265458355
30.6691700558641,46.3298442329407
30.7651955856716,46.4363852352517
30.7118232563135,46.4328462229654
30.6212741419296,46.5127951553264
30.6138631937935,46.486998328605
30.7350662124332,46.4706958424198
30.6338680797221,46.4511116285223
30.6450987562071,46.4421174635914
30.6524240136324,46.3497037233404
30.698226996874,46.3788326551732
30.6320867516137,46.4058997120289
30.7151132602688,46.450652834352
30.6986995941272,46.3872834638711
30.7330823426448,46.4882163821474
30.6361271984601,46.4381592393769
30.72746310937,46.5292217858165
30.7320644408686,46.4805950013417
30.7463799829408,46.4559856418846
30.6372905147758,46.439472650139
30.6615591627363,46.511679655775
30.767104151502,46.5782479910984
30.7361152744679,46.4862984425962
30.8018530330565,46.5995648276861
30.7104703817589,46.4696127283393
30.7131008269102,46.4524430312126
30.6507517464286,46.3459344143725
30.7062429733617,46.4670488785641
30.7127372905615,46.4689632197296
30.7121738092211,46.3895180613595
30.7054613702121,46.3549663623528
30.7594620981158,46.434944081799
30.7187823807019,46.3910959534668
30.6125934132615,46.4758649234054
30.7690568610319,46.5564507700264
30.7142018227089,46.4155307912199
30.7027140740916,46.4336000847589
30.7124983952467,46.4752495994593
30.7115324272346,46.4408562294212
30.6170519269088,46.4866061045692
30.7108339181075,46.391011391404
30.7014728571298,46.3438743385882
30.6673056337332,46.5185849578365
30.7582806049827,46.4371966712156
30.7220619979044,46.4119180120277
30.6438627326217,46.4468799269985
30.7413268276946,46.4585027126464
30.6959263311247,46.4392837348923
30.7149081219006,46.3877602499697
30.6445404682431,46.4982828660019
30.7198054758545,46.3987641132859
30.7969375022851,46.5736654469737
30.7209246484707,46.4167794310403
30.7254169190648,46.3841564667417
30.724100398145,46.4117596830592
30.7300935545213,46.4766439738985
30.7065675593873,46.4702244538998
30.7130800534045,46.4839612911168
30.6452104137999,46.4378101959689
30.7188732647891,46.4680816152455
30.6382149357766,46.4220420700527
30.7224489044469,46.4628225746187
30.7189667455644,46.3783486723034
30.713695468509,46.4159877861974
30.8084304442788,46.5762760757624
30.7222333793259,46.4992850164053
30.7478419184,46.4691125527341
30.7552866234827,46.4406169367755
30.6221622092956,46.4441307603623
30.8049742522784,46.578282175762
30.7237810054958,46.5006182182884
30.698684013998,46.3713821976859
30.6370749896548,46.4458184032319
30.6358831097689,46.5319043823182
30.7212933781958,46.3814090992983
30.7284005138119,46.4250899026978
30.7045265624585,46.3835213516746
30.6363972540334,46.3968893543625
30.7284810111462,46.4624249530044
30.7137863525962,46.469862816142
30.7587194452892,46.4440659894206
30.7490337982859,46.3898707031531
30.6139359010633,46.4679592701334
30.6395704070195,46.4955462937154
30.6826183040759,46.378465619837
30.7159493938707,46.3861193861135
30.705409436448,46.5141535459091
30.712680163421,46.4904149957792
30.694661743969,46.4470688422451
30.6945812466347,46.4886086061831
30.6468722942509,46.3783918529312
30.6950850041464,46.4720830200877
30.7070661235226,46.5002062031316
30.6929271562483,46.5020269862702
30.7042876671436,46.4685080239449
30.7793760999571,46.5745236619511
30.7550191645976,46.4406889044885
30.8057688388691,46.5728090311891
30.644005550473,46.4412736421565
30.7137733691552,46.4926136094111
30.6944098652132,46.409451318665
30.759921711928,46.4772323099522
30.7396000300385,46.4710898656485
30.703963081118,46.3888883438708
30.7143082869253,46.4725598061863
30.6532731306753,46.5346463521831
30.6911380380753,46.3540019949987
30.6546286019181,46.5368431666221
30.6809434401839,46.4603540820631
30.6460673209075,46.3638003991224
30.7000836289403,46.4309408777639
30.7207273001672,46.3911985074578
30.647279974299,46.4292730260154
30.751318883906,46.4390012616189
30.6827377517333,46.4577416540816
30.7340301338395,46.3803223868321
30.7228513911186,46.4697836516577
30.7017610895205,46.4033052759756
30.7191407236742,46.4678405234069
30.7146380663273,46.419235329246
30.735964666552,46.4715000816125
30.7121945827267,46.4810160124627
30.7062196031679,46.5660998411456
30.6755942624824,46.4683784820615
30.6640727569184,46.5424386563071
30.7250819462864,46.5015214130865
30.7164297811885,46.463599825919
30.702921809148,46.4848536907579
30.7124854118057,46.4199424120262
30.7273540484654,46.5060391862694
30.8091497269115,46.572348437826
30.6215987279552,46.5283671692247
30.6572590470694,46.4512465679842
30.7228643745596,46.3955759436005
30.7227449269022,46.413024515615
30.6813718937377,46.4653540389231
30.7275332199515,46.4735871452892
30.713568230787,46.4733496518364
30.7199820506525,46.4264878755227
30.641556873496,46.4518474983877
30.7095693309519,46.440550366641
30.7056872820859,46.5118379847436
30.7131527606743,46.4935150050163
30.7111585041331,46.3831075373249
30.6737843708038,46.5196518791816
30.7468344033766,46.4458939693305
30.6544572204966,46.3503946133851
30.8086511627762,46.5780518790804
30.6953914133545,46.3707128979551
30.6296848150244,46.396432359385
30.705383469566,46.4415093364166
30.6223985079222,46.4734809929126
30.7373720715589,46.4644958239457
30.6968715256312,46.4947114682447
30.7385250011218,46.4776371283378
30.7360841142094,46.4827108521036
30.636316756699,46.4431196139947
30.7335523432099,46.4829105625071
30.7464942372218,46.4458309975817
30.7442403118602,46.4730006084284
30.7798538905868,46.6036346018557
30.7275591868336,46.4695227686981
30.7066454600334,46.411093981714
30.8085836488829,46.5841169580927
30.6423956037861,46.4551022382076
30.6491937335058,46.4434128824252
30.8019049668206,46.5691944528042
30.621723368989,46.4411746865512
30.7112857418551,46.3997626653037
30.7177463021083,46.4191633615331
30.6957809165852,46.4059482902352
30.6607983330924,46.4473603114827
30.7140823750515,46.4305414569568
30.7104885585763,46.4872268260937
30.701145674416,46.4278534628766
30.7454192083051,46.4546830262795
30.6841062064172,46.4897367000843
30.7318774793179,46.3858243184903
30.6455843369014,46.4422883869097
30.7256168640565,46.4933260897697
30.7213401185835,46.4717285791013
30.6457764918285,46.5338493097617
30.8010662365305,46.5746729949555
30.7456139599204,46.4638229258293
30.6886919577866,46.3552794219043
30.6204821520272,46.4549637003601
30.7223268601012,46.4124865569604
30.7178761365185,46.3838344112261
30.7440377701802,46.4323514449386
30.7177540921729,46.500961864118
30.6161223125316,46.5188476399889
30.7094706568001,46.4312809252078
30.6438705226863,46.4026143859309
30.7310984728565,46.4860861378428
30.6911510215164,46.4886751763177
30.7562084477953,46.4404748005423
30.6975648413818,46.4569104269965
30.6566046816419,46.4708235851104
30.778436098827,46.5748852997089
30.68794930496,46.4655321590128
30.6830986913938,46.3794983565184
30.7577041402012,46.4287368665536
30.7128281746487,46.4687221278911
30.736522954516,46.4294673388405
30.7231006731862,46.387808828176
30.6915431214353,46.4748897608944
30.6910964910641,46.5490380955884
30.7617004433482,46.4580583120187
30.7124880084939,46.4685206182947
30.6289369688215,46.4728152915674
30.7064273382242,46.4636322113898
30.6137697130182,46.4864099925513
30.7332043869905,46.4814892001756
30.7536896602369,46.4320275902301
30.6151926981543,46.4822232708481
30.68391405149,46.3448656938346
30.7011846247391,46.478004163674
30.6851630585165,46.4824067885162
30.6944124619014,46.4051332558856
30.7583792791344,46.4392063696009
30.7269619485465,46.5538023581883
30.6447014629118,46.4364895884355
30.8077007748933,46.5908405416788
30.7207324935436,46.4573098478036
30.7532664000595,46.5463357079656
30.7220230475813,46.4072041268269
30.7436846205844,46.4745677053787
30.6942826274912,46.3732011816317
30.7035709811991,46.3815908177736
30.698899539119,46.3640468885394
30.7022544602794,46.4014557057518
30.7164297811885,46.4182925522059
30.7326435023383,46.4711240503121
30.6916184253932,46.345785081368
30.7514435249398,46.4045251287108
30.7094966236821,46.4404298207217
30.7130774567163,46.3602074110513
30.7435314159803,46.480879273808
30.7396961075021,46.467696587981
30.7935176639196,46.5654359389932
30.7972620883107,46.6016356986274
30.7047420875794,46.5123453571202
30.7088760152012,46.422367723954
30.7100575083343,46.4507643843071
30.7441312509556,46.4422901861025
30.6395885838369,46.4543843602706
30.6808655395378,46.3264203689952
30.7951951244998,46.5716485518171
30.704038385076,46.382130575621
30.6592610936752,46.4497874226033
30.6795282451124,46.4909979342544
30.6850981413114,46.3457419007403
30.7122517098672,46.3930894591166
30.6611826429466,46.4473135324693
30.708213859709,46.4134437275431
30.6506842325353,46.4495247404509
30.6380305709141,46.4115347839561
30.7339574265698,46.4323064651179
30.7581793341427,46.4520220200917
30.7334225087997,46.3940160434214
30.6455531766429,46.4431537986584
30.7242639895019,46.4961112402624
30.723287634737,46.4717357758726
30.7253416151068,46.413116274449
30.736052953951,46.4814262284267
30.6950200869413,46.4318350765978
30.6370801830312,46.4401347530985
30.7394675989401,46.4576265057408
30.7014702604416,46.3672548493459
30.6845814003586,46.4852333204439
30.6353066449874,46.4433930913041
30.7240562544455,46.3949192382194
30.7373798616235,46.4375960920227
30.6508945642799,46.3458498523097
30.6886945544748,46.3398585402033
30.7376888675199,46.4383049739957
30.6919871551183,46.4805896037632
30.7221814455618,46.4160615531032
30.7591375120902,46.4550896438579
30.8149013912848,46.5942392169248
30.6958276569729,46.4093703549879
30.7011768346745,46.3727909656677
30.7638271309878,46.4405863504975
30.7643308884995,46.4319700160597
30.7375772099271,46.4851343648385
30.7845435094844,46.576115947601
30.7278448225361,46.4629071366815
30.6435433399725,46.4426086432325
30.7095070104349,46.5400781153211
30.7027036873388,46.3645056827097
30.6884141121487,46.3489696526679
30.7454166116169,46.444852236685
30.7102159063148,46.4206782818915
30.6972194818506,46.3623376553558
30.721867246289,46.4825147400857
30.6409051047566,46.4428839197347
30.6971805315275,46.4738174419708
30.7492337432777,46.4810394019694
30.6699360788845,46.4702172571285
30.6415594701842,46.4366101343548
30.6957367728858,46.363075324414
30.726676312844,46.5133205196312
30.6544753973141,46.5368719537073
30.7472550668658,46.4348937043999
30.739010581816,46.4378065975832
30.7004056182777,46.4800426491445
30.7264322241528,46.4212738147165
30.7427576028953,46.4497640330966
30.7697190165241,46.5610980850927
30.6356701813361,46.475253197845
30.6896579257987,46.4934700251957
30.6542910324515,46.4476715718414
30.6616136931886,46.3463464295294
30.7021895430743,46.5626795755857
30.7057288290972,46.3906173681754
30.7002238501034,46.4541576619746
30.682340458438,46.4917715871691
30.6910367672354,46.3740647941876
30.7280499609043,46.4682939199988
30.7467565027305,46.469411218743
30.6620992738829,46.4943426337157
30.7040228049468,46.3801874473703
30.7219737105054,46.4099245063779
30.7585428704913,46.4540317184769
30.7292989679307,46.3874939694316
30.7411138992618,46.4634810791926
30.7603891158048,46.5939621412298
30.6935347812882,46.479646826723
30.6437978154166,46.4671568301335
30.7302000187377,46.4520867910333
30.7500361199329,46.4406007440401
30.6475266596785,46.4285965295133
30.6362959831934,46.4692996687878
30.6395288600082,46.4442225191963
30.8052027608404,46.5807380739678
30.7175541471811,46.4759224975758
30.7216569145444,46.3815728258453
30.7285952654272,46.4407104948024
30.7050121431527,46.4034132275451
30.7291327798856,46.4560216257411
30.6734753649074,46.3322551513258
30.6450909661425,46.4398126975828
30.7074660135061,46.3812669630651
30.6368127241461,46.4383625481661
30.6606944655642,46.4491037293299
30.7198210559838,46.4902188837613
30.7068739685954,46.4319286346247
30.6911925685276,46.3931416357086
30.6912159387215,46.4791160648397
30.7173074618017,46.3988900567837
30.7088422582546,46.4054049340021
30.6841503501167,46.4477363427831
30.7313295781067,46.5610243181869
30.7627105550598,46.5877333356705
30.6471761067708,46.38821904414
30.7244639344937,46.3986363705954
30.6661475107939,46.3336369314153
30.725445482635,46.3912632783995
30.7622431511829,46.4316875427862
30.7344559907051,46.4544941110329
30.614364354617,46.4898446516538
30.7092707118083,46.4858144597263
30.7071076705339,46.4937291089624
30.6877130063334,46.3497558999323
30.6182360167302,46.4847385424171
30.6080258387095,46.5131729858196
30.7530275047447,46.4324935811717
30.6873754368668,46.4789523382927
30.741028208551,46.4400321991074
30.6919611882362,46.3448261115924
30.7100107679466,46.3597144322173
30.6734935417248,46.482203479727
30.6172181149539,46.4879411056452
30.7889059456681,46.579154784282
30.7278915629238,46.386966805934
30.7035294341879,46.3830535615401
30.6935737316113,46.4828044101305
30.7257129415201,46.467613825111
30.6439769869027,46.4436647694206
30.7265049314225,46.4213691719362
30.7141784525151,46.4334507517545
30.7089253522771,46.4429576866405
30.7111299405628,46.4718635185631
30.7233032148662,46.4150018285294
30.7154014926595,46.4184724714884
30.7462865021654,46.4441469530977
30.7282031655083,46.5089628746097
30.7119453006591,46.3928591624351
30.6408635577454,46.4364410102292
30.7110312664111,46.3935302613587
30.7492649035362,46.4461206676264
30.7293041613071,46.5601031314606
30.6911484248282,46.4737724621502
30.7096757951682,46.4405305755199
30.7210025491169,46.4097715749878
30.7059209840243,46.3805310931998
30.75746005151,46.4656311146181
30.7517888844711,46.4157484935517
30.7388158302007,46.4505718706749
30.6828546027026,46.390908837413
30.7112987252961,46.4469428987474
30.7286861495144,46.4530259696879
30.7596750265485,46.4814226300411
30.7970933035774,46.5781112524437
30.7205663054985,46.4695965356039
30.6445820152544,46.4365003835924
30.6758721081203,46.444328671573
30.720267686355,46.4650301842147
30.7263517268184,46.4903538232232
30.7405997549973,46.4384309174934
30.7239471935409,46.4226430004561
30.7658369676581,46.5815081284968
30.7345416814159,46.5273938059065
30.6458258289044,46.437090518839
30.7011352876632,46.4465902569537
30.6761084067469,46.3476166596637
30.6391341634011,46.4447011044877
30.6864302423603,46.3936184218071
30.7289276415174,46.3809269156213
30.6804682462425,46.4886158029544
30.7147419338555,46.4865701207127
30.7369981484574,46.4235911750748
30.7404543404578,46.4802747450189
30.6638312649154,46.3603513464773
30.6270465798085,46.4338195862836
30.6515697032131,46.3892931622564
30.7054925304706,46.5141517467163
30.751991426151,46.4688444730032
30.7275669768982,46.3809467067423
30.6122246835364,46.4981929063607
30.719608127551,46.4742834329124
30.6168883355519,46.4658020379365
30.6453688117804,46.3888343680861
30.6833895204727,46.4514624711232
30.6389757654206,46.4150108244935
30.7233343751246,46.4703378030477
30.7043032472729,46.4651021519277
30.6489340646854,46.4666152730933
30.7052977788552,46.3874040097904
30.7400155001512,46.4785763069923
30.7038150698904,46.3848887382214
30.7141784525151,46.3868822438712
30.7413839548351,46.4667250238556
30.7123477873308,46.3875191581312
30.6492690374638,46.3509775518603
30.6808136057737,46.4760610354233
30.749516782292,46.4590028882517
30.7716120022253,46.5889333972846
30.7081411524393,46.4839558935383
30.7116233113217,46.4706076819714
30.6294147594511,46.4807065512968
30.7992926984867,46.5729223803371
30.7112571782849,46.4300052974951
30.6428630076629,46.4517629363249
30.7238329392599,46.4172274300536
30.6447352198585,46.4468817261913
30.6580380535308,46.3498980361654
30.7432639570952,46.4278300733699
30.7197561387786,46.4341056579427
30.7225034348992,46.4659135878916
30.6835998522173,46.3471596646862
30.7275124464459,46.5037668057318
30.7205948690687,46.5378435178327
30.646506161214,46.3481222328474
30.7311737768144,46.4280819603654
30.7773740533513,46.575171371368
30.7544972302685,46.468034836232
30.7509605409338,46.470827183496
30.611648218755,46.5025181659114
30.7260816712451,46.3911805155296
30.6479836768025,46.3509307728469
30.7611265752549,46.4341110555212
30.6404896346439,46.4440479974923
30.7246301225388,46.431392475163
30.6474799192908,46.3900182369648
30.7348143336773,46.4511961905851
30.6566488253413,46.4708955528234
30.733477039252,46.4829213576641
30.6259300038805,46.5062892740721
30.7529547974749,46.4053833436882
30.7354635057285,46.4280999522936
30.7432561670306,46.4581860547093
30.8077812722277,46.5927368909161
30.7007691546263,46.4791898317455
30.702592029746,46.4384812948925
30.8079526536492,46.572728067512
30.723186363897,46.3851190349029
30.6909926235359,46.4011930235994
30.7044149048657,46.4479126636799
30.7025504827347,46.4243666271823
30.719976857276,46.3875011662029
30.7221580753679,46.4166606843138
30.7573535872936,46.4634918743495
30.6766563079581,46.4888101157795
30.7125087819995,46.3872150945438
30.7007847347556,46.4245087634154
30.7155495038871,46.4896323469004
30.7422850056421,46.4558237145304
30.7299221730998,46.4892617131785
30.736725496196,46.4521263732755
30.7543154620942,46.4680834144383
30.7492778869772,46.4287152762397
30.7533339139528,46.5494914921802
30.7276838278674,46.4893642671695
30.6227308840124,46.4444168320214
30.7174295061473,46.4743068224191
30.7044045181128,46.4431609954297
30.7439546761577,46.4553163421538
30.7987681674694,46.5698205719072
30.8000820917009,46.570489871638
30.7184655847409,46.4681157999091
30.7654137074808,46.4375259235026
30.7179488437882,46.4037982548096
30.6603906530442,46.494554938469
30.7366995293139,46.3803997521236
30.6102719740065,46.5096177807979
30.6975206976823,46.4710142995498
30.631798519223,46.4782704442121
30.7149107185888,46.4455557210795
30.6839036647372,46.3926594520315
30.7147653040493,46.4881606071698
30.7157624323199,46.4999201314724
30.7143861875715,46.3888541592071
30.7119401072827,46.3875569411805
30.7441130741381,46.4148740858388
30.7407295894075,46.4304317061945
30.7652838730706,46.4368908084354
30.7454347884343,46.4644490449323
30.636963332062,46.4404586078069
30.6400118440142,46.4013639469177
30.7135734241634,46.3939422765156
30.7054639669003,46.4034708017155
30.7114830901587,46.3956695016273
30.7240121107461,46.4817716734491
30.7150613265047,46.4188898842237
30.7473121940063,46.4767681182034
30.6460699175957,46.3998274362454
30.7231396235093,46.3932819727489
30.7139499439531,46.4166013109506
30.7461904247019,46.4682993175773
30.7374785357753,46.4768634754231
30.7032282183561,46.4412466542642
30.7119842509822,46.3804915109577
30.6365764255195,46.4382833836818
30.6415724536252,46.4421858329187
30.7185798390219,46.4219251225191
30.8080201675425,46.5828593223082
30.7108988353126,46.4094027404587
30.7328849943413,46.3858764950822
30.7990641899247,46.5750256367492
30.7239264200353,46.3976863967839
30.7654396743628,46.4429486906764
30.7223320534777,46.4120097708618
30.6886452173989,46.3399826845082
30.6688350830857,46.4704493530028
30.7579664057099,46.4375583089734
30.7061624760274,46.4017381790253
30.7479353991754,46.4452642518419
30.7055938013106,46.469760262151
30.7473589343939,46.3976845975911
30.6669914344604,46.4916168565861
30.76284038947,46.5775085228474
30.7428329068533,46.4456798653844
30.737296767601,46.4851613527309
30.7528041895591,46.4393880880762
30.7232772479841,46.4796000477096
30.7230175791637,46.4102303691581
30.7157156919322,46.3832712638719
30.7407425728485,46.4692582873529
30.6358519495104,46.4507122077152
30.7394572121872,46.4673151591021
30.6924363821777,46.481444220355
30.7238303425717,46.5520859282335
30.7127658541318,46.4796432283374
30.7132306613204,46.3897141733774
30.7057651827321,46.4660143426898
30.6625355175013,46.4473279260119
30.6486094786598,46.5338960887752
30.6425150514435,46.4639236806274
30.7444947873042,46.4567610939921
30.6438237822986,46.4390156551615
30.7576859633838,46.4344529021579
30.6393081415108,46.4518726870872
30.6137567295772,46.4865791166768
30.7160506647106,46.3653890863866
30.7249183549295,46.4175350920267
30.7114986702879,46.4298901491543
30.6525876049893,46.447675170227
30.7932320282171,46.5702919604273
30.7489091572521,46.4313492945352
30.6824728895365,46.3790035784916
30.640009247326,46.4528568455623
30.709190214474,46.4765234279792
30.7226618328796,46.4629107350671
30.6592351267932,46.5252689591805
30.684903389696,46.4557751363241
30.6836543826696,46.4459137604516
30.7126905501738,46.4821998813414
30.6962041767626,46.5050838148795
30.686451015866,46.4791754382029
30.7309582516935,46.4850534011614
30.7029529694064,46.4457842185682
30.6453116846399,46.4420364999142
30.6569058974736,46.476679957755
30.7284316740703,46.4685907868149
30.646493177773,46.4426392295105
30.7450271083862,46.4517557395536
30.6867366515685,46.4815125896823
30.6931504714339,46.4578819911219
30.6384122840802,46.4950263269891
30.6181399392666,46.4996628468985
30.6902421806447,46.4956794339845
30.6661942511816,46.4841250176638
30.7395506929626,46.4802135724628
30.6158548536465,46.5032810236691
30.7080762352342,46.3887174205525
30.8023334203743,46.5988757368342
30.7406309152557,46.4813866461846
30.7075257373348,46.434143440992
30.7503684960231,46.5567368416855
30.794969212626,46.570315349934
30.7265231082399,46.481474806633
30.6765264735478,46.3890538696107
30.7327525632429,46.4860141701298
30.7180708881338,46.4685781924651
30.6944643956655,46.4291218938181
30.7222203958849,46.5069873608881
30.7452737937656,46.4421444514837
30.608311474412,46.4648664576676
30.7387483163074,46.4712104115677
30.7224566945115,46.3859358684454
30.7609577905216,46.4341974167768
30.667227733087,46.3346732664823
30.7460502035388,46.4735331695045
30.734606598621,46.4352283542653
30.7319320097702,46.4700481330029
30.7059131939597,46.4416100912148
30.6593909280854,46.4915718767655
30.701831200102,46.4770649850195
30.7299091896588,46.4702190563213
30.7378524588768,46.4851883406233
30.717819009378,46.4259859007245
30.7016728021216,46.4593195461889
30.7303895769766,46.4756274299525
30.7261413950739,46.4215598863756
30.7381666581495,46.4727073399979
30.6370464260845,46.4399026572241
30.7237186849789,46.4068298947193
30.7038280533314,46.4035625605496
30.6756124392998,46.4625922779371
30.7336016802858,46.44655607229
30.7384081501526,46.4690855648417
30.7153158019487,46.3921934610899
30.6167377276361,46.4777972564992
30.7142875134197,46.4630510721074
30.7611447520724,46.4317271250284
30.7319683634051,46.4730977648409
30.7046771703743,46.4037478774105
30.7457671645245,46.4692061107609
30.7044850154472,46.4907640391872
30.7252065873202,46.3911301381305
30.73449234434,46.3939746619864
30.7092785018729,46.4382581949822
30.7421681546729,46.4558507024227
30.7202754764196,46.4284112126523
30.7532871735651,46.4688372762319
30.7125035886231,46.4702244538998
30.7129995560702,46.4419213515734
30.6452571541876,46.4442836917524
30.6424371507974,46.4374899396461
30.7499426391576,46.4444384223353
30.7190238727049,46.4956236590069
30.727006092246,46.5056379662695
30.7108131446019,46.4706814488772
30.6873988070607,46.480663370669
30.7224852580817,46.3860870006427
30.7056898787741,46.4694957808057
30.6808239925265,46.4910717011602
30.7459619161399,46.4749743229571
30.6957471596386,46.4060508442262
30.6760434895418,46.5027394666288
30.7286238289975,46.4863830046589
30.7098731434718,46.4131342663773
30.7172009975853,46.452675127087
30.6480641741368,46.447079637402
30.6153848530815,46.4563328860998
30.6444599709088,46.5247040126335
30.706310487255,46.406063438576
30.7406231251911,46.5585684199811
30.7143134803017,46.5351933068018
30.7067649076909,46.4937902815185
30.7424979340749,46.4690981591915
30.6166390534843,46.4895621783803
30.6932413555211,46.3656373749964
30.749402528011,46.4460846837699
30.7246379126034,46.5533975398028
30.7368968776175,46.4512015881636
30.6949214127895,46.4391775825157
30.8100715512241,46.5954752623954
30.7304752676874,46.4364014279871
30.6359869772971,46.4382006208118
30.7285069780283,46.3895612419873
30.7528768968288,46.4672431913891
30.641328364934,46.4539705459209
30.7500361199329,46.3819074757108
30.7040228049468,46.3845918714053
30.6860667060117,46.4819174080679
30.7177748656785,46.4566909254719
30.7122854668139,46.415190743776
30.7006938506684,46.3780068256667
30.6903019044735,46.43393833301
30.6439094730094,46.3992103131065
30.7427160558841,46.4447946625146
30.7176969650324,46.4259409209039
30.7170971300571,46.4783352151538
30.7095044137467,46.389471282346
30.752193967831,46.4663130086987
30.6131153475906,46.5030741164942
30.7185305019461,46.4623655796412
30.7441598145258,46.4541000878042
30.7531781126605,46.4682039603575
30.645161076724,46.4513707122891
30.7123659641483,46.3982531425237
30.728109684733,46.4688642641242
30.7970699333835,46.6004410345918
30.6586223083769,46.4937902815185
30.7950471132721,46.5995666268789
30.7569121502988,46.4344726932789
30.6429772619439,46.5301879523634
30.6948954459075,46.3495993701565
30.7557799942416,46.4399368418877
30.7203559737539,46.4115239887991
30.7147055802206,46.4700175467249
30.6437354948997,46.4412772405422
30.6474851126672,46.3957252766049
30.7143628173776,46.4857982669909
30.7566187245317,46.4561259789249
30.7534403781692,46.4404604069997
30.6836959296809,46.4568978326468
30.691158811581,46.3486475971522
30.649957159838,46.4500914861907
30.6785804539177,46.4766925521048
30.7266010088861,46.4978870435804
30.7371851100082,46.4757137912081
30.6488250037808,46.3587572616346
30.6795697921237,46.3262116626275
30.7723027212877,46.5911464044591
30.7088889986422,46.4874283356901
30.7042746837026,46.4399512354303
30.7302909028249,46.4239977926532
30.6227075138185,46.5103176668067
30.7438637920705,46.4880814426855
30.8006377829767,46.5716917324449
30.7486572784963,46.4471426091509
30.7232434910375,46.3818517007332
30.7582104944011,46.4343089667319
30.7195899507336,46.4313420977639
30.6877649400975,46.3401931900687
30.7128307713369,46.48997599273
30.7174944233524,46.3885842802834
30.7213505053363,46.4063531086208
30.6984321352422,46.4753917356925
30.7272164239906,46.4635476493271
30.7118648033248,46.4171122817128
30.6470436756724,46.3653081227095
30.616343031029,46.4954743260024
30.6932101952626,46.4579485612564
30.7444973839924,46.4807857157811
30.7648242592583,46.4771603422392
30.6418840562098,46.4546200545306
30.7026153999398,46.4247048754333
30.7597555238829,46.481197730938
30.6927505814504,46.4420347007214
30.7465955080618,46.4662446393714
30.7357283679254,46.4536053097774
30.7327136129198,46.3847016221676
30.6950330703823,46.4290805123831
30.7111611008213,46.4833135816999
30.6613176707333,46.3458606474667
30.7390780957094,46.5443817845579
30.6395730037077,46.4547441988355
30.6404039439331,46.4453919945324
30.7337496915134,46.4807155472609
30.7252247641376,46.4132853985746
30.696855945502,46.4522936982082
30.677404154161,46.4643824747978
30.6860043854948,46.4814352243908
30.7072037479974,46.5591261697568
30.6305261420027,46.4741107104012
30.7390651122683,46.4375978912156
30.7375148894102,46.3742681029768
30.7068999354775,46.4591450244849
30.6419671502323,46.4531807002708
30.7131683408035,46.4435046412592
30.6891905219219,46.3520516699767
30.7030724170639,46.5128239424116
30.7093797727129,46.3864468392076
30.7116466815156,46.4074164315802
30.7159935375701,46.4912336285145
30.6408609610572,46.4372524461932
30.6976011950167,46.4595390477135
30.663369054415,46.3599915079123
30.6084387121341,46.5175846066259
30.7157806091374,46.4692115083394
30.6319932708383,46.4550122785664
30.6913405797553,46.3753728073712
30.6179114307046,46.4664245586539
30.6966144534989,46.4055488694281
30.6819094081961,46.3925335085338
30.6158185000116,46.4882109845689
30.6678820985146,46.5145745570301
30.8148131038858,46.5815261204251
30.7286420058149,46.4373136187492
30.7108053545373,46.4071789381273
30.7368812974882,46.4851901398161
30.7094135296596,46.4471641994648
30.7462319717131,46.468220153093
30.6914808009184,46.3943291029729
30.6144370618868,46.4995764856429
30.7015118074529,46.3439768925792
30.7673040964938,46.4489202116618
30.7128281746487,46.4712733833166
30.7445752846386,46.440611539197
30.6443768768862,46.4455881065503
30.7414203084699,46.455386510674
30.6358026124345,46.3619184434277
30.7279902370756,46.4804834513865
30.7634194509396,46.433722429871
30.7053497126193,46.423486821891
30.7402388153368,46.4689920068148
30.6963132376672,46.4051332558856
30.7861222959128,46.5723196507408
30.6678405515033,46.4915340937162
30.7258349858657,46.4768220939881
30.7178735398303,46.404584502074
30.7066324765924,46.3960203442282
30.7127970143902,46.4193576743581
30.7038903738483,46.4669697140798
30.7120933118868,46.4765540142573
30.7038903738483,46.4863560167665
30.708390434507,46.4484686142628
30.642800687146,46.4507499907645
30.6581575011882,46.538036031465
30.732716209608,46.456176356324
30.6756877432578,46.4627110246636
30.6737895641802,46.4972555268989
30.71421480615,46.3826397471904
30.6621745778408,46.5112856325464
30.702592029746,46.4403956360581
30.7131501639861,46.4401833313047
30.7099977845056,46.4795910517455
30.7148354146309,46.3935626468296
30.705066673605,46.386648348804
30.7598593914111,46.4268225253881
30.6567630796224,46.4878673387393
30.7064818686765,46.3885446980413
30.7254013389355,46.4125693198303
30.6943631248255,46.432500777943
30.713251434826,46.3897465588482
30.6439951637202,46.4432113728288
30.6920754425172,46.4752621938091
30.7208129908779,46.4236847331017
30.7065935262693,46.4633623324661
30.6597882213808,46.4856615283362
30.714342043872,46.3933737315829
30.7132228712558,46.4167362504125
30.6787154817044,46.4705447102226
30.7075231406466,46.4028680721192
30.7400051133984,46.4710790704915
30.8146598992817,46.5900938766566
30.7465773312443,46.380847751137
30.7038721970309,46.4931425721015
30.7554346347104,46.46870233677
30.8036317644766,46.5735772865253
30.8087576269926,46.5840503879582
30.6410349391669,46.4506258464596
30.7355388096864,46.4280405789304
30.6409051047566,46.469483186456
30.6609749078903,46.4979572121006
30.7154612164882,46.4689812116578
30.6861679768517,46.4823204272606
30.6541793748587,46.4750930696836
30.7021869463861,46.4795928509383
30.7656785696777,46.4481267676261
30.64087134781,46.4430206583894
30.7401479312497,46.4590118842158
30.7170867433043,46.4265346545361
30.713568230787,46.4413959872686
30.6773366402677,46.4887651359589
30.7283044363483,46.486577317484
30.707502367141,46.4019288934647
30.6961158893636,46.4327832512165
30.6651893328464,46.3331097679176
30.7193224918485,46.4653378461877
30.8038005492099,46.5751983592604
30.721080449763,46.4102717505931
30.715014586117,46.3802774070115
30.6809226666783,46.3473485799328
30.7111870677033,46.4140896377672
30.7203274101837,46.4114232340009
30.6576044066007,46.3509145801114
30.7167387870849,46.4478317000028
30.7457879380301,46.4640496241252
30.8004819816844,46.5650419157646
30.7307531133253,46.4570687559651
30.7099718176236,46.4642205474435
30.6998031866142,46.3470607090808
30.7336640008027,46.4326573077188
30.7298131121952,46.4534361856519
30.7013689896016,46.4526067577597
30.6995980482461,46.4800462475301
30.7275617835218,46.495837762953
30.6885049962358,46.3499825982282
30.7279408999997,46.3868768462927
30.7996822017174,46.5707579513689
30.6412063205884,46.4524412320198
30.732804497007,46.4851181721031
30.6615072289722,46.4471480067294
30.7145082319171,46.4983476369436
30.7586753015898,46.4388429326503
30.6244836485505,46.4428569318423
30.743222410084,46.4748879617015
30.6652932003746,46.5299954387311
30.7280317840868,46.4289221834146
30.7660706695966,46.5818931557613
30.7494492683987,46.4599222757852
30.7083930311952,46.5131459979272
30.7362295287489,46.5506087909244
30.7054120331362,46.3895720371442
30.6761707272638,46.4426932052953
30.705383469566,46.3940448305066
30.6882868744267,46.5027052819651
30.6493235679161,46.4485567747112
30.7169880691525,46.3855508411809
30.6880609625528,46.3401644029835
30.7097095521149,46.4044027835987
30.7218568595362,46.4066229875445
30.7222775230254,46.3853529299702
30.7599944191977,46.4266677948051
30.6972064984096,46.4831642486954
30.7129320421769,46.4160615531032
30.7407062192137,46.476987619728
30.740799699989,46.4765558134501
30.7160221011404,46.4943966095004
30.7132176778794,46.4795784573957
30.6647478958516,46.4859799854662
30.7056015913752,46.5137973057298
30.7418617454647,46.4148614914891
30.7300649909511,46.4792779921939
30.7124464614826,46.3943129102375
30.6918599173962,46.4662266474431
30.6443327331868,46.438107062785
30.7325292480573,46.4476805678055
30.7074478366887,46.3962362473671
30.6858589709553,46.4641809652014
30.6945968267639,46.4594742767718
30.6432862678403,46.4434002880754
30.6524889308375,46.349635354013
30.6912522923563,46.5006991819655
30.7467409226012,46.4643950691475
30.7134461864414,46.4639704596409
30.6825793537529,46.3425303415481
30.7653695637813,46.4352949243999
30.7261154281918,46.4938712451956
30.6797333834806,46.3263627948248
30.6872066521335,46.4801470023283
30.6879441115836,46.334111918321
30.706310487255,46.5120610846539
30.6572746271987,46.3498224700668
30.6429253281798,46.4442800933667
30.6252730417647,46.4362520949826
30.7092499383027,46.4863704103091
30.7602255244479,46.4822250700409
30.7326383089619,46.4745371191007
30.7500075563627,46.3781759497922
30.8060908282064,46.583683352622
30.7028257316844,46.4485711682538
30.6948694790254,46.4905499352411
30.7248118907131,46.4968920899483
30.7222723296489,46.4870469068113
30.6278126028289,46.4932001462719
30.7037891030083,46.4798375411624
30.7517005970721,46.4619697572198
30.7143368504956,46.4725094287872
30.7137499989613,46.4336666548935
30.7398648922354,46.4781049184722
30.7488961738111,46.4622432345291
30.6986632404924,46.474954531836
30.7471044589499,46.4349350858349
30.7268736611476,46.42449257068
30.7075646876579,46.4704349594602
30.7243081332014,46.5035329106645
30.7481119739733,46.4306548061048
30.6307520538765,46.4924552804425
30.705256231844,46.4735619565897
30.6382590794761,46.3642699884496
30.7797526197468,46.5744390998883
30.7236018340097,46.5017121275259
30.7089279489653,46.4019612789355
30.688569913441,46.3471830541929
30.697414233466,46.4275260097825
30.8016504913765,46.5756967356728
30.7987603774047,46.5757615066145
30.7261258149446,46.4971853583788
30.705611978128,46.3899984458437
30.7188680714127,46.4028860640475
30.701716945821,46.4553397316605
30.7418851156586,46.4325691472703
30.7325578116275,46.5321886547845
30.7265412850574,46.4209391648511
30.7450141249452,46.4385154795562
30.7124360747298,46.5570624955868
30.7241705087265,46.4999309266294
30.7024102615717,46.4515110493294
30.7619341452866,46.4158132644934
30.731459412517,46.4208707955238
30.7582364612832,46.4341272482566
30.7545387772798,46.4343071675391
30.7490208148449,46.4602209417941
30.6842464275802,46.5247885746963
30.7488909804347,46.4370131535475
30.6448287006338,46.4384579053858
30.7073050188374,46.4782218660058
30.7085670093049,46.3883665779516
30.6452026237353,46.4416712637708
30.7248768079182,46.4869497503987
30.7402647822189,46.4801416047498
30.7136461314331,46.389789739476
30.6085581597915,46.4866546827755
30.6820678061765,46.3349377478276
30.7443026323771,46.4145574279017
30.7358478155828,46.4729790181145
30.6426137255953,46.4518385024235
30.7416436236555,46.4509730906748
30.7263750970123,46.4771819325531
30.7266269757681,46.3882730199248
30.6153043557471,46.4888478988288
30.6796944331575,46.3258212377845
30.6347691305291,46.441669464578
30.7887761112579,46.5769759617712
30.6130322535681,46.470796597218
30.6224660218155,46.4449997704966
30.7059157906479,46.4224055070033
30.7464526902105,46.4662734264566
30.6779208951137,46.4879698927304
30.71276845082,46.4935761775723
30.6541586013531,46.4975991727285
30.7213998424122,46.4530547567731
30.6539690431142,46.3489930421746
30.7926685468767,46.6029005311832
30.6801878039164,46.4572324825122
30.6953498663433,46.5177591283299
30.721054482881,46.4126862673639
30.6447274297939,46.4406043424257
30.7180579046928,46.4919281169448
30.7252792945899,46.4867662327306
30.7199145367591,46.505468842144
30.662836733333,46.361103409078
30.7010885472755,46.3704790028879
30.7165596155987,46.4256548492448
30.7160143110758,46.4445787593756
30.7394675989401,46.4666944375776
30.7204494545293,46.4580799023326
30.7223424402305,46.4164447811748
30.69477599825,46.4890548060037
30.7110987803044,46.4614965695068
30.7645438169322,46.4726317738993
30.6144474486396,46.4892599139857
30.7115817643105,46.3815278460247
30.7493531909351,46.4406007440401
30.633917416798,46.447932454801
30.7342378688959,46.4726353722849
30.656885123968,46.4705645013436
30.7649021599045,46.4764550586519
30.7014261167421,46.3667312842339
30.7069466758652,46.4032351074555
30.6864224522957,46.3400276643288
30.7258349858657,46.4227977310391
30.6815173082772,46.3785753705993
30.7281200714858,46.4865017513854
30.7690932146668,46.4392081687937
30.6773288502031,46.4962155934462
30.7125139753759,46.4608668520182
30.6342679697056,46.4375996904084
30.7058586635074,46.4030066099667
30.6155354609973,46.4892167333579
30.7003744580192,46.5568393956765
30.715027569558,46.4729124479799
30.7238381326363,46.4775561646606
30.6108094884649,46.5154813502138
30.6615825329302,46.4713399534511
30.7616770731543,46.458004336234
30.705598994687,46.3656049895256
30.7187953641429,46.402706144765
30.7493973346346,46.4587294109424
30.7930814203012,46.5705258554945
30.7125711025164,46.3979796652143
30.7374421821404,46.3839333668314
30.7045395458995,46.4037820620742
30.6319750940209,46.4060346514908
30.7321890819025,46.4388519286144
30.6911925685276,46.4606743383859
30.7107482273968,46.3912416880856
30.6999563912183,46.4256800379443
30.729265210984,46.4900335669004
30.7266347658327,46.3684441158031
30.7351233395737,46.4503973489709
30.6166286667315,46.4782596490551
30.7055938013106,46.3898850966957
30.7068324215842,46.4769318447505
30.7147782874904,46.4857928694124
30.6910912976877,46.4919605024157
30.7438534053177,46.4723996780249
30.646835940616,46.4136722250319
30.6746906149872,46.4635872315692
30.6468567141217,46.3881794618979
30.7022544602794,46.401504283958
30.6435822902956,46.4399350426949
30.7087228105971,46.4111713470055
30.6893670967198,46.3411989388577
30.6881180896934,46.3445220480051
30.6994240701363,46.4735565590112
30.7524276697694,46.4158438507714
30.746470867028,46.47370229363
30.6278359730227,46.4932577204423
30.7116103278807,46.3811698066526
30.6546286019181,46.3491657646858
30.6808006223327,46.3260965142867
30.691031573859,46.4945639344331
30.6950174902531,46.365621182261
30.7443000356889,46.4714389090565
30.7023868913778,46.3497918837888
30.7262842129251,46.481474806633
30.7061079455751,46.4458112064606
30.7026777204568,46.3534946226221
30.6947188711095,46.4291992591096
30.7083956278834,46.4766115884277
30.7165855824808,46.4421804353402
30.7035476110053,46.4411998752507
30.6496247837478,46.449226074442
30.7925672760367,46.5693491833871
30.6870144972064,46.4780077620597
30.7479977196923,46.4774230243916
30.7492597101597,46.4618204242153
30.6785648737885,46.4982864643875
30.7149678457293,46.4171878478115
30.6147564545359,46.4871944406229
30.6182100498481,46.4699689685186
30.6424761011204,46.3987281294294
30.7008963923484,46.4245321529221
30.7095148004996,46.4056136403698
30.7342846092836,46.4729142471728
30.6328345978166,46.5031640761355
30.646607432054,46.4385496642198
30.7233733254477,46.4109986244943
30.6388355442575,46.4443340691515
30.7100055745702,46.4764172756026
30.677975425566,46.3274944871115
30.7138642532423,46.4164789658385
30.7324851043578,46.4835204888747
30.7112675650377,46.4459119612588
30.7085072854762,46.4175980637755
30.6454025687271,46.4428353415284
30.7543284455352,46.4045755061099
30.7187122701204,46.4515938121994
30.741459258793,46.467408717129
30.7067103772386,46.4625508965022
30.7150561331283,46.4452282679854
30.6980270518822,46.3799841385811
30.7322306289137,46.4577704411668
30.727234600808,46.4904923610707
30.7435859464326,46.4778836177548
30.7220905614746,46.4125297375882
30.7544426998162,46.4495175436796
30.748272968642,46.4510630503161
30.727120346527,46.5057855000811
30.7124178979123,46.4506438383879
30.6985905332227,46.5551643471567
30.6824599060954,46.3442737593952
30.6734779615956,46.4693788332721
30.6931193111755,46.3495849766139
30.7395325161452,46.485006622148
30.6608866204913,46.3776343927519
30.6189708794921,46.4659765596405
30.7416488170319,46.3915205629734
30.6559944599138,46.3500437707843
30.6949603631126,46.4401527450267
30.7271099597742,46.3883036062028
30.7115116537289,46.4630618672644
30.7126204395923,46.3823284868317
30.7148380113191,46.5379478710165
30.7345001344046,46.4767429295039
30.6437926220402,46.4426230367751
30.6421047747072,46.4443196756089
30.692833675473,46.4458094072678
30.7609551938334,46.4557841322882
30.7388729573412,46.3915241613591
30.7235810605041,46.5533345680539
30.7349909084753,46.4707588141687
30.6377838855347,46.4505592763251
30.7377693648542,46.4851937382018
30.7320410706748,46.387551543602
30.636950348621,46.3961606812685
30.6440029537848,46.5313430341569
30.7078347432312,46.3953042654839
30.6934750574595,46.4758343371274
30.6468385373042,46.4338105903194
30.7053782761896,46.3892409856645
30.7222749263371,46.5000496733558
30.7541934177485,46.4407626713943
30.6239357473393,46.4969550616972
30.7059573376592,46.403085774451
30.6924311888013,46.4802405603552
30.7800382554493,46.5753027124442
30.7281200714858,46.468907444752
30.6346860365065,46.4505592763251
30.7340275371513,46.4729916124642
30.7619133717809,46.4160039789328
30.7219737105054,46.4705375134513
30.6165767329674,46.5117156396315
30.6925220728884,46.4764658538088
30.6898111304028,46.4602065482515
30.7073413724723,46.3811572123028
30.7026309800691,46.5060373870766
30.7975243538193,46.5761447346862
30.7465513643623,46.4457572306758
30.7831516846067,46.5808676158512
30.7278759827946,46.4296832419794
30.6956562755514,46.429246038123
30.6897462131977,46.4542656135441
30.693176438316,46.3656481701534
30.7416384302791,46.4725238223298
30.7264581910348,46.4306979867326
30.7274059822295,46.5536062461704
30.7136643082506,46.4425564666406
30.7652605028767,46.4431106180306
30.722996805658,46.4542026417953
30.7233110049308,46.3950919607306
30.71411353531,46.4618402153364
30.7126152462159,46.4151331696056
30.6422943329461,46.4444995948913
30.7244535477408,46.4832901921932
30.6948746724018,46.4294385517553
30.7058872270777,46.4068622801902
30.6928908026135,46.4072023276341
30.624514808809,46.4392135663722
30.7172763015432,46.4742798345268
30.7628611629756,46.5939171614092
30.7037293791796,46.4789757277994
30.6948850591546,46.4292622308584
30.7100185580113,46.4069594366027
30.644273009358,46.3915979282649
30.7052146848327,46.4043811932848
30.7269723352993,46.553672816305
30.7113246921782,46.4745497134505
30.7415111925571,46.4632327905827
30.6912419056035,46.4608002818837
30.6945241194942,46.3428146140144
30.7686621644248,46.5560657427619
30.714100551869,46.4158762362422
30.7085150755408,46.4171968437756
30.722996805658,46.4180802474526
30.7125373455698,46.4607337117491
30.7081151855573,46.4341488385705
30.6812394626393,46.3356754168857
30.7118725933894,46.4058763225222
30.7020752887933,46.3607309761633
30.7094498832944,46.4152789042244
30.7003017507495,46.4725436134509
30.6851293015698,46.48259390457
30.7264867546051,46.3871197373241
30.6209443625276,46.4579971394627
30.7374629556461,46.4515002541725
30.7472524701776,46.4429271003625
30.7291431666384,46.490067751564
30.7287796302898,46.4902332773039
30.7419759997457,46.4738084460067
30.722412550812,46.486926360892
30.7068999354775,46.4017255846755
30.7028568919429,46.4011390478146
30.6774560879251,46.4980309790064
30.7309452682524,46.468732923048
30.6981335160986,46.4271193922041
30.7118492231955,46.4771873301316
30.7026595436393,46.4973220970335
30.7626949749305,46.453589117042
30.6951680981689,46.5054256615162
30.8111777403993,46.5780068992598
30.7216439311034,46.4738984056479
30.6902032303217,46.4621136926457
30.8013155185981,46.5994316874171
30.6171583911252,46.4749635278002
30.7111533107567,46.4809764302205
30.7345754383625,46.5272102882384
30.7038020864494,46.477491393719
30.7417968282596,46.4701974660074
30.702503742347,46.4238412628774
30.6409907954674,46.4504801118408
30.7091928111622,46.4433768985687
30.7263750970123,46.4275817847601
30.7168686214951,46.4019342910432
30.6393444951456,46.4443628562367
30.6740751998827,46.334183886034
30.6366828897359,46.4419231507663
30.7322488057312,46.4565901706737
30.7186447562271,46.4190949922057
30.7293171447481,46.4358742644894
30.6185424259383,46.4685619997297
30.6316141543604,46.4676048291469
30.6848280857381,46.3391856420868
30.7898121898516,46.5678954355847
30.6445170980493,46.4365489617987
30.6949707498654,46.4392963292421
30.7067882778847,46.3960023522999
30.752549714115,46.4701524861868
30.7374317953876,46.4550392664588
30.648079754266,46.3875839290729
30.7187823807019,46.4873671631341
30.6868119555264,46.4464121368641
30.7216621079209,46.4740297467241
30.6153355160056,46.4661672740799
30.7104885585763,46.4470994285231
30.6925973768464,46.4297588080781
30.6204743619625,46.4574861687004
30.7601865741249,46.4550536600014
30.7538298813999,46.4276807403655
30.6435537267254,46.4426680165957
30.7348169303655,46.5613499720882
30.7102470665733,46.4504945053834
30.6806422243522,46.3817599418991
30.7708901229044,46.5846009409626
30.6320062542793,46.444431225564
30.723287634737,46.3951855187575
30.6903642249904,46.3535252089002
30.7232512811021,46.4250395252987
30.7583922625754,46.4370365430542
30.6533744015153,46.3700939756234
30.7216101741568,46.470314413541
30.7057963429905,46.4742528466344
30.6450416290666,46.4401347530985
30.7564057960989,46.4399080548025
30.7045473359641,46.4724518546168
30.7421162209088,46.4579845451129
30.6974090400895,46.4839055161392
30.6353923356982,46.4472271712137
30.7283563701124,46.4719678717469
30.6432499142054,46.4406853061028
30.7472420834247,46.4345932391982
30.6378565928044,46.4382222111257
30.634641892807,46.4367630657449
30.689813727091,46.3471398735651
30.7512409832599,46.4006874504156
30.7142849167315,46.4781696894139
30.761139558696,46.4345518577632
30.6472254438467,46.388681436696
30.69477599825,46.4290463277195
30.6426526759184,46.4696828968595
30.7424174367405,46.462264824843
30.6980192618176,46.4571803059202
30.7502334682365,46.4418727733672
30.6810602911531,46.4687886980256
30.7224333243176,46.3857865354409
30.7106391664922,46.4775885501315
30.6440496941724,46.4554134985663
30.6445015179201,46.387520957324
30.8059687838608,46.582625427241
30.6376332776188,46.460303704664
30.6845710136058,46.3430197219964
30.707985351147,46.4313618888849
30.7279538834407,46.4291092994683
30.6849319532663,46.4822988369467
30.6409881987792,46.5329605085063
30.7458710320527,46.4378012000047
30.717273704855,46.426279169155
30.7684700094976,46.4330729212613
30.7179462471,46.4032099187559
30.6352728880408,46.4387061939956
30.7075387207758,46.3889423196556
30.6365270884436,46.4409731769548
30.6378981398157,46.4669481237659
30.7222307826377,46.5530520947804
30.7112701617259,46.4778584290552
30.7118492231955,46.4132566114894
30.7400077100866,46.4707210311194
30.7305947153448,46.4533966034098
30.724074431263,46.3928375721212
30.6975882115757,46.3828754414505
30.712223146297,46.4105632198307
30.748831256606,46.4341650313059
30.7238407293245,46.553282391462
30.708860435072,46.4777918589207
30.7606435912489,46.5684387918178
30.6963729614959,46.4708973520162
30.7548945235638,46.4630726624213
30.7525523108032,46.4321373409924
30.6421567084713,46.4451545010795
30.6864302423603,46.48108438179
30.7129683958117,46.3580141949979
30.7992797150457,46.5752199495743
30.7688880762986,46.4394186743542
30.678762222092,46.5246968158622
30.7057002655269,46.4736735065448
30.7690828279139,46.5557238961252
30.708860435072,46.3806966189397
30.6725898942296,46.4931389737159
30.695879590737,46.4432851397346
30.7417422978073,46.4622360377578
30.6095319178682,46.5131316043846
30.6718732082851,46.4600806047538
30.7050562868522,46.3894784791173
30.7080372849111,46.3963495965151
30.7257051514555,46.4680564265459
30.7535001019979,46.4561979466379
30.70563794501,46.4931263793661
30.6194486701217,46.4197930790217
30.6960899224816,46.4458723790166
30.7448790971585,46.4483192812583
30.6522084885114,46.5202258216927
30.6562593221107,46.4457500339045
30.7087539708556,46.3703980392108
30.7596204960962,46.459040671301
30.7103379506604,46.4608596552469
30.7119972344232,46.4105488262881
30.6587703196045,46.3890646647676
30.7281044913566,46.4491217212581
30.7223502302951,46.4967859375717
30.7247781337664,46.5019172355079
30.7087254072854,46.448198735339
30.6543767231623,46.3490146324885
30.7234901764169,46.3850902478178
30.6450260489374,46.4392045704081
30.8053481753799,46.5842752870613
30.7072271181913,46.4340804692431
30.750202307978,46.5484821450055
30.6463763268038,46.4403902384796
30.7266087989507,46.5045170691397
30.7407503629131,46.4604836239465
30.7011067240929,46.4770200051989
30.7004289884715,46.356504672218
30.7204494545293,46.4820883313862
30.75735878067,46.4266659956123
30.7002420269208,46.4364931868212
30.7714406208038,46.4455143396445
30.638664162836,46.4511692026927
30.7236226075154,46.503579689678
30.6925610232115,46.5500780290411
30.7298832227767,46.4791574462747
30.7975269505075,46.5763714329821
30.7509813144394,46.4549978850238
30.8090822130182,46.5668698956746
30.7125607157636,46.4727451230472
30.7035787712638,46.3867221157098
30.7373616848061,46.4515920130065
30.7141083419336,46.4257430096932
30.7258038256073,46.5382861192676
30.638448637715,46.4507212036794
30.7136097777983,46.4840638451078
30.6721484572348,46.4694220138999
30.7029607594711,46.428866408437
30.7066688302273,46.4062523538226
30.7666912780775,46.4303993207237
30.705713248968,46.3904302521216
30.7016961723154,46.4333248082567
30.724443160988,46.470560902958
30.7049082756245,46.4030983688008
30.7053523093075,46.5548242997128
30.6554231885088,46.3469419623544
30.6858771477727,46.4817878661845
30.7988356813627,46.577697438094
30.7174502796529,46.4746018900424
30.7121452456509,46.4704547505813
30.7166089526746,46.4483714578502
30.7419578229283,46.409060893822
30.6721095069118,46.4983674280646
30.7052770053496,46.5582751515507
30.6836232224111,46.4514660695088
30.7119037536478,46.4776605178445
30.6475422398077,46.3376293402934
30.8011155736063,46.576567545
30.726689296285,46.4974210526388
30.6834466476132,46.4667933931829
30.6933711899313,46.3376779184997
30.744720699178,46.4761204087865
30.7052432484029,46.3901585740051
30.6659267922965,46.5365085167567
30.7037942963847,46.3864594335574
30.7130073461348,46.4737526710291
30.7249858688228,46.4228139237745
30.6956069384755,46.4929248697698
30.7112935319197,46.4133177840454
30.7475744595149,46.444503193277
30.7162921567137,46.4421588450263
30.6217467391828,46.4227239641333
30.8139432133373,46.5906066466116
30.743666443767,46.472450055424
30.73718251332,46.4827756230453
30.6578848489268,46.3511070937437
30.7074452400005,46.3716808636948
30.7516928070075,46.3994657984876
30.7120387814345,46.5089322883316
30.7321968719671,46.3857577483557
30.7536636933548,46.4033358622536
30.8115984038885,46.5939963258935
30.702617996628,46.4412682445781
30.7107118737619,46.4725813965002
30.8074203325672,46.5778179840132
30.6462075420705,46.4435208339947
30.7296157638917,46.4689272358731
30.6750152010128,46.350374822264
30.7267412300491,46.4797781677992
30.7234096790826,46.4130730938212
30.6506686524061,46.4504621199126
30.6235306639794,46.445262452649
30.6902421806447,46.3363896964371
30.7070193831349,46.4731571382041
30.748844240047,46.3753098356224
30.6931037310463,46.457932368521
30.7014339068067,46.4253327937292
30.6360830547606,46.4406889044885
30.6183632544522,46.4658128330934
30.644260025917,46.5331422269816
30.7085020920998,46.3966464633312
30.7064377249771,46.4653774284298
30.7460164465921,46.4371372978524
30.6544572204966,46.3502326860309
30.7204260843354,46.4117542854807
30.7043785512308,46.4427615746226
30.642255382623,46.4096996072748
30.7370241153395,46.4349494793775
30.7325058778634,46.4351815752519
30.6193214323997,46.4843481175741
30.6366984698651,46.4993929679748
30.6722029876871,46.4727667133611
30.7459723028927,46.4655843356047
30.7139135903182,46.477685706544
30.8026190560768,46.5741620241933
30.7730739376845,46.5688040279612
30.7526795485252,46.4498989725584
30.7023609244958,46.3830337704191
30.6450520158194,46.3970926631517
30.7502750152478,46.5484335667992
30.7485767811619,46.429697635522
30.6185528126911,46.4682615345279
30.7247080231849,46.4174973089773
30.6480459973194,46.3841798562484
30.6513411946511,46.4514012985671
30.68132515335,46.3429693445973
30.7275851537156,46.4429342971338
30.742017546757,46.4623116038565
30.7582520414124,46.4577902322878
30.7555021486037,46.4656617008962
30.7101406023569,46.4879770895017
30.7087903244905,46.4171680566904
30.7282914529073,46.4290373317553
30.7060352383053,46.4445139884339
30.6173038056647,46.4755266751543
30.7229215017001,46.500643406988
30.7113766259423,46.4091076728355
30.7547205454541,46.4246904818907
30.7346117919974,46.4627793939909
30.7154897800584,46.4190464139995
30.674142713776,46.4460936797341
30.7373616848061,46.4181935966005
30.7061157356397,46.5119117516494
30.723744651861,46.411658928261
30.744136444332,46.4717537678008
30.6247537041238,46.4673079623308
30.7107378406439,46.4948086246573
30.7066091063986,46.3931128486234
30.6812186891336,46.4901739039407
30.8084745879783,46.5933504156694
30.6896968761218,46.3459110248658
30.6431096930424,46.441905158838
30.745608766544,46.4473189300477
30.6834051006019,46.4565110061894
30.6369659287502,46.4397335330985
30.7019921947707,46.4726911472625
30.7772390255647,46.5732948132518
30.6834855979363,46.445098726102
30.6894631741834,46.4286774931904
30.7317943852953,46.4182565683494
30.7069207089831,46.4717627637649
30.6443820702626,46.4374449598254
30.7213816655948,46.5529711311033
30.7572341396362,46.4283806263743
30.6435277598433,46.4450141640392
30.6984347319304,46.3431258743731
30.7054717569649,46.4438716765955
30.6164235283633,46.4879501016093
30.7039942413765,46.380487912572
30.7040202082585,46.3820334192085
30.6261377389369,46.4349800656555
30.7445025773688,46.3781237732003
30.6846956546396,46.3327067487249
30.7539155721107,46.5519761774712
30.69114582814,46.4800426491445
30.708315130549,46.4477093548907
30.7283485800478,46.4905373408913
30.6112093784484,46.4852207260941
30.7621600571604,46.4557301565035
30.6151875047779,46.4762157660062
30.7057236357208,46.5017858944317
30.7536039695261,46.455857899194
30.7206753664031,46.5564921514613
30.712996959382,46.4881821974837
30.6351041033075,46.4435838057435
30.6429642785029,46.4369915632336
30.7130670699635,46.3896314105074
30.7228591811832,46.5017715008891
30.7545491640326,46.4679988523755
30.7210129358697,46.410262754629
30.7097069554267,46.3657705152655
30.6395911805251,46.3870243801044
30.7270450425691,46.4921062370345
30.6205366824795,46.4242226917563
30.7584519864042,46.4108366971401
30.7084579484003,46.479585654167
30.7213738755301,46.4972807155985
30.6864198556075,46.4458058088821
30.7165933725454,46.4915268969449
30.6834907913127,46.4449871761468
30.6259923243974,46.5232898470732
30.741090529068,46.4589848963235
30.7556164028847,46.4083556102347
30.7047602643969,46.3860420208221
30.7504256231636,46.4571119365929
30.6872300223274,46.4789685310281
30.6835946588409,46.4486539311237
30.6988761689252,46.4438878693309
30.794740704064,46.5702559765708
30.7097173421795,46.3895252581308
30.7146432597037,46.4183339336408
30.7547672858418,46.4674375042142
30.6933685932431,46.4045665101458
30.6417438350467,46.4369213947134
30.7130203295758,46.4399386410806
30.6955134577002,46.3628666180463
30.6972558354855,46.4364032271799
30.660577614595,46.4854870066322
30.7171646439504,46.4257106242224
30.6908627891257,46.3494986153583
30.649500142714,46.3628072446831
30.7066818136683,46.4749977124638
30.7053393258665,46.4658919975777
30.7473199840709,46.445786017761
30.6503518564451,46.3905274085342
30.7064662885473,46.4232745171376
30.710789774408,46.3908908454848
30.6477214112938,46.3844929157999
30.6943163844378,46.3674167767001
30.6480174337491,46.4470256616173
30.7052172815209,46.512214016044
30.7019714212651,46.3661537433372
30.765746083571,46.5548063077846
30.7571484489254,46.4254551388412
30.7118024828078,46.4411207107664
30.7469330775284,46.4735565590112
30.7302701293192,46.4808828721936
30.7113532557484,46.4601219861887
30.7025167257881,46.3491243832508
30.7634220476278,46.4702298514782
30.7390053884396,46.4696217243035
30.7215530470163,46.4119342047632
30.6859109047194,46.4821710942562
30.6810602911531,46.4519014741724
30.692605166911,46.3514993177795
30.7142875134197,46.4428695261921
30.6972350619798,46.4273137050292
30.7545855176675,46.4084977464679
30.7358893625941,46.4729754197288
30.6840309024593,46.4851793446592
30.6803046548856,46.337427830697
30.6967287077799,46.3830301720334
30.6807512852568,46.3265786979637
30.6401754353711,46.4399080548025
30.6578692687975,46.5186641223208
30.7115298305464,46.4444294263712
30.7405634013624,46.4763650990107
30.737208480202,46.4665792892368
30.7970751267599,46.5712869140593
30.758716848601,46.5521830846461
30.6848670360611,46.4823258248391
30.7020960622989,46.3620353909613
30.6447300264821,46.4510684478945
30.7217452019434,46.5072104607983
30.7130255229522,46.4735673541682
30.7179851974231,46.3981865723892
30.6164261250515,46.4701506869939
30.7612174593421,46.43155620171
30.7326227288326,46.4275511984821
30.6881856035867,46.4645983779367
30.7096939719857,46.4867878230445
30.6450416290666,46.4428461366854
30.6374099624332,46.4171644583048
30.6546493754238,46.5369115359495
30.6192513218182,46.4655789380262
30.7146224861981,46.3848959349927
30.7127243071205,46.4115833621623
30.6601154040945,46.4493862026034
30.7059105972715,46.4707696093257
30.7484807036983,46.4794255260056
30.7154248628533,46.4197966774074
30.7365021810104,46.4665451045731
30.6434706327028,46.4533588203604
30.7324799109814,46.480150600714
30.6816315625582,46.3337808668412
30.7651722154778,46.4363042715745
30.623652708325,46.4435820065507
30.7145549723048,46.4310146446698
30.7027504277265,46.4785673110282
30.6259819376446,46.5231603051898
30.6783831056142,46.3403569166157
30.7473381608883,46.3922978142737
30.7027400409737,46.4799454927319
30.808204532405,46.5833936825772
30.6605282775191,46.3585143706032
30.6726600048111,46.5426995392667
30.6413335583104,46.4978492605311
30.7116622616448,46.3830481639616
30.7186966899912,46.4681499845728
30.7424330168698,46.4392351566861
30.6959289278129,46.4307105810824
30.6105965600321,46.509061830215
30.7567303821245,46.5515065881439
30.6150602670559,46.4881732015196
30.745393241423,46.3778610910479
30.7058820337013,46.470837978653
30.7137214353911,46.4783298175753
30.7233966956416,46.4860573507576
30.6731871325167,46.48346651309
30.6464178738151,46.4388159447579
30.7251364767387,46.4726299747065
30.7070141897585,46.4034060307738
30.7250455926515,46.3947375197441
30.7686258107899,46.5561215177394
30.7095667342637,46.4796918065436
30.6411465967597,46.4529342108538
30.7229007281945,46.4865233416993
30.6342523895764,46.4049821236883
30.6447767668698,46.4409389922911
30.7471849562842,46.4514570735447
30.6666330914882,46.518815254518
30.641455602656,46.4448054576715
30.7024492118947,46.3796638822583
30.7287848236662,46.4913649695907
30.7069934162529,46.369933847462
30.6889230630368,46.375590509703
30.7242432159963,46.393568044408
30.6388874780216,46.4540281200913
30.7095173971878,46.3896494024357
30.691299032744,46.4759728749749
30.7285121714047,46.4881372176631
30.6227308840124,46.4469410995545
30.734861074065,46.4813650558707
30.6910938943759,46.3349809284554
30.7093667892719,46.3900344297002
30.7240458676927,46.4752154147956
30.7736348223367,46.5800363887662
30.702592029746,46.4328300302299
30.7045784962225,46.4427741689724
30.7146796133386,46.419060807542
30.7124854118057,46.4823456159602
30.7607448620888,46.4765288255577
30.6822833312975,46.3808621446796
30.7924348449382,46.5693761712795
30.6145201559093,46.4886535860038
30.8075267967836,46.5831885745951
30.704723910762,46.5138296912006
30.8093730420971,46.5837535211421
30.7268165340071,46.477029001163
30.7264114506471,46.4161479143588
30.7096394415334,46.4795406743464
30.7289717852169,46.4716782017022
30.7949718093142,46.5688903892168
30.7317943852953,46.3880769079069
30.6983802014781,46.3680950723951
30.7098705467836,46.4505844650247
30.7013819730426,46.3773968992991
30.6973077692496,46.4363582473593
30.6960691489759,46.3631221034274
30.7107222605147,46.4726821512984
30.6856616226518,46.4630420761433
30.6544416403674,46.4752747881589
30.7008496519607,46.3487447535648
30.640237755888,46.4414805493314
30.7606383978725,46.4329955559698
30.6333773056514,46.4431951800934
30.6845164831535,46.3412025372434
30.6945968267639,46.43242881023
30.7070063996939,46.4023103223435
30.6951109710284,46.4319016467324
30.7186239827214,46.500807133535
30.7256038806155,46.4229254737296
30.7426797022492,46.4706274730925
30.6436446108125,46.4470976293303
30.7113896093833,46.4096474306829
30.7220386277105,46.4989323746116
30.6731351987526,46.5122122168512
30.7508177230825,46.4273766767781
30.7219451469352,46.41004685149
30.7345416814159,46.4372866308569
30.7287718402251,46.4308509181227
30.6492274904525,46.3639335393914
30.7429809180809,46.4737706629574
30.702350537743,46.4785673110282
30.7539571191219,46.4644652376677
30.7305064279458,46.4897205073489
30.6547013091879,46.4069882236879
30.6561606479589,46.5379460718237
30.7361126777797,46.3860420208221
30.7433470511178,46.3822511215403
30.6498169386749,46.3649572801087
30.7072297148795,46.4022419530162
30.711436349771,46.4704835376665
30.6170077832094,46.4857065081568
30.7579612123335,46.4264608876303
30.7232902314252,46.3851118381316
30.6568279968275,46.3672998291665
30.7288860945062,46.3869758018981
30.72911200638,46.4623817723766
30.6539690431142,46.4749563310289
30.6467710234109,46.5393746309266
30.7376940608963,46.4194044533716
30.7511708726784,46.4273119058364
30.7106235863629,46.4757659678
30.722667026256,46.4877935718335
30.6243434273875,46.4689290350659
30.7564395530456,46.4340516821579
30.6429512950619,46.4007378278147
30.7047576677087,46.4976747388271
30.7097926461375,46.4762607458268
30.709317452196,46.4203526279902
30.8053196118097,46.5854951397965
30.7455646228445,46.4506672278946
30.7862495336348,46.5725391522654
30.7278707894181,46.3869218261134
30.7543985561167,46.4342441957902
30.6503310829395,46.3650634324853
30.7130255229522,46.4886050077975
30.6388589144514,46.4543609707638
30.6562593221107,46.390066815171
30.7584182294575,46.4579143765927
30.7237005081615,46.4785007408937
30.7338535590416,46.4889216657347
30.614109879173,46.4736663097735
30.7374266020112,46.5508246940634
30.6984632955006,46.4451365091513
30.6405649386018,46.4442189208107
30.7216491244798,46.494031373357
30.6378851563746,46.4442836917524
30.6871832819397,46.4656005283401
30.730470074311,46.468979412465
30.8138938762614,46.5789496763
30.7324773142932,46.4839127129105
30.7263569201948,46.496238982953
30.7339522331934,46.4721837748859
30.7379225694583,46.5516343308345
30.7136383413685,46.4716152299533
30.7312335006431,46.45187448628
30.6435277598433,46.4372902292425
30.7284238840057,46.5107746617842
30.7220256442695,46.5072194567625
30.7056431383864,46.4326069303197
30.768981557074,46.4368188407224
30.7104625916943,46.4488176576708
30.8031877307936,46.574966263386
30.70335285939,46.3814378863835
30.6145902664908,46.4560522120191
30.7009119724776,46.3487339584078
30.7207714438667,46.4699329846621
30.7102626467025,46.4496075033208
30.6344549312563,46.4381358498702
30.7130540865225,46.4703629917473
30.7017558961441,46.4340930635929
30.6172414851478,46.4657192750666
30.7103145804666,46.4513167365043
30.7514357348752,46.4650085939008
30.7313555449888,46.4708325810745
30.6590196016722,46.3887228181309
30.7434249517639,46.3851280308671
30.6917820167501,46.4751632382037
30.7391430129145,46.3736725701518
30.7037008156094,46.4246311085275
30.6249640358684,46.434359344131
30.7117739192376,46.4976693412486
30.6924519623069,46.4828925705789
30.6948071585085,46.4049695293385
30.6445872086308,46.4421102668201
30.6446391423949,46.3902341401037
30.6438523458689,46.4404891940849
30.809523650013,46.5841709338775
30.6937373229682,46.4510792430515
30.7479016422287,46.4769102544366
30.6391004064544,46.4623170014349
30.7453646778528,46.4746486690558
30.6277295088063,46.4690117979359
30.7225579653515,46.4709027495947
30.7003225242551,46.4269070874508
30.7343391397359,46.4631734172195
30.6784895698306,46.3392324211003
30.7751954319477,46.576259883027
30.6164027548577,46.4674015203577
30.6943241745024,46.4904797667209
30.6658047479509,46.3265013326723
30.7247521668844,46.4437961104968
30.7643153083702,46.473846229056
30.6468203604868,46.4337188314854
30.6836206257229,46.4897510936269
30.7129138653594,46.4447766705863
30.7540246330152,46.4493340260115
30.615441980222,46.4961526216974
30.723643381021,46.4637491589234
30.742549867839,46.4539165701361
30.6879077579488,46.4894470300395
30.7109897193998,46.4710484842135
30.6933322396083,46.3945971827038
30.7103093870902,46.4515038525581
30.723555093622,46.461350834888
30.7136019877337,46.4199783958827
30.7494129147638,46.430714179468
30.793509873855,46.5702721693062
30.6450727893251,46.4428785221562
30.7118024828078,46.4838749298612
30.6400689711547,46.4426212375823
30.7389794215576,46.4561799547097
30.6637014305051,46.3616431669255
30.704038385076,46.3614704444143
30.6930907476052,46.4579287701353
30.6558386586215,46.3793418267426
30.6891749417926,46.4493610139038
30.6443119596811,46.4400789781209
30.7305038312576,46.5292505729017
30.7430120783394,46.4497424427827
30.7065545759463,46.4606689408075
30.6607619794575,46.4423441618873
30.7211843172912,46.4119575942699
30.6745685706416,46.3262818311476
30.8093029315156,46.5962435177316
30.6114093234402,46.4867644335378
30.6450883694543,46.4434398703175
30.6837322833157,46.4666890399991
30.7113688358777,46.4595930234982
30.7199197301355,46.4121860917586
30.7335419564571,46.5289788947851
30.7648917731517,46.4764010828672
30.6390848263252,46.4530817446654
30.6863263748321,46.4816241396374
30.6948564955844,46.3757848225281
30.7254662561406,46.4187999245825
30.6861705735399,46.3417890741042
30.7626586212957,46.4504513247556
30.6630055180663,46.4716871976663
30.6653788910853,46.4714101219713
30.690156489934,46.4954401413388
30.739340361218,46.4564840182971
30.709532977317,46.3693976880002
30.7030983839459,46.3807523939173
30.7063650177073,46.3867868866515
30.6959107509955,46.4393395098699
30.6553193209806,46.3899138837809
30.7501555675903,46.4626624464573
30.753907782046,46.4539921362348
30.721321941766,46.4524196417059
30.6443638934452,46.4433750993759
30.7496154564438,46.4263943174958
30.7375798066153,46.4379973120227
30.7260089639754,46.4896125557794
30.7211583504092,46.3900128393863
30.7612486196006,46.4758523290556
30.6216195014608,46.512008908062
30.6470021286611,46.3383562141946
30.7509735243748,46.4276393589305
30.7052977788552,46.4047806140919
30.6969260560835,46.4705285174871
30.7091616509037,46.4886625819679
30.7550165679094,46.4289869543562
30.7050874471107,46.512573854609
30.6419359899739,46.4429504898692
30.7109066253772,46.3636420701538
30.644818313881,46.4509515003609
30.6922208570567,46.4878817322819
30.6412920112991,46.4520274176701
30.7376992542727,46.5517134953188
30.7240406743163,46.5044702901262
30.6763706722556,46.3256323225379
30.6730339279126,46.512183429766
30.6997694296676,46.4350196478977
30.7408646171941,46.437788605655
30.7222229925731,46.4238772467339
30.7173567988776,46.4742438506703
30.6357299051648,46.4508759342623
30.7174191193945,46.4038126483522
30.6112639089007,46.4867860238517
30.72363039758,46.5532536043768
30.7116830351504,46.4759009072619
30.6153303226292,46.4844398764082
30.7054769503413,46.5142614974786
30.706487062053,46.5134482623218
30.7187538171317,46.4874949058246
30.6337745989467,46.4776533210732
30.73015327835,46.4358400798258
30.6597259008638,46.4920846467206
30.8039511571258,46.5739317275117
30.6361505686539,46.4382150143544
30.7330304088808,46.4866564819683
30.6902240038273,46.4797079992791
30.6520604772838,46.3719057627979
30.6717329871221,46.4907892278868
30.7066532500981,46.4110184156154
30.6357610654232,46.4389364906772
30.6266440931368,46.5235327381046
30.7231785738324,46.3892229937362
30.7259232732647,46.4722359514778
30.7073543559133,46.4649024415241
30.6712655832453,46.5336172138874
30.7126723733564,46.4730599817916
30.7570809350321,46.4477975153391
30.7819727881618,46.5753081100227
30.6234605533979,46.5093101188248
30.6413205748694,46.4448684294204
30.7360737274566,46.47195707659
30.6421359349656,46.5355999243802
30.6696426531174,46.5217803242933
30.6377942722875,46.4683442973979
30.6508556139568,46.3492683186768
30.7329940552459,46.4715486598188
30.7087435841028,46.391401816247
30.737766768166,46.4695677485187
30.6462802493402,46.4478119088817
30.7383588130767,46.4505322884328
30.739098869215,46.4687203286983
30.6734779615956,46.4820721386508
30.6169480593807,46.4762679425981
30.7153287853897,46.4657336686092
30.6150576703677,46.4904671723711
30.680982390507,46.4909583520123
30.6163638045346,46.4875776686946
30.7629312735572,46.4339887104091
30.6728729332439,46.4739092008049
30.6667681192748,46.3496119645063
30.7009976631883,46.4726587617916
30.6736675198345,46.519698658195
30.7328122870716,46.4713669413435
30.6986424669867,46.3635593072839
30.7000680488111,46.4911580624158
30.7240510610691,46.4770200051989
30.6164027548577,46.4950101342536
30.7673897872045,46.4334489525617
30.7016883822508,46.4342999707678
30.6864302423603,46.4792294139877
30.6947708048736,46.439215365565
30.7970569499425,46.5742303935207
30.7522822552299,46.4663130086987
30.7711809519833,46.5571578528065
30.7631883456894,46.429082311576
30.7904951188494,46.5774581454483
30.6578718654857,46.4415237299592
30.6350417827906,46.4442782941739
30.7583299420585,46.4371354986596
30.6429512950619,46.4448450399137
30.7456529102435,46.4596487984758
30.70967319848,46.4746900504908
30.6648361832506,46.3364922504282
30.7180656947574,46.382634349612
30.748857223488,46.4374467590183
30.8058285626978,46.5798240840128
30.7481535209846,46.433126897046
30.6958380437257,46.4555556347995
30.7535156821271,46.4532238808986
30.7939616976026,46.5652290318184
30.6920261054413,46.4785727086066
30.7358789758412,46.4659729612548
30.7295300731809,46.4534199929165
30.7367982034657,46.4838443435832
30.6836310124757,46.3425591286332
30.6822755412329,46.5444177684144
30.6892658258798,46.4601165886102
30.6471813001472,46.4311225962392
30.7196600613151,46.479513686454
30.7485092672686,46.4530259696879
30.7322695792368,46.481300284929
30.7072764552672,46.4283302489752
30.6363712871513,46.4385730537266
30.6459764368203,46.4427957592863
30.7391975433668,46.485098380982
30.7463228558003,46.4701452894155
30.7428718571763,46.4693518453797
30.7283849336827,46.5102708877933
30.7221684621208,46.5531618455427
30.7286212323093,46.5138998597208
30.752866510076,46.46393807417
30.7306025054094,46.4838245524621
30.7091382807099,46.4021609893391
30.8111387900762,46.5782461919055
30.7936111446949,46.5661394233877
30.7065519792581,46.4522883006297
30.6812446560157,46.4760340475309
30.6897072628746,46.4933044994558
30.6902058270099,46.3413158863913
30.7030334667408,46.4002448489807
30.7074712068825,46.4646847391923
30.7087643576084,46.4787256399967
30.6653217639448,46.5184518175674
30.7123270138252,46.4330567285259
30.6810810646588,46.4566027650235
30.7618043108763,46.4145016529241
30.6580925839831,46.4293971703203
30.7168919916889,46.4806255876197
30.6202899971,46.4672126051111
30.7015247908939,46.3673592025297
30.7390832890858,46.4379991112155
30.7628222126526,46.467336749416
30.7151444205272,46.4803089296825
30.7477172773662,46.3902377384894
30.715040552999,46.4697818524649
30.6735091218541,46.3868462600147
30.6363115633226,46.4668617625103
30.744338986012,46.4752819849302
30.6165196058269,46.4786788609833
30.709203197915,46.4032782880832
30.7940421949369,46.5738039848212
30.6996785455804,46.4991716672573
30.7137863525962,46.4477201500477
30.7039267274832,46.3847088189389
30.6834154873548,46.380343977146
30.7465228007921,46.4501544579396
30.7599866291331,46.4812912889649
30.723085093057,46.3879293740952
30.709787452761,46.4678261298643
30.615924964228,46.4886913690531
30.6443535066924,46.3879437676378
30.7018961173072,46.459287160718
30.6336733281067,46.3970710728378
30.7194003924946,46.4755482654682
30.7309063179294,46.4389184987489
30.6377579186526,46.4131558566912
30.7044460651241,46.3888487616287
30.7141187286864,46.4193864614433
30.7038306500196,46.3888991390278
30.6948461088316,46.4392189639507
30.6947604181208,46.4904131965864
30.6463036195341,46.530438040166
30.6673004403568,46.4929950382899
30.6993279926728,46.4590964462786
30.7531131954554,46.410005470055
30.6318426629224,46.3821521659349
30.6411024530602,46.4450321559675
30.7107664042142,46.4455845081647
30.7601398337372,46.4572882574897
30.649513126155,46.5245276917367
30.7008937956602,46.4371678841304
30.7481015872205,46.4521569595535
30.7429549511989,46.4730203995494
30.6448079271282,46.4474106888818
30.7043110373375,46.3634477573287
30.6438861028156,46.4467090036801
30.7398441187297,46.4961796095897
30.7180968550159,46.4681751732723
30.7523913161345,46.4321733248489
30.7459956730865,46.4554872654721
30.6642882820394,46.5205676683294
30.7582156877775,46.4549798930956
30.6781597904286,46.3528792986761
30.8080746979948,46.5724869756735
30.6835219515711,46.3868084769654
30.7057236357208,46.4737382774865
30.6703593390618,46.5141355539809
30.6914392539071,46.3420769449562
30.6131828614839,46.4916438444785
30.6544805906905,46.5188746278813
30.6383473668751,46.4683011167701
30.6919767683654,46.4279758079887
30.7982696033341,46.5760241887669
30.7395636764036,46.4574142009875
30.7440637370623,46.4737040928228
30.6389627819796,46.4536035105846
30.6408557676807,46.4429828753401
30.717286688296,46.3843759682663
30.7018389901667,46.4237800903214
30.7201326585683,46.4514066961456
30.7643049216174,46.4739415862757
30.7269229982235,46.4669589189228
30.7162558030788,46.4371696833233
30.7272839378839,46.4187351536408
30.7396649472436,46.3817005685359
30.662062920248,46.3718355942777
30.7224437110705,46.4756706105803
30.7399973233338,46.4583066006285
30.7226202858684,46.4168172140896
30.7140200545346,46.474062132195
30.6337642121939,46.4442135232322
30.647025498855,46.4951774591864
30.7061287190807,46.5134320695864
30.6859446616661,46.4868759834929
30.6195369575207,46.4153526711302
30.6421047747072,46.4442477078959
30.6959185410601,46.3639659248622
30.7011223042222,46.4656599017033
30.64191261978,46.4686807464561
30.7073309857195,46.3993272606401
30.7525159571684,46.463948869327
30.6803565886497,46.4862246756903
30.6857083630394,46.4823222264534
30.6326216693838,46.4675814396402
30.634958688768,46.4556294017053
30.6932958859734,46.3376185451365
30.625631384737,46.4663723820619
30.736725496196,46.4624645352466
30.6311078001605,46.4557949274452
30.6898033403382,46.3534370484517
30.6971415812045,46.4309120906787
30.7281434416796,46.3896062218079
30.7406490920732,46.4711672309399
30.7500542967504,46.5487178392656
30.7484105931168,46.4638211266364
30.7432925206655,46.4175171000984
30.7457801479655,46.4370743261035
30.7461203141203,46.3942265489819
30.7287147130846,46.4310560261047
30.7285043813401,46.3872294880864
30.7583766824462,46.437079723682
30.7081125888691,46.559493205093
30.7059391608418,46.3887498060233
30.6402637227701,46.4533390292394
30.7318203521774,46.4421768369546
30.6525356712252,46.4962119950606
30.7449154507934,46.4707570149759
30.6924961060064,46.4097427879026
30.6421203548364,46.4456780661915
30.7738737176515,46.5798186864344
30.6321205085603,46.442891116506
30.6929141728073,46.5005282586472
30.6358493528222,46.4398450830537
30.7229318884529,46.463209401076
30.7456269433615,46.4127258496061
30.7145757458104,46.418055058753
30.6414841662263,46.4522631119302
30.7271437167208,46.442963084219
30.6958172702201,46.4057719693384
30.634628909366,46.4368944068211
30.7425576579036,46.4723978788321
30.7021713662568,46.4239780015321
30.7100211546995,46.4207160649408
30.6652386699223,46.4869479512059
30.7248534377244,46.463034879372
30.6412556576643,46.450622248074
30.7086708768331,46.376956097057
30.7926451766828,46.5670552125355
30.7241757021029,46.4127042592922
30.7514798785747,46.4688858544381
30.7465747345561,46.387592925037
30.7218568595362,46.4713237607157
30.7599398887454,46.4513329292398
30.7067363441206,46.3967256278155
30.6670771251712,46.4818598338975
30.6151044107554,46.4684630441243
30.6899903018889,46.4419609338156
30.7280317840868,46.4931317769446
30.693976218283,46.4059824748989
30.7264659810994,46.3845199036923
30.6467450565289,46.4455269339943
30.7637648104708,46.4319394297817
30.6452909111343,46.4415201315735
30.6537223577347,46.5369655117342
30.7226800096971,46.4129255600096
30.7373746682471,46.5301177838432
30.7241575252855,46.4998895451944
30.6543845132269,46.5343854692235
30.712882705101,46.3944586448563
30.8134108922553,46.5817888025775
30.7604332595043,46.5933198293914
30.7381926250316,46.4200593595598
30.6658540850268,46.4977503049258
30.7114077862007,46.4975487953294
30.8159011162436,46.5827099893038
30.7563097186353,46.4406079408114
30.641658144336,46.4546722311225
30.7067389408088,46.5129858697658
30.7231655903913,46.4780815289655
30.8097417718222,46.5772980172869
30.6441665451417,46.4532472704053
30.7378290886829,46.4383391586594
30.7324123970881,46.4832416139869
30.6523746765565,46.3508138253132
30.7549334738869,46.4656617008962
30.7111896643916,46.3815098540965
30.7011768346745,46.49259381829
30.7409165509582,46.4755644582036
30.7112623716613,46.3941653764258
30.7506800986077,46.4389059043991
30.7215452569516,46.4738840121053
30.7269204015352,46.3869686051268
30.7559020385872,46.4406691133674
30.6850124506006,46.3327175438818
30.7575067918977,46.4428263455643
30.7478730786585,46.4622144474439
30.7382004150962,46.4700409362316
30.7418695355293,46.4580331233192
30.7217062516203,46.41242898279
30.6313570822282,46.4809728318349
30.813901666326,46.5812112616807
30.6943267711906,46.5070755213365
30.7622483445593,46.4379883160585
30.7324487507229,46.4621838611659
30.6440029537848,46.4428767229634
30.7155469071989,46.4743949828675
30.7158507197189,46.469431009864
30.7409113575818,46.4810753858259
30.6236163546902,46.4156387427894
30.7052484417793,46.3877080733778
30.7295352665573,46.3867167181313
30.7447232958662,46.4011876260209
30.7114934769115,46.4413420114839
30.7451439593554,46.4757659678
30.7049913696471,46.4453398179405
30.7117998861196,46.4465848593752
30.6647427024752,46.4862156797262
30.6174180599457,46.4742996256478
30.7394364386816,46.4667682044834
30.7228098441073,46.4170942897846
30.7022934106025,46.4326159262838
30.7071647976744,46.4484164376708
30.7228539878068,46.3910977526596
30.6713616607088,46.5335506437528
30.7240199008107,46.3912093026148
30.7073725327307,46.4037730661101
30.6545922482833,46.5363124047388
30.716042874646,46.3939404773228
30.7961065620596,46.5699537121762
30.7440689304387,46.3890124881757
30.6125960099497,46.4670488785641
30.7418487620237,46.4666980359632
30.7300234439398,46.432860616508
30.6837011230573,46.4514030977599
30.750773579383,46.4508795326479
30.7291561500794,46.4621190902242
30.8020945250595,46.5748511150452
30.707299825461,46.3723501634256
30.7169646989587,46.4860411580222
30.6120065617272,46.4982702716521
30.6111600413725,46.4738318355134
30.7059235807125,46.5139610322768
30.8091860805464,46.57839552491
30.7273774186593,46.4634378985648
30.7611291719431,46.4535243461003
30.6162054065541,46.4894812147032
30.7112182279618,46.4167074633273
30.6215052471798,46.4543393804499
30.6469164379504,46.4461476555188
30.7578443613643,46.4255450984825
30.7198054758545,46.3989962091603
30.6465295314079,46.3633955807368
30.7556917068426,46.429184865567
30.7506800986077,46.4221032426087
30.7053341324901,46.4657174758737
30.7174424895883,46.3989080487119
30.635148247007,46.3784422303303
30.705928774089,46.5124874933534
30.6620862904419,46.4952476277065
30.6986658371806,46.3739460474612
30.7100860719046,46.4427795665509
30.6169506560689,46.4877773790981
30.7556501598314,46.4687563125547
30.6978478803961,46.4853340752421
30.7242510060609,46.3941563804617
30.6505595915015,46.5260552064449
30.7079749643942,46.5129696770304
30.6624186665321,46.3515065145508
30.6330059792381,46.4430764333669
30.7171776273914,46.4759027064547
30.8081941456522,46.5782012120849
30.7516668401254,46.450652834352
30.6392432243057,46.3933125590269
30.7477250674308,46.4456996565054
30.6853266498734,46.3325250302496
30.7119972344232,46.446802561707
30.6336084109016,46.4426518238603
30.7496881637135,46.3884565375929
30.6862147172394,46.4814802042115
30.803813532651,46.575068817377
30.759121931961,46.4357051403639
30.7077334723912,46.493640948514
30.727006092246,46.4280585708587
30.7116025378161,46.3814612758902
30.6378669795572,46.3946061786679
30.7163570739188,46.4628117794617
30.7411138992618,46.4334183662836
30.7577041402012,46.4634037139011
30.8066906631817,46.5907289917237
30.7139006068772,46.3880679119427
30.6794010073904,46.4684198634965
30.8055507170599,46.5775571010536
30.721207687485,46.4104300795617
30.684129576611,46.47608442493
30.8091367434705,46.5790486319054
30.7472446801129,46.4493520179397
30.6901383131166,46.3507490543716
30.6449377615384,46.4423891417079
30.7375330662276,46.4697548645725
30.6437978154166,46.4737256831367
30.7444168866581,46.4568456560548
30.7386859957905,46.4712823792807
30.7039812579355,46.382942011585
30.7135916009808,46.448517192469
30.6940541189292,46.4745119304012
30.7647151983537,46.4299207354323
30.7052536351558,46.4221698127432
30.7394000850467,46.4795532686961
30.7218153125249,46.4938712451956
30.695220031933,46.4393161203632
30.7231759771442,46.4171428679909
30.7096056845867,46.4004715472766
30.8042653563986,46.5746496054488
30.7109585591413,46.4053689501456
30.6864432258014,46.4900641531784
30.6886945544748,46.4665684940798
30.6503752266389,46.390324099745
30.7299091896588,46.3681670401081
30.6459582600029,46.4223641255683
30.6842516209566,46.4897708847479
30.6912678724856,46.4592691687898
30.7219970806993,46.4774680042122
30.7411995899725,46.4503793570426
30.7187719939491,46.4874571227753
30.7801161560954,46.5743581362112
30.6939398646481,46.4504459271772
30.69787125059,46.4335137235033
30.6453012978871,46.5257853275212
30.7097329223087,46.4408796189279
30.7461021373029,46.4478514911239
30.7042513135088,46.5143586538911
30.7403245060476,46.4322165054767
30.652621361936,46.4135120968705
30.6864484191778,46.4653108582953
30.6144188850693,46.4987812424143
30.6551245693652,46.3926918375024
30.7180553080046,46.491782382326
30.6157328093009,46.4800408499516
30.7006133533341,46.3775426339179
30.6876532825047,46.3380935320422
30.7158169627722,46.4800102636736
30.6828026689385,46.3777531394784
30.7505294906918,46.3889243277273
30.6495780433601,46.3471992469283
30.6773054800092,46.3240580288162
30.7334173154232,46.4829195584713
30.8010999934771,46.5714200543284
30.7057807628613,46.5135400211559
30.795909213756,46.5674132519076
30.7528145763119,46.4342639869113
30.7468707570115,46.4454855525593
30.752562697556,46.4672216010752
30.6442989762401,46.3499484135645
30.7078529200486,46.4081972812661
30.7076763452507,46.404861577769
30.7033191024433,46.3643815384048
30.7112052445208,46.474790805289
30.7041448492924,46.4266498028769
30.7412359436074,46.4636502033181
30.7153235920133,46.4688732600884
30.7249521118761,46.4806597722834
30.7090967336986,46.3768265551736
30.6944410254716,46.4875866646587
30.7454140149287,46.401124654272
30.804080991536,46.5753854753142
30.7112727584141,46.4794453171266
30.7274838828757,46.4809170568573
30.7404880974045,46.471156435783
30.7048641319251,46.4213385856582
30.7454192083051,46.4321841200059
30.7497426941658,46.3888829462923
30.6484147270444,46.3921520796549
30.7984955152079,46.5784710910086
30.6418658793923,46.452901825383
30.7499582192868,46.4439976200932
30.8080617145538,46.5829402859853
30.7384990342397,46.4375133291528
30.7056898787741,46.3917760483546
30.7360477605745,46.4812337147945
30.7277695185782,46.4296634508584
30.7510150713861,46.4500213176705
30.7199872440289,46.5161470515589
30.7104807685117,46.4301456345354
30.6953057226438,46.4297264226072
30.6949551697362,46.4303885255667
30.7023115874199,46.404440566648
30.6967209177153,46.4767681182034
30.6814056506844,46.378075194994
30.690029252212,46.4716961936304
30.7455412526507,46.4556312008981
30.6118741306288,46.5002763716517
30.7107560174614,46.4757911564996
30.7058742436367,46.4028410842268
30.6938723507548,46.4593825179377
30.7412619104895,46.4809494423281
30.6390458760021,46.4465578714829
30.7263569201948,46.4163854078116
30.7946212564066,46.5736870372876
30.640097534725,46.4444276271783
30.7250455926515,46.4506996133655
30.7264062572707,46.4184868650309
30.720166415515,46.4840710418791
30.744136444332,46.455098639822
30.6882453274154,46.451977040271
30.7434249517639,46.4693320542587
30.8105103915307,46.5961283693908
30.7566576748548,46.4513491219752
30.6411336133186,46.5355117639318
30.7105456857168,46.4096006516695
30.6881180896934,46.3471758574216
30.6990942907344,46.3760043240527
30.7318878660707,46.5290202762201
30.7296936645378,46.5136623662679
30.7281590218089,46.4231287825188
30.7360633407038,46.4715000816125
30.6620421467424,46.4475996041284
30.7628300027172,46.5949301069695
30.7606020442376,46.4806399811623
30.7054613702121,46.3902683247674
30.8070957465416,46.5916519776428
30.6586768388292,46.5247058118263
30.6829480834779,46.3777693322138
30.6124635788512,46.4670200914789
30.6464957744612,46.4437457330978
30.7022674437204,46.3518375660305
30.8045068484016,46.559288097111
30.7584130360811,46.4439256523802
30.6363401268929,46.4383193675383
30.7067389408088,46.5207745755042
30.6808187991501,46.3694570613634
30.6448001370636,46.4523026941723
30.7049602093886,46.3879077837813
30.7281590218089,46.428866408437
30.7953405390392,46.5746945852694
30.7409061642054,46.4393359114843
30.6870586409059,46.480181186992
30.7127035336149,46.4340480837723
30.6981101459048,46.4269880511279
30.6483316330219,46.4473944961464
30.7432587637188,46.4214015574071
30.7140953584925,46.4160669506816
30.7606124309904,46.4305792400062
30.6413777020099,46.4441991296896
30.7240562544455,46.3965690980397
30.7250092390166,46.3991581365146
30.6952511921915,46.4318386749835
30.6880921228113,46.3937749515829
30.7557748008652,46.4500483055629
30.6859576451071,46.480920655243
30.7444999806806,46.4458220016175
30.7217244284378,46.4922987506667
30.7028568919429,46.4002448489807
30.7464630769633,46.4624249530044
30.7564213762281,46.429667049244
30.7085722026813,46.4486323408098
30.6153614828876,46.5004041143423
30.7334069286704,46.4902368756896
30.6383473668751,46.5325376981925
30.7431159458676,46.4541036861899
30.6461919619413,46.4369375874489
30.7864287051209,46.5726902844627
30.7315944403036,46.484688165018
30.7143809941951,46.4881354184702
30.7041578327334,46.3891960058439
30.6151225875728,46.487305990578
30.7124828151175,46.3895612419873
30.7125892793339,46.3971286470082
30.7985552390366,46.5730231351352
30.7435106424747,46.3760061232455
30.6242707201177,46.4941627144332
30.676630341076,46.4659729612548
30.7407451695367,46.4809944221488
30.7024544052712,46.4411315059234
30.7421837348021,46.4158942281705
30.7053756795014,46.4457716242184
30.7296806810968,46.5133601018734
30.7021765596333,46.3566594028009
30.6420528409431,46.4670524769497
30.7271644902265,46.4431034212593
30.7030464501818,46.4412322607216
30.7640270759795,46.4318206830552
30.6837426700685,46.3448674930274
30.7593790040932,46.4568330617051
30.7088292748135,46.4432167704073
30.6845788036704,46.3460135788568
30.7169646989587,46.5585864119094
30.6385732787489,46.3938811039595
30.7277149881259,46.3883233973238
30.7089149655243,46.4023858884422
30.7081385557511,46.494646697303
30.7357880917541,46.4852926938071
30.697237658668,46.5004544917414
30.7396623505554,46.4574177993731
30.689470964248,46.3393547662124
30.7486546818081,46.4408130487934
30.6849942737832,46.3484316940133
30.7401583180025,46.4695263670837
30.789601858107,46.5675194042843
30.6478538423922,46.3586691011862
30.6443898603273,46.4392981284349
30.746369596188,46.4558884854721
30.7492934671064,46.4404873948921
30.6447819602462,46.446658626281
30.7284083038765,46.4300808635937
30.7217036549321,46.4064232771409
30.7034982739294,46.4045521166032
30.6168519819171,46.477942991118
30.65442346355,46.3503586295286
30.6461582049946,46.4452570550706
30.6546052317243,46.3497145184973
30.8089757488018,46.5828683182723
30.7073335824077,46.4462700006309
30.6888399690142,46.4801613958709
30.6396846613005,46.4195843726541
30.7337367080724,46.4365165763279
30.7465331875449,46.4381952232334
30.7105249122112,46.481987576588
30.7118232563135,46.4095682661986
30.6891204113403,46.3783864553527
30.6936983726451,46.4923995054649
30.6439743902145,46.4420634878066
30.7410515787449,46.4841286160495
30.7059495475946,46.4689164407161
30.7148328179427,46.387726065306
30.7033944064012,46.5127159908421
30.6783545420439,46.5195151405269
30.6245122121208,46.439245951843
30.7128307713369,46.448137562783
30.6607827529631,46.3417386967052
30.688798422003,46.339666026571
30.7372422371487,46.4756652130018
30.7219789038818,46.410611798037
30.7600801099085,46.4341254490638
30.7131813242445,46.4292136526522
30.7142511597848,46.4955283017872
30.6371944373122,46.4391757833229
30.7509579442456,46.5481420975616
30.8081863555876,46.5920100170149
30.6735480721771,46.4684108675324
30.7043759545426,46.4014449105948
30.7715886320314,46.5746370110991
30.6835505151414,46.3460495627133
30.7260894613098,46.4721262007155
30.7229344851411,46.3990106027029
30.7266113956389,46.4960662604418
30.7139603307059,46.3878789966961
30.6364024474098,46.369953638583
30.6546052317243,46.5330126850982
30.7232382976611,46.3896512016285
30.7334822326284,46.4646937351564
30.7115947477515,46.4083142287998
30.6214039763398,46.5200854846523
30.6445534516841,46.4538949798222
30.7181384020272,46.4412844373135
30.7845331227315,46.5789208892148
30.7261387983856,46.419041016421
30.7244847079993,46.4787688206245
30.7378602489414,46.4290085446701
30.6394795229323,46.4933242905769
30.7111533107567,46.4877323992775
30.6438627326217,46.4553973058309
30.7087176172207,46.47672133919
30.6675653025536,46.4910860947028
30.7145445855519,46.4191201809053
30.7300753777039,46.4374503574039
30.7523679459407,46.5484317676064
30.7371565464379,46.3792338751732
30.7461047339911,46.3875137605527
30.6104277752988,46.5161830354154
30.7073309857195,46.4333823824271
30.7071154605985,46.4742942280694
30.7943382173922,46.5658875363922
30.7415761097622,46.4632273930043
30.797025789684,46.5744876780946
30.7128593349071,46.3943596892509
30.7105249122112,46.3890340784896
30.6635586126539,46.5418917016884
30.6822677511683,46.4879788886945
30.6857239431687,46.4811617470815
30.7023946814424,46.3491495719503
30.7216413344152,46.4981515249257
30.7246353159152,46.498045372549
30.6350781364254,46.4402157167756
30.7376421271322,46.4819443959602
30.7466837954607,46.4455629178508
30.7155365204461,46.4726479666347
30.7490000413393,46.5455890429433
30.6438471524925,46.4469662882541
30.7706875812244,46.5790126480489
30.7092473416145,46.3954895823449
30.6965313594764,46.4993641808896
30.7050978338635,46.4689236374874
30.6709254170904,46.4809908237631
30.7689971372032,46.556393195856
30.7478938521641,46.3915475508658
30.6149953498508,46.515992320976
30.797025789684,46.5677047211453
30.8152259773103,46.582492286972
30.7434041782583,46.4708649665454
30.7126567932272,46.3991149558868
30.7408516337531,46.4859440016097
30.7277071980612,46.4804924473507
30.7526743551488,46.46576605408
30.6620317599896,46.447254159106
30.642875991104,46.4370059567762
30.7325396348101,46.4805122384717
30.7158559130953,46.483086883404
30.6575524728366,46.5262567160413
30.6624342466613,46.5416182243791
30.7669353667687,46.4335641009024
30.7126905501738,46.4714029252
30.646036160649,46.4441163668197
30.7454140149287,46.3844479359793
30.7242561994373,46.3948634632418
30.6875312381591,46.3419815877365
30.7237031048497,46.4717987476214
30.6158548536465,46.4817788702204
30.7382393654193,46.4527075125579
30.6646829786465,46.4858954234034
30.7576859633838,46.4491649018859
30.7949666159378,46.5740270847315
30.7275929437802,46.4700229443034
30.638853721075,46.4606347561438
30.6857577001153,46.4822664514759
30.6384642178443,46.4780095612525
30.7451179924733,46.4517575387464
30.6413906854509,46.4521065821544
30.7215660304573,46.4802873393686
30.6437536717171,46.4513023429618
30.7065312057524,46.47632011919
30.7437157808428,46.4570975430503
30.709177231033,46.4507319988363
30.6883414048789,46.3385685189479
30.7081125888691,46.4708865568593
30.7474056747816,46.4665397069946
30.6155224775563,46.4661888643938
30.6947993684439,46.4403704473585
30.7397142843195,46.4579125773999
30.704253910197,46.5589714391739
30.7211609470974,46.3875767323016
30.689483947689,46.4815071921038
30.6897436165095,46.3561664239669
30.7311140529857,46.3901603731979
30.636747806941,46.4442998844878
30.6443223464339,46.4630294817935
30.7497972246181,46.4583353877137
30.7570393880208,46.4332564389294
30.6489911918259,46.476895860894
30.7225164183402,46.4233554808147
30.660691868876,46.4716979928232
30.7973218121394,46.5764074168386
30.6190851337731,46.502707081158
30.6948746724018,46.4656994839455
30.6820704028647,46.3666269310501
30.675360560544,46.4683424982051
30.7055184973526,46.4218999338195
30.6224244748042,46.4449278027836
30.6439795835909,46.4547226085216
30.7149600556647,46.5002691748804
30.6935945051169,46.488918067349
30.8033772890326,46.5845361700209
30.7014442935595,46.3793832081776
30.7262712294841,46.3679115547269
30.7311270364268,46.4724284651101
30.7446583786611,46.5602992434785
30.7196626580033,46.410293340907
30.6368698512866,46.5303426829463
30.7044356783713,46.3896925830635
30.7101795526799,46.4931929495006
30.6946383737752,46.439317919556
30.7015247908939,46.3651839784046
30.7180293411226,46.4515866154281
30.7144069610771,46.4173533735514
30.6440548875489,46.5313646244708
30.7660031557032,46.4299099402754
30.6414711827852,46.4630222850222
30.6374644928855,46.4384507086145
30.7251962005674,46.3892445840501
30.7234070823944,46.4108079100549
30.7262971963661,46.4188377076318
30.6406610160654,46.4715828444824
30.7490260082213,46.4527920746207
30.686248474186,46.4872951954211
30.6871157680464,46.3777477418999
30.7470135748627,46.4623871699551
30.7264114506471,46.4900209725506
30.6222453033181,46.4445121892411
30.7021973331389,46.4741053128228
30.6997278826563,46.4728674681593
30.693277709156,46.4349116963282
30.7055159006644,46.4393071243991
30.7573380071644,46.4475366323795
30.6437536717171,46.4621064958744
30.7024595986476,46.4242514788415
30.7087020370915,46.4759314935399
30.7196834315089,46.4122904449425
30.619160437731,46.4658326242145
30.7577820408474,46.426514863415
30.7432639570952,46.4461098724695
30.7065701560755,46.4061731893383
30.70853065567,46.431340298571
30.7289691885287,46.387069359925
30.7454399818107,46.4737148879798
30.7229189050119,46.5028474181983
30.7773584732221,46.5752289455384
30.7029997097941,46.4248056302315
30.7288549342477,46.4807497319246
30.7001537395218,46.5244467280596
30.7337704650191,46.4731769293252
30.7538662350348,46.4321769232346
30.7195821606689,46.3987245310438
30.7015533544641,46.3644786948173
30.7408048933654,46.4849094657354
30.7176684014621,46.4769174512079
30.803140990406,46.5856966493929
30.7224437110705,46.4816565251083
30.7023453443666,46.3491963509638
30.7158844766655,46.418794527004
30.7977788292634,46.5733164035657
30.7281823920027,46.389019684947
30.7284134972529,46.3876936798352
30.7056613152039,46.3902809191172
30.7344066536292,46.4210237269139
30.6815770321059,46.4450483487029
30.7406361086321,46.40798317732
30.6210248598619,46.5189717842938
30.7115609908048,46.3869056333779
30.7539155721107,46.4408346391073
30.6231801110718,46.4470022721106
30.741459258793,46.4627380125559
30.6858563742671,46.4559730475348
30.7161908858737,46.4796036460952
30.7377615747896,46.374512793201
30.7122517098672,46.4811599478886
30.6347587437763,46.4411602930086
30.6218298332054,46.5120592854611
30.7030464501818,46.3827584939169
30.6838283607793,46.3448620954489
30.7281044913566,46.5103068716498
30.7240640445101,46.4779160032256
30.7272060372378,46.388116490149
30.7067051838621,46.4616207138117
30.7374759390871,46.4678459209854
30.7447362793073,46.4402337087038
30.7468032431182,46.4702784296845
30.71670243345,46.4019900660207
30.724430177547,46.4099532934631
30.6409310716387,46.4539201685218
30.6524369970734,46.3494320452238
30.726549075122,46.3706031471928
30.658445733579,46.3846548431542
30.6526758923883,46.4736357234955
30.720407907518,46.4095106920282
30.7557566240477,46.429318005836
30.7222489594551,46.4161946933722
30.643117483107,46.4529450060108
30.7035761745756,46.47989331614
30.6762642080392,46.4944595812493
30.759794474206,46.4760502402663
30.6492197003879,46.4498270048454
30.7270917829568,46.4669085415237
30.6933348362965,46.4830491003546
30.7221996223792,46.4237243153438
30.7261128315036,46.4215886734608
30.6420632276959,46.4547352028714
30.6242447532357,46.4937992774826
30.8055818773183,46.574442698274
30.7136902751326,46.4197678903222
30.7394494221226,46.4767321343469
30.6932725157796,46.4750318971275
30.7220853680982,46.4750606842127
30.6222764635766,46.5121978233086
30.7441753946551,46.414841700368
30.7117843059904,46.4835618703097
30.7471330225201,46.3991671324787
30.7909625227262,46.578703186883
30.6151485544548,46.4935401937158
30.7240770279512,46.3926324641391
30.6437121247058,46.455386510674
30.6284799516974,46.4686807464561
30.7175671306221,46.4261154426079
30.72497548207,46.5030507269875
30.704178606239,46.3802882021685
30.6656930903581,46.4916600372139
30.7941226922713,46.5793526954928
30.7116025378161,46.4169161696949
30.7081047988044,46.472234152285
30.7058794370131,46.5124335175686
30.7312932244719,46.421586874268
30.7488961738111,46.4610449721078
30.7498102080591,46.4714191179354
30.6918729008373,46.3448387059422
30.6724496730666,46.4474052913033
30.695651082175,46.4045071367826
30.8143431033208,46.5828269368374
30.7446168316499,46.4516981653832
30.7233239883718,46.4126628778572
30.7194445361941,46.4688570673529
30.7983786642387,46.5699573105619
30.7041604294216,46.380354772303
30.7244717245583,46.488774131923
30.7322202421609,46.5314671784618
30.7283407899832,46.4255882791103
30.7212492344963,46.4153508719374
30.7420149500688,46.4397623201837
30.7302130021787,46.3950739688023
30.6509958351199,46.3601012586747
30.7578729249345,46.4552065913915
30.7492856770418,46.4510522551591
30.7197924924135,46.4888389028647
30.7343625099297,46.4328750100506
30.7150639231929,46.4419195523806
30.6901461031812,46.394276926381
30.7188550879716,46.4023247158861
30.7617575704887,46.4141670030587
30.7009613095535,46.4924210957788
30.727006092246,46.430375931217
30.7521965645192,46.4274468452983
30.7585532572441,46.4368170415296
30.7224151475002,46.5213916986431
30.6130296568799,46.4671172478914
30.7443415827002,46.4731841260965
30.690714777898,46.4946359021461
30.6115936883027,46.5026603021445
30.7298183055716,46.4316263702302
30.7118102728725,46.4770883745262
30.793953907538,46.5738903460768
30.7062689402438,46.4770074108491
30.7106521499332,46.4749905156925
30.7282758727781,46.3892877646779
30.7419837898103,46.3827692890738
30.6825274199888,46.3788254584019
30.6484043402916,46.4484938029623
30.6947915783793,46.5519653823143
30.7279305132469,46.4146527851214
30.7500413133093,46.4379379386594
30.6336915049242,46.443414681618
30.7566239179081,46.4377868064621
30.6639455191964,46.5423073152309
30.6970506971173,46.4278300733699
30.7188239277132,46.4123606134626
30.6247381239946,46.4379469346236
30.6368932214805,46.4752909808943
30.6915249446178,46.4460846837699
30.6974090400895,46.4901793015192
30.6258443131697,46.466361586905
30.637293111464,46.3563121585857
30.7785191928496,46.5728756013236
30.641024552414,46.452572573096
30.6751813890578,46.4687419190122
30.7031347375808,46.376637639927
30.7309063179294,46.4884844618782
30.7388989242232,46.4469123124693
30.6563424161332,46.3498872410085
30.739644173738,46.4383103715742
30.6619668427844,46.4922735619672
30.6993747330605,46.3796189024377
30.7350324554865,46.561362566438
30.7508073363297,46.4164195924753
30.7221996223792,46.4119108152565
30.7282758727781,46.5028923980189
30.7054146298244,46.3893219493416
30.7232564744785,46.3849966897909
30.7495687160561,46.3888775487139
30.7325266513691,46.4478155072674
30.6395210699436,46.4446759157882
30.7304129471705,46.4293521904997
30.7220282409577,46.4711348454691
30.7662316642652,46.4295069210826
30.6404221207506,46.4431735897795
30.8096275175411,46.5847178884962
30.7080918153634,46.4824445715655
30.7108598849896,46.5720101895749
30.7054380000183,46.4651003527348
30.6850981413114,46.3334840000252
30.6169766229509,46.4656886887885
30.6151459577666,46.4944703764062
30.6589858447255,46.491865145196
30.7294028354589,46.5560279597126
30.7121426489627,46.3879257757096
30.6948331253905,46.4297444145355
30.7286446025031,46.423373472743
30.712794417702,46.4910015326401
30.7185772423337,46.4028230922986
30.7140771816751,46.4195591839545
30.7376966575845,46.4517467435895
30.7217893456429,46.4986463029525
30.7325837785096,46.4745317215222
30.7246976364321,46.3691170139195
30.7125425389462,46.492286156317
30.7126438097862,46.411124567992
30.7239757571112,46.4960284773925
30.795452196632,46.5746927860766
30.7691295683016,46.5675697816834
30.6608658469857,46.3454126484533
30.7129346388651,46.4910429140751
30.6999563912183,46.4953663744329
30.8116659177818,46.583148992353
30.6761291802525,46.32805403608
30.7358659924002,46.4658470177571
30.7110883935516,46.3999066007297
30.646950194897,46.3814486815404
30.7046875571271,46.3885950754404
30.7230097890991,46.5547037537935
30.8113049781213,46.5792645350443
30.6447352198585,46.4423819449366
30.7496128597556,46.4595300517494
30.7228617778714,46.4182061909503
30.7103717076071,46.442336965116
30.8132343174574,46.5942122290324
30.7147782874904,46.391443197682
30.691286049303,46.3419725917724
30.7122075661678,46.3879779523015
30.7292028904671,46.3894604871891
30.6030713576151,46.5141319555952
30.7620328194383,46.4308023399164
30.7330771492684,46.5311343277892
30.6607697695221,46.4977467065401
30.7118492231955,46.4644958239457
30.7569536973101,46.4268477140876
30.6452857177579,46.4436953556987
30.7251598469325,46.4871566575736
30.6912081486569,46.3420931376916
30.639741788441,46.4181792030579
30.7116882285268,46.4765234279792
30.7101406023569,46.4495283388365
30.6969546196537,46.4522667103158
30.7379381495875,46.4851775454663
30.7109351889475,46.4067219431498
30.6940177652943,46.5011759680641
30.7343910735,46.4634612880715
30.7313763184944,46.5278849855477
30.6529459479615,46.3495723822642
30.6560905373774,46.4492962429621
30.7207818306195,46.4948230181999
30.7647645354296,46.4499871330069
30.7251520568679,46.4815503727316
30.7534066212225,46.5468772650058
30.7400700306035,46.4579881434986
30.6944592022891,46.4874571227753
30.6270309996793,46.4841250176638
30.7497972246181,46.42123783086
30.641556873496,46.4459101620659
30.7212596212491,46.4095718645843
30.6973207526906,46.4363132675387
30.7373928450645,46.4749131504011
30.7287744369134,46.4529953834098
30.7665224933442,46.5840359944156
30.6813952639315,46.335477505675
30.7216854781147,46.4644148602686
30.7240484643809,46.3913730291618
30.7122906601903,46.3931758203722
30.7675767487552,46.5566648739725
30.7261102348154,46.4223047522051
30.6398170923989,46.4694651945277
30.7305453782689,46.4280189886165
30.7473900946524,46.448024213635
30.7163103335311,46.4444330247568
30.7186369661625,46.4925146538057
30.7517317573306,46.4611475260988
30.7090318164935,46.4016194322988
30.7434950623454,46.3985895915819
30.7321397448266,46.4700391370388
30.6420891945779,46.4417558258336
30.7256376375622,46.4736896992802
30.769794320482,46.5693257938804
30.6438497491807,46.4431969792862
30.6706605548936,46.4910752995459
30.7216828814265,46.4131198728347
30.7003978282131,46.4940421685139
30.7268217273835,46.506053579812
30.7449518044282,46.4435784081651
30.7001719163393,46.4787184432254
30.7665848138611,46.429636462966
30.7430873822973,46.469328455873
30.7142381763438,46.4864531731791
30.7134695566352,46.4335245186603
30.7160922117219,46.4797817661849
30.6392068706708,46.4714425074421
30.7589167935928,46.4675256646626
30.7938760068918,46.5654881155852
30.6415646635606,46.4458417927386
30.6935295879118,46.4582256369514
30.80907961633,46.5841259540568
30.7290912328743,46.4720740241236
30.6865003529419,46.4989683584681
30.6421307415892,46.4444672094205
30.7159805541291,46.4173191888877
30.6873468732966,46.4790045148846
30.7119582841001,46.4882037877976
30.7156429846625,46.4948158214286
30.7018727471133,46.3661825304223
30.6735117185423,46.5019604161357
30.7114856868469,46.4743068224191
30.6172466785242,46.486444177215
30.7403322961122,46.5529747294889
30.7388599739002,46.4324432037726
30.6462231221997,46.3823320852174
30.7701292932604,46.5852558471508
30.7966388831416,46.5724042128035
30.7129632024353,46.3931488324799
30.8047353569636,46.5782893725333
30.7204260843354,46.416997133372
30.7353882017706,46.5549934238383
30.7189641488762,46.3909376244982
30.74515174942,46.4758847145265
30.6369815088794,46.3782461183124
30.638321399993,46.4510648495089
30.7342560457133,46.4817158984715
30.7561798842251,46.4526409424234
30.710002977882,46.3953672372328
30.7291353765738,46.3722691997485
30.8048574013092,46.5783937257172
30.7047680544615,46.4308815044007
30.6495313029724,46.3818211144552
30.6103940183521,46.510108960439
30.711537620611,46.3746585278198
30.7069882228765,46.4019612789355
30.6302327162356,46.4439508410798
30.6796139358232,46.3382914432529
30.7038981639129,46.4087856173198
30.7054743536531,46.4712571905812
30.740799699989,46.4380404926504
30.6858381974497,46.4811707430456
30.7247313933787,46.3690648373276
30.6196148581668,46.4686213730929
30.6766407278289,46.4678117363217
30.6858589709553,46.3409110680058
30.7199456970176,46.4460720894202
30.6840698527823,46.5250620520056
30.6207807711707,46.4578891878932
30.7287276965257,46.4253273961507
30.7101639725507,46.4472577574917
30.7652786796941,46.436145942606
30.7784490822681,46.5691818584544
30.634400400804,46.451350921168
30.7206935432205,46.5531492511929
30.7005328559997,46.4728422794598
30.7253390184186,46.486361414345
30.7528379465057,46.4321553329207
30.7104184479948,46.4881246233133
30.6558879956974,46.4472145768639
30.6708864667674,46.4699815628684
30.745494512263,46.4563130949787
30.7359542797992,46.4661996595508
30.7013793763544,46.3677280370588
30.7502957887534,46.3889135325704
30.7219892906346,46.4705051279804
30.7117453556673,46.4821602990992
30.7011223042222,46.4728530746167
30.6365167016908,46.441248453457
30.7242380226199,46.3945719940042
30.7283304032304,46.4256386565094
30.7095511541344,46.3666575173281
30.7454192083051,46.4422146200039
30.6556023599949,46.5376204179224
30.7324072037116,46.4819389983818
30.7231889605852,46.385005685755
30.7117687258612,46.4772233139881
30.7270216723752,46.4674249098644
30.7469330775284,46.445714050048
30.6521851183176,46.5277680380141
30.6523642898037,46.4506186496883
30.7013508127842,46.3682444053995
30.7041136890339,46.3833450307777
30.6345977491076,46.4480314104063
30.713594197669,46.4614893727355
30.6429720685675,46.539360237384
30.6580666171011,46.4947888335362
30.7285692985452,46.4296274670019
30.6169947997683,46.4558183169519
30.7545621474736,46.4045449198319
30.764439949404,46.4422146200039
30.7161519355506,46.4871134769458
30.808103261565,46.5932694519923
30.6733585139382,46.3299989635236
30.7391482062909,46.4655105686989
30.6728469663619,46.4906722803532
30.682085982994,46.4563760667276
30.7632169092597,46.4362952756104
30.6851344949462,46.4548539495978
30.7510098780097,46.4412376583
30.7031814779684,46.4290535244908
30.708860435072,46.4758037508493
30.7644763030389,46.4303309513963
30.7239056465297,46.4834791074398
30.6421073713954,46.4457824193754
30.6743296753267,46.4634307017935
30.6983178809612,46.4043560045853
30.7480652335856,46.3802450215407
30.7229422752057,46.508302570843
30.6154991073625,46.4995351042079
30.7375772099271,46.4695173711196
30.7256012839273,46.3943039142734
30.6431408533008,46.4447460843083
30.7336146637268,46.4518582935446
30.7548581699289,46.4002250578596
30.7069856261882,46.4630870559639
30.7374577622697,46.4548701423332
30.6332812281878,46.4104354771401
30.69238964179,46.5031154979292
30.6492482639581,46.3831920993876
30.6986087100401,46.4363708417091
30.7209921623641,46.4814514171263
30.6734597847782,46.4821135200858
30.6656801069171,46.4988891939838
30.7377070443373,46.4851379632242
30.7236278008918,46.4842563587401
30.746026833345,46.4730563834059
30.7945823060835,46.5704304982748
30.7150950834513,46.3936687992062
30.6810161474537,46.3909376244982
30.7406672688906,46.4739721725537
30.6900733959114,46.3486961753585
30.7425914148502,46.4452300671782
30.6636027563534,46.3516612451337
30.712807401143,46.3989242414473
30.6442859927991,46.4435208339947
30.7219191800531,46.470386381254
30.6929531231304,46.357551802442
30.7229526619586,46.3989422333756
30.7492856770418,46.4384615037714
30.6123752914523,46.4771693382033
30.6233566858697,46.4673259542591
30.6328579680105,46.4016949983975
30.6883621783846,46.3504287980487
30.645451905803,46.4382563957894
30.7249287416823,46.5141247588239
30.6503362763159,46.4504027465494
30.6902863243442,46.4716332218815
30.6622368983577,46.4472793478056
30.763398677434,46.5784027216813
30.7588544730759,46.485109176139
30.7213297318307,46.4238862426981
30.7444558369812,46.4568114713912
30.7355024560516,46.4933800655544
30.7073595492897,46.4022671417157
30.7196185143038,46.493250523671
30.6524292070088,46.4508183600919
30.7593530372112,46.4773528558715
30.7278526126007,46.4781732877995
30.7075491075286,46.4026557673659
30.7056015913752,46.4695011783842
30.7026231900045,46.5134698526357
30.7250871396628,46.4220978450302
30.6646570117645,46.4925650312048
30.7400206935276,46.4271841631458
30.6356000707546,46.4376284774936
30.6566150683947,46.5191678963117
30.6411907404591,46.4534487800017
30.7146146961335,46.4725741997289
30.6498948393211,46.4682597353351
30.7079645776414,46.4043218199216
30.7041318658513,46.3803655674599
30.647152736577,46.4304964771362
30.7471875529724,46.4349638729201
30.6215286173736,46.4659909531831
30.7985318688427,46.5717637001579
30.6995097608471,46.5559308033
30.7508125297061,46.4279146354327
30.7149626523529,46.4614425937221
30.7560656299441,46.4684198634965
30.744338986012,46.4789739286066
30.7462241816485,46.4722251563209
30.7259050964472,46.489585567887
30.8019672873375,46.5691926536113
30.6922052769274,46.4105578222522
30.7319813468461,46.4802171708485
30.728935431582,46.3906767415386
30.7097173421795,46.4204497844028
30.6930232337119,46.4585404956958
30.6440782577427,46.4522883006297
30.6225179555796,46.482973534256
30.74938954457,46.3793418267426
30.7177670756139,46.4709639221507
30.6169740262627,46.4765288255577
30.7040020314411,46.3886418544538
30.7606280111196,46.4331304954317
30.7487221957014,46.4446273375819
30.6683520990797,46.4646811408067
30.7464656736515,46.4502120321099
30.6814368109428,46.3424331851355
30.7107482273968,46.4123858021622
30.7246872496793,46.5199343524551
30.7289873653461,46.4900497596358
30.6885543333117,46.3470805002019
30.7024803721532,46.451350921168
30.7637076833303,46.4334363582119
30.7153755257774,46.4692043115681
30.7308959311765,46.4574160001803
30.6235150838502,46.4978564573024
30.7227085732673,46.4158492483499
30.7065805428283,46.4628261730043
30.8120891779591,46.5824652990796
30.7139733141469,46.3910329817179
30.6725924909178,46.4695713469044
30.8100248108365,46.5807938489454
30.7688023855878,46.5916843631137
30.6374437193799,46.4997258186473
30.6211365174547,46.5027124787364
30.7154196694769,46.4800966249292
30.7067882778847,46.4110382067364
30.7472940171888,46.4492674558769
30.7107066803855,46.4300682692439
30.7214673563055,46.4937237113839
30.8119827137428,46.5917851179118
30.7939850677964,46.574966263386
30.7001667229629,46.4728440786526
30.7959949044668,46.5697737928937
30.8114789562311,46.5799086460756
30.6624030864028,46.4473890985679
30.7128307713369,46.3931596276368
30.7501425841493,46.5485019361266
30.637890349751,46.4670164930932
30.7369098610585,46.4261442296931
30.7925906462305,46.569288010831
30.7095901044575,46.4975541929079
30.7997730858045,46.5729115851801
30.802735907046,46.5753836761213
30.7098238063959,46.4450447503172
30.7569511006219,46.4531842986565
30.7240069173696,46.5000550709343
30.6497130711468,46.4426302335464
30.7088318715017,46.3956065298785
30.6436368207479,46.4426212375823
30.7139187836946,46.4465218876264
30.70429286052,46.3893651299694
30.7936682718354,46.5661664112801
30.6471033995011,46.4311010059253
30.6907069878334,46.4622738208071
30.7063026971904,46.4307771512169
30.7094343031652,46.395457196874
30.6397106281825,46.440827442336
30.6342030525005,46.5304848191794
30.724645702668,46.3913136557986
30.7156481780389,46.3965547044971
30.7159390071178,46.4710286930924
30.7328278672008,46.471422716321
30.7441416377084,46.4724014772177
30.8098508327267,46.5725877304717
30.7279357066233,46.4237854878999
30.729467752664,46.4702064619715
30.6437926220402,46.4519428556074
30.7471901496606,46.4020656321194
30.7272320041198,46.4179543039548
30.7144147511417,46.4725040312087
30.7290418957984,46.3888091793865
30.7960909819304,46.5701282338802
30.6891567649752,46.3338528345542
30.7248716145418,46.4140626498749
30.6485497548311,46.4654188098648
30.765416304169,46.4369285914847
30.6442522358524,46.4381538417984
30.7069388858006,46.4629485181164
30.6159431410455,46.4881767999052
30.808622599206,46.5786330183629
30.7571120952906,46.4267577544464
30.6351508436952,46.4397065452062
30.7392287036252,46.4716422178457
30.7642893414882,46.4316785468221
30.8120813878945,46.5789100940579
30.6927661615797,46.4798375411624
30.7294729460404,46.4622630256502
30.6547350661345,46.4079166071855
30.6514892058787,46.4678747080706
30.6962587072149,46.5534497163947
30.7815417379198,46.5732318415029
30.6762434345335,46.3607381729346
30.6884348856543,46.4850947825964
30.7984539681966,46.5683272418626
30.7304856544402,46.4695947364111
30.7326564857793,46.4603684756057
30.7561980610425,46.4632165978473
30.7652033757362,46.5936706719922
30.640084551284,46.4431358067302
30.7564187795399,46.4560540112119
30.8095833738417,46.5847142901105
30.8074125425026,46.5760403815024
30.6919767683654,46.3423180367947
30.750101037138,46.442849735071
30.6373995756804,46.4388087479866
30.7131423739214,46.4046834576794
30.7289276415174,46.4528208617058
30.726878854524,46.3878340168755
30.6160729754557,46.4678153347074
30.6916599724045,46.4481195708548
30.7609993375329,46.4338195862836
30.7942265597994,46.5658785404281
30.6984606988124,46.3828448551725
30.7477640177539,46.4767267367684
30.6513256145218,46.3683955375968
30.7244717245583,46.4461494547116
30.6507335696112,46.4512771542622
30.7418643421529,46.4580061354268
30.7526120346319,46.5472604930775
30.6795126649832,46.4758271403561
30.7664393993216,46.5619724928056
30.7437832947362,46.4296544548942
30.6913457731317,46.4482671046664
30.705040706723,46.3887174205525
30.7065441891935,46.4561493684317
30.7173152518663,46.4758451322843
30.6147045207718,46.4934034550611
30.7103301605958,46.4644994223314
30.6882972611795,46.4801577974853
30.645451905803,46.4638175282508
