Longitude	Latitude
30.16825941404137	49.78864609161854
30.11767634256872	49.79579821591355
30.10684899971683	49.79366067028044
30.038875613884567	49.81459333324696
30.14297134527362	49.793424663664794
30.127810291706112	49.8072636420697
30.127657745088925	49.8071759824696
30.124769760268038	49.770666882870636
30.168321819475672	49.78859214724925
30.146875151886242	49.78458902551153
30.117232570591444	49.795818445052035
30.12374353757058	49.79776718539263
30.144264524551158	49.78382031824915
30.007010705734803	49.80870440626615
30.093105936295476	49.82067106552029
30.142732124442116	49.793501084854626
30.092533886481014	49.82055643373555
30.087856945876723	49.81662074245944
30.133295035987793	49.80041720253399
30.143207099136546	49.79348984644435
30.04171506114544	49.814943971647345
30.168294083727094	49.78871801744425
30.117163231219994	49.80188493891509
30.14274252534783	49.79341342525453
30.006875493960475	49.80864147116865
30.077348564133505	49.81549690143257
30.069638026028283	49.81798733314812
30.020098512095956	49.812210790269994
30.124804429953763	49.77060619545519
30.14247210179918	49.79357750604445
30.144833107397044	49.783982151357016
30.069638026028283	49.81860319803084
30.11739898508292	49.79590610465213
30.12485643448235	49.7705275265833
30.16934804217313	49.78451934736786
30.142936675587894	49.783404497069206
30.105840111862236	49.78933388232698
30.089205596651425	49.82582050510541
30.12471775573945	49.770727570286084
30.16823861222993	49.78851572605942
30.17608089514091	49.78345394607439
30.121257721104104	49.78645684929819
30.08907731881424	49.82595536602864
30.116674388651273	49.82357282305167
30.199049561933663	49.78272569708897
30.123871815407764	49.77190985104635
30.07564974953298	49.81680055702374
30.08228552738073	49.83135205063968
30.1067519245968	49.793721357695894
30.12535221098822	49.77297750002188
30.067526642167635	49.82008442050426
30.04253673269712	49.81501589747307
30.08783961103386	49.816679182192836
30.004868119157003	49.808131247342445
30.115734840168127	49.801120727016816
30.004497153519747	49.808012120193595
30.12512339106243	49.7939978225885
30.079192991414068	49.819738277467984
30.127356118823116	49.80713552419264
30.142992147085053	49.793689890147135
30.051287361374087	49.8162094166436
30.069658827839717	49.818533519887175
30.14082182475867	49.79748847281797
30.132976074879124	49.81139712936654
30.155282550674535	49.789023702203565
30.091209504486322	49.80851784865569
30.117190966968572	49.80177480249446
30.116982948854222	49.82351213563622
30.143231367916552	49.79362695504963
30.117551531700112	49.79599376425222
30.091167900863454	49.808012120193595
30.117516862014387	49.795795968231495
30.104013019424535	49.807160248695226
30.127227840985935	49.80644323812008
30.093716122764235	49.81201973729542
30.041832938076904	49.81492823787297
30.013174975856693	49.81046883667834
30.13646384526305	49.79682315893006
30.13334704051638	49.773501209940406
30.083155736492426	49.81047782740656
30.064291960489502	49.81751082455272
30.133409445950686	49.800154223733706
30.091490328940694	49.78663891154454
30.15260605093657	49.78551956588178
30.142929741650747	49.793633698095796
30.088834631014166	49.82600481503382
30.109830592689175	49.81096332673017
30.142666252039238	49.7935460384957
30.13352385591358	49.7732292404119
30.150557072510228	49.78639840956479
30.153892296276965	49.785445392374
30.200100053411127	49.78269422954022
30.10654390648245	49.789720483640224
30.055697345398297	49.81667243914668
30.148743847946815	49.7851397076147
30.133284635082077	49.77357763113024
30.021599709487845	49.81237711874197
30.127855362297556	49.796537703309234
30.12358752398482	49.79769975493102
30.078447593170985	49.814600076293125
30.018427433244014	49.81193207769533
30.142957477399328	49.793465121941765
30.089049583065663	49.82577105610023
30.11795370005452	49.82512597135081
30.11705922216282	49.8234986495439
30.133478785322136	49.81196129756203
30.12794550348044	49.79646577748351
30.069835643236914	49.81796485632758
30.133575860442164	49.77317979140672
30.007204855974862	49.80872913076874
30.150442662547334	49.78604102811825
30.168058329864163	49.75766853755383
30.15562924753178	49.7890169591574
30.081443054017615	49.818886405969614
30.082195386197846	49.83125989567548
30.083263212518172	49.81043736912959
30.019762216144425	49.81215010285454
30.12773401839752	49.79661637218111
30.201043068862845	49.781514196462005
30.106658316445344	49.79376406365491
30.122339415298722	49.768524841873415
30.116514908096935	49.82360204291837
30.19588768659555	49.80402023686615
30.088942107039912	49.82610596072624
30.122401820733028	49.797279438386965
30.096822526605187	49.82149821251606
30.10439785293608	49.80707483677719
30.131086577007117	49.79681192051979
30.14322790094798	49.79355952458802
30.142690520819244	49.79361796432142
30.029695081104613	49.813442520035444
30.142451299987744	49.79363594577785
30.070088731942707	49.81737146826539
30.15549750272603	49.789023702203565
30.116681322588416	49.823707683974895
30.14585239615736	49.791765874309135
30.095858709342036	49.82126670126453
30.03660821643816	49.81427865775944
30.06967962965115	49.8184548510153
30.14899000271546	49.74762814181975
30.09460019975022	49.81048681813477
30.113592253590326	49.79752893109493
30.155230546145948	49.78918553531143
30.11594632525105	49.84104180797337
30.15571245477752	49.78900347306508
30.12519273043388	49.77049605903455
30.09204157694372	49.78647033539051
30.09362251461278	49.81207817702882
30.117277641182884	49.796692793370944
30.057299084878785	49.829742710289196
30.090415568683223	49.78379784142861
30.00660507041182	49.80856280229676
30.020597755570396	49.78044879516853
30.090970283654823	49.820214786063374
30.113037538618727	49.792635727263935
30.13323609752206	49.773656300002116
30.15535882398313	49.78916980153706
30.112403083369962	49.79302907162334
30.083072529246685	49.81051603800147
30.11802303942597	49.81931346555982
30.069648426934002	49.81840315432806
30.015487443894543	49.81121956248429
30.1313535335872	49.79680517747363
30.10725116807124	49.7900374068098
30.04851031954752	49.815002411380746
30.1410957152759	49.7975986092386
30.133471851384993	49.77361134636104
30.022306971076635	49.812498493572875
30.14307535433079	49.79734911653063
30.201514576588703	49.781574883877454
29.988417353280532	49.80312116404465
30.11302367074444	49.795373404005396
30.06867420876513	49.820383362217406
30.116605049279823	49.82358630914399
30.06476346821536	49.817407431178246
30.117180566062856	49.82348516345157
30.116272220296864	49.82364699655945
30.08155746398051	49.818070497384106
30.14890679546972	49.794874418589465
30.155455899103156	49.789142829352414
30.114406991204863	49.823936947544375
30.07955355614561	49.819691076144856
30.201667123205894	49.79540262387209
29.989218223020778	49.803977530907126
30.09126150901491	49.78664340690865
30.10854781431735	49.8114038724127
30.08111369200323	49.81846159406145
30.078360918956673	49.8144359955032
30.093272350786954	49.78737615125817
30.133249965396352	49.8004801376315
30.119954140920846	49.79746599599743
30.143903959819617	49.81423145643631
30.024685311517363	49.81284014124504
30.069308664013896	49.81757375965023
30.07847186195099	49.81428090544149
30.139005133226686	49.814409023318554
30.080649118214517	49.81932245628804
30.13487597365685	49.79825268471624
30.123400307681905	49.802968321665
30.11709042487997	49.801986084607506
30.11391468166757	49.79697375362766
30.132431760813244	49.75790004880537
30.112898859875827	49.795332945728425
30.117156297282847	49.825575507761556
30.115922056471042	49.8411474490299
30.16956992816177	49.78442269703955
30.17462476834046	49.7846631990193
30.01898908215276	49.81202872802364
30.12329283165616	49.797576132418065
30.03635859470094	49.8214577542391
30.126680059951482	49.797292924479294
30.113117278895896	49.7933954437981
30.204232679949538	49.78265601894531
30.12733185004311	49.76822365247821
30.150248512307275	49.8280322242463
30.174642103183324	49.78455531028072
30.108447272228748	49.79069822533361
30.148636371921068	49.78976768496335
30.201802334980222	49.794797997399634
30.104006085487388	49.806238699053196
30.0902040836003	49.80881903805089
30.143508725402352	49.783597797725825
30.184789920195005	49.81796036096347
30.078704148845347	49.814303382262025
30.133319304767802	49.80036101048265
30.142510238453475	49.79204908224791
30.08909118668853	49.82570137795657
30.10930014649758	49.79938776415338
30.005148943611374	49.80843243673765
30.175065073349167	49.78465645597314
30.198318031564867	49.740905324797005
30.10588864942225	49.81803228678919
30.08901838034851	49.82602279649025
30.116799199519882	49.823557089277294
30.04001624654492	49.76464084728455
30.14275292625355	49.79743677613073
30.065328584092676	49.81746137554754
30.1658984084435	49.73603459778654
30.142735591410688	49.793368471613455
30.050087790248003	49.81607455572038
30.15540389457457	49.78903044524973
30.168543705464312	49.788868612141854
30.107580530085627	49.79022845978437
30.104321579627484	49.80707483677719
30.11788436068307	49.82491918460186
30.064985354204	49.817490595414235
30.169573395130342	49.79376631133697
30.070043661351264	49.81794462718909
30.11781155434305	49.8247910667248
30.12510605621957	49.77060170009108
30.174988800040573	49.784526090414026
30.097595660596852	49.815063098796195
30.08889010251133	49.82593064152605
30.063979933317977	49.817434403362896
30.082320197066455	49.81823233049197
30.123930753873495	49.77185141131296
30.126818738694382	49.79736485030501
30.142926274682175	49.79356626763418
30.009174094124038	49.80933825260531
30.062451000177507	49.81721413052163
30.10088928074072	49.820644093335645
30.028252822178455	49.81329642070195
30.039829030242004	49.76470827774616
30.174926394606267	49.78453283346018
30.10655430738817	49.79382025570626
30.155369224888847	49.78888209823418
30.0620869684774	49.81736922058334
30.116982948854222	49.82381557271348
30.08826604816828	49.809650680410776
30.117055755194244	49.79574202386221
30.088886635542753	49.82615540973142
30.11298553409014	49.79281554182823
30.16847089912429	49.788482010828616
30.119402892917822	49.79951363434839
30.07195396103471	49.817103994101
30.072064904029027	49.816948904039286
30.15555644119176	49.78914507703447
30.1683183525071	49.78846627705423
30.126004001079846	49.79763007678735
30.141567223001758	49.807178230151656
30.168571441212894	49.788987739290704
30.106103601473745	49.808461656604344
30.120703006132505	49.82330310120522
30.110222360137865	49.796564675493876
30.041434236691067	49.808326795681126
30.07841292348526	49.81451691205714
30.06974550205403	49.81810646029697
30.056785973530058	49.829861837438045
30.098559477860004	49.77339556888388
30.17463516924618	49.78476884007583
30.04159025027683	49.80835601554782
30.17477384798908	49.78453957650635
30.144028770688227	49.79721200792535
30.106949541805434	49.793602230547044
30.121808969107132	49.793483103398195
30.168564507275747	49.789102371075444
30.111879571115516	49.80997884199063
30.07898497329972	49.820347399304545
30.039832497210575	49.764613875099904
30.087742535913833	49.79343365439301
30.063810051857924	49.81736022985512
30.09095294881196	49.786816478426786
30.00847029950382	49.809129218174306
30.150023159350063	49.79632866887823
30.174850121297673	49.78468567583984
30.12205512387578	49.797151320509904
30.10335082842719	49.80562283417047
30.12603867076557	49.79707489932008
30.17779357761572	49.80148260382747
30.15041839376733	49.78584772746162
30.124332922227904	49.770529774265356
30.140936234721565	49.79756039864369
30.142309154276273	49.80320208059859
30.134921044248294	49.81347623526625
30.092003440289425	49.789023702203565
30.09390333906715	49.812604134629396
30.117097358817116	49.82318846942048
30.064718397623917	49.81748610005013
30.200710239879886	49.77631306018964
30.17461090046617	49.784856499675925
30.10129144909513	49.80359542495799
30.103108140627114	49.805685769267974
30.070064463162698	49.81804352519946
30.098562944828576	49.77327419405298
30.126863809285823	49.79778966221317
30.145873197968793	49.79183105708869
30.03833476678726	49.802921120341864
30.12513725893672	49.77292580333465
30.09255468829245	49.78360454077199
30.169587263004633	49.79397984113207
30.117776884657324	49.777933638950394
30.128150054626218	49.796661325822186
30.096988941096665	49.81831549472796
30.126049071671286	49.79725021852027
30.096749720265166	49.78570612349224
30.174603966529027	49.784723886434755
30.069932718356945	49.81796260864552
30.127338783980253	49.806492687125264
30.089455218388643	49.78934512073725
30.088356189351163	49.792847009376985
30.174531160189005	49.784528338096074
30.079158321728343	49.82036762844303
30.172665931097004	49.73564574879124
30.12033204049525	49.76303375461612
30.133471851384993	49.77331240464789
30.116941345231353	49.82366048265177
30.17509974303489	49.78452159504992
30.065283513501235	49.81749958614245
30.08126623862042	49.8231098005486
30.02143676196494	49.81238835715224
30.121888709384297	49.79356401995213
30.094926094796033	49.81907970662623
30.0051836132971	49.80780758112671
30.081803618749156	49.81892461656453
30.172984892205672	49.78459352087564
30.195946625061282	49.803964044814805
30.09737030763964	49.78462723610644
30.126461640931414	49.80707034141308
30.155618846626066	49.78886411677775
30.11657731353124	49.823721170067216
30.134900242436856	49.79820548339311
30.0944892567559	49.810511542637364
30.104013019424535	49.80708832286951
29.99524728136834	49.80407193355338
30.09187516245224	49.79724347547411
30.12840661030058	49.763775489693856
30.07312232944364	49.8258744494747
30.09151113075213	49.8203204271199
30.13303848031343	49.811336441951084
30.149080143898345	49.79484969408687
30.16832875341282	49.72566379279056
30.115779910759567	49.80108251642191
30.201594316865872	49.793910162988404
30.127727084460375	49.76963969217207
30.090477974117526	49.80872688308669
30.113911214698994	49.79377530206518
30.093657184298504	49.812224276362315
30.104668276484734	49.80712428578237
30.200460618142667	49.773566392719964
30.1173261787429	49.823451448220766
30.152755130585188	49.78226716995001
30.11013221895498	49.81082397044283
30.126225887068486	49.796958019853285
30.132220275730322	49.79390341994225
30.03505154754911	49.81092062077114
30.069624158153992	49.81833572386645
30.16833222038139	49.788873107505964
30.090835071880495	49.78689514729867
30.120560860421033	49.79306952990031
30.142562242982063	49.78334830501786
30.120720340975367	49.79552175102094
30.16954565938176	49.793835989480634
30.16852983759002	49.78660294863168
30.149329765635567	49.78548360296892
30.07833318320809	49.81436856504159
30.116858137985613	49.82354360318497
30.100296429114824	49.81301321276318
30.0825039464008	49.810680118791396
30.106786594282525	49.78984185847113
30.078350518050954	49.82338626544121
30.108918779954607	49.79292118288476
30.097470849728243	49.7846587036552
30.161523094105018	49.72908476487636
30.12648590971142	49.77089389875806
30.07861054069389	49.81450567364686
30.201407100562957	49.79837181186509
30.16846743215572	49.78834939758744
30.128066847380477	49.796357888744936
30.149232690515536	49.747506766988856
30.091251108109194	49.78677152478571
30.005426301097174	49.8082548698554
30.12204472297006	49.79359548750088
30.142284885496263	49.80313689781902
30.104644007704728	49.80705685532076
30.105788107333648	49.81812219407134
30.155504436663172	49.78887535518802
30.082167650449268	49.79206256834023
30.11403949253618	49.783725915602886
30.1683183525071	49.78905741743437
30.12247462707305	49.79376855901902
30.08863007986839	49.809257336051374
30.11643516781977	49.798749422450115
30.113477843627436	49.79737159335117
30.11525639850512	49.8287514825035
30.100993289797895	49.8112240578484
30.126589918768595	49.77414629468983
30.047924401858772	49.80955627776452
30.105992658479426	49.80851335329158
30.16954565938176	49.79404052854752
30.09710681802813	49.81826604572278
30.103184413935708	49.805314901729105
30.124492402782238	49.80632635865329
30.103291889961454	49.80588581297076
30.13637717104874	49.81327619156347
30.141518685441742	49.80724566061327
30.145848929188784	49.79170293921163
30.12791776773186	49.772150353026106
30.16852983759002	49.78665914068303
30.11281911959866	49.79527001063092
30.17440288235182	49.78465645597314
30.0856415529589	49.83016077915119
30.123597924890536	49.79776269002852
30.109428424334766	49.810909382360876
30.125768247216914	49.77311011326306
30.100396971203423	49.80480467790291
30.15154515855339	49.782649275899146
30.116761062865585	49.797499711228234
30.07118082704304	49.821862337008774
30.13351345500786	49.7999654184412
30.11445552876488	49.79661637218111
30.069807907488336	49.824215660119044
30.101298383032272	49.780131871998954
30.122228472304403	49.79715356819196
30.13283046219908	49.79626123841662
29.99389516362507	49.79854937874733
30.1493887041013	49.78578928772823
30.03859825639877	49.81457085642642
30.15516814071164	49.78902594988562
30.069915383514083	49.82416171574975
30.19481639330665	49.80589030833487
30.04395818981184	49.81341779553286
30.11329062732452	49.79343590207507
30.121299324726973	49.80368757992219
30.125057518659556	49.79408098682449
30.093785462135685	49.81217482735713
30.128150054626218	49.79627472450895
30.12680140385152	49.79722549401768
30.12988007194389	49.82153417542892
30.099967067100437	49.77832473562774
30.04289729742866	49.76636931478387
30.082209254072136	49.810740806206844
30.093993480250035	49.812109644577575
30.142666252039238	49.79334824247497
30.117905162494505	49.777902171401635
30.091490328940694	49.78651753671364
30.14257264388778	49.791738902124486
30.093511571618457	49.81214785517249
30.154017107145574	49.785324017543104
30.12340724161905	49.79766603970021
30.00957279550987	49.80420005143045
30.127938569543296	49.76963070144386
30.092135185095177	49.786418638703275
30.125112990156715	49.79416190337842
30.092807776998242	49.81917186159044
30.142243281873395	49.802993046167586
30.088928239165625	49.82588344020292
30.12136173016128	49.803615654096475
30.082126046826396	49.831349802957625
30.10299026369565	49.805795905688605
30.155726322651812	49.789156315444735
30.037301610152657	49.80304024749071
30.16867891723864	49.78818306911546
30.070158071314157	49.81790416891213
30.088318052696867	49.8097226062365
30.11075627329803	49.79163775643207
30.126992087123003	49.76845516372975
30.057895403473257	49.81682752920838
30.10460587105043	49.806400532161064
30.132393624158947	49.75795848853876
30.10603772907087	49.78947773397842
30.05606484406698	49.81666794378257
30.117752615877315	49.79595330597526
30.19843244152776	49.74089858175084
30.097931956548383	49.784892462588786
30.079605560674196	49.819637131775565
30.092207991435203	49.78885737373159
30.12367419819913	49.8066949785101
30.069863378985495	49.81808398347643
30.12439186069364	49.77046683916785
30.112309475218506	49.83285350225158
30.10641562864527	49.79389442921403
30.13306621606201	49.79085106771326
30.089337341457178	49.78943278033735
30.04142383578535	49.81341330016875
30.03485739730905	49.81406737564639
30.05414067650925	49.823918966087945
30.092714168846786	49.81855824438977
30.14908361086692	49.794737309984185
30.11642476691405	49.79531721195405
30.113301028230236	49.79351232326489
30.103333493584326	49.805658797083325
30.127952437417584	49.77209191329271
30.124977778382387	49.79413043582967
30.04439849482055	49.803323455429485
30.13289633460196	49.79802342114676
30.149090544804064	49.79377530206518
30.110288232540743	49.800740868749735
30.01999450303878	49.81215010285454
30.1280009749776	49.79641183311422
30.16820394254421	49.7915635829243
30.081318243149006	49.82315700187173
30.12083475093826	49.79346287425971
30.12378514119345	49.806652272551084
30.142638516290656	49.79359099213677
30.10946309402049	49.80010252704647
30.116684789556988	49.79548129274397
30.139379565832517	49.796996230448194
30.071350708503093	49.82174995290608
30.176122498763778	49.7837011911003
30.131599688355845	49.796935543032745
30.131932517338804	49.790666757784855
30.050878259082534	49.82303787472288
30.091979171509415	49.79716031123812
30.10128104818941	49.82141055291597
30.08778067256813	49.81687922589562
30.176105163920916	49.78356857785913
30.168505568810016	49.786400657246844
30.152456971287954	49.782228959355095
30.115429746933746	49.794710337799536
30.09140365472638	49.78669510359589
30.12698515318586	49.79726145693054
30.087801474379564	49.816811795434006
30.052115966862914	49.81634652524888
30.109400688586184	49.7993967548816
30.12691581381441	49.79732888739215
30.169587263004633	49.793910162988404
30.112638837232893	49.797059165545704
30.0596670244138	49.81698486695215
30.09037396506035	49.808771836727765
30.129425899060895	49.785474612240705
30.15074082184457	49.78612194467218
30.090831604911923	49.81132969890493
30.14920842173553	49.7938472278909
30.117596602291552	49.800763345570275
30.095872577216323	49.789032692931784
30.078496130730997	49.81422021802604
30.08162680335196	49.818908882790154
30.08551674209029	49.83028440166415
30.168339154318534	49.78894053796758
30.10655777435674	49.81172304326433
30.14729118811494	49.795946562929096
30.09709295015384	49.784705904978324
30.17438554750896	49.78474411557323
30.14995728694719	49.78550607978946
30.11244122002426	49.79705691786365
30.005291089322846	49.80816945793736
30.016659279272044	49.81148478896663
30.10133651968657	49.80872463540464
30.12535221098822	49.772905574196166
30.12775135324038	49.79673325164791
30.093508104649885	49.78731771152477
30.116830402237035	49.8236829594723
30.148646772826787	49.78981263860443
30.136096346594368	49.826078988541596
30.122342882267294	49.79371461464973
30.10342363476721	49.8056745308577
30.11614394245968	49.84131152981982
30.068705411482284	49.82031593175579
30.125227400119606	49.770012807392995
30.1280009749776	49.76952056502323
30.115499086305196	49.791669223980826
30.127675079931787	49.76034777456189
30.01346620121678	49.77581407477371
30.07858627191388	49.81439328954418
30.168550639401456	49.78693335789358
30.181236277408203	49.81315481673256
30.133194493899193	49.79080161870808
30.1559170059233	49.78899673001892
30.093619047644204	49.78725252874521
30.081165696531816	49.81840315432806
30.142409696364872	49.791916469006736
30.091098561492004	49.78674230491902
30.12759533965462	49.80081504225751
30.088761824674144	49.82608123622365
30.108117910214364	49.79052290613341
30.069950053199808	49.8180412775174
30.112295607344215	49.79696476289944
30.126298693408508	49.76849562200672
30.123719268790573	49.772078427200384
30.10576037158507	49.818048020563566
30.082347932815036	49.81073855852479
30.113391169413124	49.79767053506432
30.175058139412023	49.78475310630145
30.091362051103513	49.808034597014135
30.13837067797792	49.78306734476114
30.075084633655667	49.81671739278775
30.073465559332313	49.81661849477739
30.00496519427703	49.79252783852535
30.122838658773162	49.79750870195645
30.082441540966492	49.818387420553684
30.078496130730997	49.81466975443679
30.083776323866903	49.813473987584196
30.20163592048874	49.79781438671576
30.11959357618931	49.78735816980174
30.13049372538122	49.79674898542228
30.047525700472935	49.80934499565147
30.117388584177206	49.82356832768756
30.07016153828273	49.81802779142508
30.11293006259298	49.810731815478626
30.149090544804064	49.79481373117401
30.117828889185912	49.81003053867786
30.125175395591018	49.793941630537155
30.127567603906037	49.76788200480605
30.14971113217854	49.796144358949824
30.10154800476949	49.806281405012214
30.101957107061047	49.82522936472528
30.067564778821932	49.82001249467854
30.064018069972274	49.817627704019515
30.108402201637308	49.81066663269907
30.10293825916706	49.8057329705911
30.142243281873395	49.80305598126509
30.07855506919673	49.81444723391347
30.134962647871163	49.78707496186297
30.056754770812905	49.82993376326377
30.124194243485004	49.802365942874594
30.140246307975637	49.78438223876258
30.141490949693164	49.807324329485155
30.150522402824503	49.7864658400264
30.137334054374747	49.78854494592612
30.09114709905202	49.786825469155005
30.007572354643546	49.80660731891001
30.109861795406324	49.7962477523243
30.097862617176933	49.816569045772205
30.095217320156124	49.819138146359634
30.088460198408338	49.80959224067738
30.118054242143124	49.825191154130366
30.078509998605288	49.81439328954418
30.140516731524293	49.803964044814805
30.103070003972817	49.805897051381024
29.988379216626235	49.8031234117267
30.1449648522028	49.78396641758264
30.180529015819413	49.781069155415366
30.15580606292898	49.78901471147535
30.1226826451874	49.793853970937064
30.116833869205607	49.823826811123745
30.1010175585779	49.783103307674004
30.078433725296694	49.81456186569821
30.16653633066084	49.73243156345439
30.121174513858364	49.80472600903102
30.056633426912867	49.8238919939033
30.168210876481353	49.7882639856694
30.081762015126284	49.819001037754354
30.121344395318417	49.80080605152929
30.08825564726256	49.792943659705294
30.10012654765477	49.77978572896268
30.116459436599776	49.82375488529802
30.20203808884315	49.782559368616994
30.117066156099963	49.82365149192355
30.092010374226568	49.79044873262564
30.198872746536466	49.80278401173659
30.03773498122422	49.81292555316308
30.12467615211658	49.806353330837936
30.1329414051934	49.796441052980924
30.091389786852094	49.82031593175579
30.143259103665134	49.79372810074205
30.09815037556845	49.821738714495815
30.08804762914821	49.81662299014149
30.12890238680645	49.78532626522516
30.109958870526356	49.79898542906576
30.12457907699655	49.8035999203221
30.137722354854866	49.78307858317141
30.082233522852142	49.831217189716455
30.116279154234007	49.82318846942048
30.131041506415674	49.78963057635808
30.110028209897806	49.810891400904445
30.009517324012712	49.80410340110214
30.10400955245596	49.7879672916383
30.117263773308593	49.801381458135054
30.124561742153688	49.80641177057133
30.140593004832887	49.79737384103323
30.08790548343674	49.812210790269994
30.146906354603395	49.79715806355607
30.11650450719122	49.78003297398859
30.20146950599726	49.79219068621729
30.110367972817908	49.82607674085954
30.117208301811434	49.82314351577941
30.133284635082077	49.790860058441474
30.08780840831671	49.81675110801856
30.12761267449748	49.796533207945124
30.11757926744869	49.80068467669839
30.118612424083295	49.79664109668371
30.174863989171964	49.78477558312199
30.106842065779688	49.811977031336404
30.012689600256543	49.80504742756471
30.12368806607342	49.79437992853764
30.133191026930618	49.80017445287219
30.08140838433189	49.81892686424658
30.128427412112018	49.79669504105299
30.152155345022145	49.785744334087155
30.14988101363859	49.73570418852464
30.129706723515266	49.78985534456345
30.079217260194078	49.82030469334553
30.04110140770811	49.81483158754466
30.06920118798815	49.817647933158
30.17002756801334	49.785739838723046
30.069641492996855	49.81823457817403
30.11722910362287	49.80146237468899
30.10165548079524	49.80617801163774
30.092752305501083	49.78291000701738
30.117790752531615	49.7958251880982
30.14911481358407	49.79495083977929
30.109802856940593	49.79714008209964
30.15207560474498	49.73387007996879
30.092880583338264	49.81941011588813
30.12375740544487	49.80681410565895
30.102823849204167	49.80586333615022
30.117319244805756	49.80152081442238
30.16613069533786	49.78795380554598
30.08317307133529	49.822851317112416
30.12588612414838	49.79627921987305
30.040009312607772	49.764490252586945
30.130247570612575	49.771015273588965
30.094191097458665	49.810639660514425
30.069707365399733	49.81841214505627
30.044731323803507	49.82092055822825
30.00527028751141	49.80848188574283
30.093268883818382	49.78711766782199
30.166362982232215	49.78802797905376
30.13967425816118	49.81464952529831
30.195981294747007	49.80391459580962
30.021825062445057	49.7853532374098
30.128586892666352	49.78638267579041
30.152807135113775	49.78553529965615
30.124319054353613	49.78376862156191
30.12563650241116	49.80199732301778
30.18174592178836	49.79134331008303
30.13294487216197	49.81144882605377
30.101173572163663	49.80363138787085
30.02067749584756	49.81227597304955
30.150335186521588	49.78592414865145
30.12761267449748	49.7697453332286
30.112271338564206	49.78927769027564
30.093872136349997	49.81215235053659
30.093799330009976	49.82079693571529
30.037606703387038	49.802206357448775
29.9911562584528	49.805955491114425
30.169549126350336	49.79370562392152
30.127560669968894	49.76917217430489
30.102889721607045	49.80565430171922
30.15132327256475	49.7906060703694
30.033245256922843	49.79514414043591
30.132161337264588	49.79415291265021
30.14660472833759	49.80194113096643
30.12614961375989	49.79673774701202
29.988084524297573	49.80474848585156
30.09070332707474	49.811487036648685
30.134851704876844	49.81354141804581
30.141334936107402	49.807223183792736
30.135676843397096	49.78785041217151
30.1135575839046	49.79231880409436
30.168578375150037	49.78905516975232
30.07108028495444	49.82208036216798
30.096940403536653	49.81860095034879
30.09227733080665	49.7821705196217
30.135201868702666	49.796913066212205
30.105375538073524	49.81768839143497
30.020275327493152	49.81219280881356
30.11319355220449	49.79346287425971
30.150206908684407	49.78599607447717
30.10140585905802	49.84404246351512
30.133215295710627	49.79088927830817
30.19135982563988	49.790749922020844
30.14595640521453	49.78460700696796
30.108312060454423	49.811482541284576
30.12581331780836	49.79613312053956
30.014336410328475	49.77216608680048
30.15757074993238	49.80050036676998
30.083498966381104	49.811298231356176
30.109612173669106	49.78304936330471
30.11498597495647	49.794467588137735
30.144344264828323	49.78375513546959
30.11944102957212	49.77632879396402
30.126506711522858	49.774278907931006
30.168450097312856	49.788295453218154
30.123348303153318	49.80212544089484
30.0700263265084	49.82410327601635
30.151295536816168	49.790666757784855
30.114004822850454	49.828149103713095
30.14186191533042	49.80983948570329
30.12474549148803	49.78438673412669
30.174839720391958	49.78474636325529
30.119291949923504	49.80502944610828
30.115027578579337	49.796220780139656
30.127144633740194	49.78537121886623
30.168543705464312	49.78680973538063
30.013053631956655	49.806427504345706
30.122620239753093	49.797407556264034
30.124429997347935	49.783977655992906
30.10381193524733	49.8071714871055
30.117426720831503	49.82312103895887
30.097821013554064	49.81500016369869
30.13109351094426	49.79675348078639
30.064964552392563	49.81744564177316
30.150557072510228	49.791977156422185
30.141314134295968	49.78315500436124
30.135018119368322	49.78713115391431
30.17522108693493	49.78429682684454
30.108516611600198	49.81014741814465
30.126680059951482	49.79745475758716
30.201053469768564	49.78040833689156
30.054192681037836	49.816551064315775
30.10264703380697	49.81936066688295
30.147214914806348	49.79714008209964
30.072099573714752	49.81702982059322
30.1159775279682	49.80180851772526
30.18759469777015	49.78486324272208
30.12676326719722	49.78553529965615
29.993707947322154	49.798502177424204
30.082861044163764	49.80821441157843
30.03713866262975	49.80299079848553
30.092412542580977	49.8190617251698
30.117184033031428	49.79663435363754
30.113183151298774	49.79266719481269
30.07728962566777	49.81711748019332
30.117596602291552	49.8006015124624
30.135773918517124	49.775800588681385
30.155483634851738	49.78933388232698
30.18099358960813	49.81515075839629
30.17457969774902	49.78462723610644
30.12596933139412	49.79716031123812
30.18408612557479	49.81640271730023
30.127005954997294	49.787063723452704
30.11709042487997	49.82303113167672
30.11740591902007	49.7957375284981
30.120914491215427	49.80565430171922
30.06993965229409	49.81743665104495
30.12445426612794	49.770401656388294
30.082736233295154	49.83253882676406
29.99636364524868	49.80771992152661
30.13210586576743	49.77571068139924
30.103610851070126	49.80702314008995
30.119083931809154	49.82402910250858
30.103194814841427	49.80574645668342
30.116889340702766	49.82278163896875
30.145419025085797	49.78415072751105
30.015796004097496	49.81198826974667
30.152346028293632	49.782255931539744
30.15885699527277	49.73045135556504
30.09416682867866	49.81050929495531
30.11682693526846	49.82562495676674
30.158683646844146	49.79892474165031
30.114677414753515	49.8282749739081
30.141504817567455	49.788616871751834
30.1477626958408	49.78484526126565
30.004268333593963	49.80796042350636
30.09478394908456	49.81003053867786
30.123861414502045	49.80674667519734
30.13363826587647	49.773346119878696
30.105951054856558	49.80841220759916
30.128267931557684	49.80301102762402
30.090679058294732	49.791893992186196
30.082063641392093	49.81080149362229
30.041680391459714	49.808281842040046
30.142423564239163	49.791844543181014
30.08834925541402	49.80975856914936
30.100802606526408	49.81870209604121
30.130358513606893	49.78443843081393
30.04850685257895	49.81505635575003
30.15324397315391	49.73363182567109
30.07103868133157	49.8245235925604
30.10229686998115	49.80433716003573
30.117308843900037	49.823150258825564
30.172915552834223	49.78459801623974
30.12457907699655	49.80368533224014
30.123386439807614	49.78525658708149
30.106755391565375	49.79378878815751
30.07023434462275	49.81785471990695
30.10736211106556	49.80688827916673
30.09414255989865	49.81205570020828
30.12746012788029	49.76963744449002
30.157497943592354	49.78539369568677
30.142593445699216	49.79163550875002
30.139878809306953	49.797014211904624
30.13170369741302	49.79080611407218
30.132268813290338	49.76492630290537
30.115849250131017	49.801006095232076
30.13308355090487	49.79791328472612
30.14124826189309	49.80733107253131
30.175276558432092	49.78468792352189
30.11342930606742	49.797461500633325
30.09222185930949	49.782224463990985
30.128923188617883	49.791001662410864
30.11657731353124	49.79865501980386
30.16116599634205	49.78464971292698
30.123868348439192	49.80661406195617
30.12795590438616	49.796436557616815
30.117489126265806	49.823557089277294
30.073018320386463	49.84276353242654
30.12511992409386	49.77015216368033
30.065144834758335	49.81751082455272
30.131970653993104	49.79160179351921
30.124610279713703	49.8063016341507
30.127671612963212	49.76969813190547
30.103177479998564	49.80522049908285
30.11768674347444	49.77796960186325
30.121867907572863	49.80501820769801
30.03768297669563	49.80216365148976
30.095914180839195	49.77407661654617
30.11295779834156	49.792696414679384
30.126004001079846	49.79695127680712
30.116885873734194	49.77942385215202
30.148941465155445	49.79500478414858
30.13078495074131	49.77268754903695
30.078752686405362	49.81440003259034
30.128052979506187	49.796798434427465
30.100858078023567	49.78310555535606
30.083779790835475	49.78836737904387
30.12726251067166	49.79771099334129
30.109154533817538	49.79121968757008
30.122651442470247	49.77467449997246
30.11185530233551	49.78745931549416
30.11895912094054	49.79684114038649
30.0130605658938	49.806353330837936
30.103066537004242	49.80593526197594
30.105933720013695	49.808538077794175
30.078520399511007	49.814339345174886
30.15236683010507	49.78551956588178
30.166473925226533	49.732649588613604
30.005159344517093	49.80819867780406
30.085693557487488	49.820311436391684
30.080142940802933	49.818360448369035
30.074959822787058	49.820713771479305
30.088498335062635	49.80966641418515
30.168696252081503	49.784802555306634
30.105808909145082	49.81819411989706
30.084944692275833	49.795942067564994
30.088709820145557	49.82613293291089
30.079449547088434	49.81959892118065
30.11930581779779	49.80453495605646
30.194157669277878	49.80685456393592
30.116123140648245	49.80783904867546
30.118262260257474	49.81923704437
30.11632422482545	49.80820542085022
30.109834059657747	49.81151625651538
30.14989141454431	49.79709962382267
30.09599045414779	49.80851335329158
30.078978039362575	49.81469897430349
30.075219845429995	49.79694453376096
30.093906806035722	49.79250985706892
30.118033440331686	49.79627921987305
30.122758918495993	49.763272008913816
30.103336960552898	49.8055239361601
30.113980554070444	49.82424487998574
30.10829125864299	49.810448607539854
30.11721523574858	49.82300640717413
30.175266157526373	49.784755353983506
30.172697133814157	49.78461375001412
30.11780115343733	49.80082403298572
30.11742325386293	49.823240166107716
30.104352782344638	49.80650842089964
30.122502362821628	49.79732888739215
30.11631035695116	49.79525202917449
30.128333803960558	49.79675572846845
30.150681883378837	49.74836762921544
30.127969772260446	49.769567766346356
30.200640900508436	49.77553985756315
30.012495450016484	49.80521150835463
30.09161167284073	49.786445610887924
30.108169914742952	49.811390386320376
30.149048941181196	49.794678870250785
30.171761052299583	49.78443393544982
30.044901205263557	49.805818382509145
30.09276617337537	49.78179066135461
30.092797376092523	49.781723230893
30.114649679004938	49.79427653516316
30.150359455301597	49.828135617620774
30.13372147312221	49.75815628455949
30.11252789423857	49.80961696517997
30.18255719243432	49.79077015115932
30.088997578537075	49.81217707503919
30.1010175585779	49.82068679929466
30.158898598895643	49.786843450611435
30.116414366008335	49.823611033646586
30.182616130900055	49.79071845447209
30.175588585603613	49.78280436596086
30.098233582814192	49.78486324272208
30.150765090624578	49.78674680028312
30.126839540505816	49.78541842018936
30.121091306612627	49.80463834943093
30.117288042088603	49.823615529010695
30.118237991477464	49.79642082384244
30.10893611479747	49.81126002076126
30.106724188848222	49.789774428009515
30.078766554279653	49.81446072000579
30.13651584979164	49.81329192533784
30.101107699760785	49.78297743747899
30.10158614142379	49.78014311040922
30.127078761337316	49.768167460426874
30.044419296631983	49.81201973729542
30.123265095907577	49.79747273904359
30.15040799286161	49.79197940410424
30.12424624801359	49.806423008981604
30.199857365611052	49.801918654145894
30.12844474695488	49.76373053605278
30.114684348690663	49.798392041003574
30.14877851763254	49.79436194708121
30.106654849476772	49.81168258498736
30.078645210379616	49.81457535179053
30.168522903652878	49.78672657114464
30.04144117062821	49.81487429350368
30.11465661294208	49.796459034437355
30.12185057273	49.79710411918678
30.11610233883681	49.82366497801588
30.1132178209845	49.798767403906545
30.024823990260263	49.80828858508621
30.12300854023321	49.81315931209667
30.05500741865237	49.81662074245944
30.090848939754785	49.78565667448706
30.053468084606184	49.81656679809015
30.12355978823624	49.80675791360761
30.201261487882913	49.78531053145078
30.104058090015975	49.81789517818391
30.125951996551258	49.79621178941144
30.12088675546685	49.80893816519974
30.13356892650502	49.77365854768417
30.134453003491007	49.807068093731026
30.169302971581686	49.788945033331686
30.037953400244287	49.81250074125492
30.106925273025425	49.79371011928562
30.131467943550092	49.79685237879676
30.12837540758343	49.796798434427465
30.122179934744388	49.79722998938178
30.126576050894307	49.79735136421269
30.11402562466189	49.79152537232938
30.132365888410366	49.79965299063572
30.075261449052864	49.8207384959819
30.175061606380595	49.784705904978324
30.117957167023093	49.819403372841975
30.080011195997177	49.80047788994945
30.071683537486052	49.82234109328622
30.08625173942766	49.81630157160781
30.19874100173071	49.802745801141675
30.093442232247007	49.78588818573859
30.117055755194244	49.82558899385388
30.12903066464363	49.78609047712343
30.001321410307344	49.80132526608371
30.131374335398633	49.796881598663454
30.1107978769209	49.79196816569397
30.053832116306296	49.81785921527105
30.04061603210796	49.802613187900505
30.08217458438641	49.82859864012384
30.13202265852169	49.8018309945458
30.131398604178642	49.81310986309149
30.130531862035518	49.79738732712555
30.083544036972544	49.8113454326793
30.12644430608855	49.77094784312735
30.113120745864467	49.79542285301058
30.042138031311282	49.81496420078583
30.150508534950212	49.791981651786294
30.142596912667788	49.79157706901662
30.04420434458049	49.80323354814734
30.124655350305147	49.77011170540336
30.15027971502443	49.78579378309234
30.096104864110682	49.82132963636203
30.03822382379294	49.80293460643419
30.07112535554588	49.82190279528574
30.150619477944534	49.79367190869071
30.101600009298078	49.80868642480972
30.02910569644729	49.81337958493794
30.11808891182885	49.819540481447255
30.120533124672455	49.793689890147135
30.071451250591696	49.8170792695984
30.14321403307369	49.78967103463504
30.083571772721125	49.81761197024514
30.179956966004955	49.79401580404493
30.135357882288428	49.7969085708481
30.13715723897755	49.81262436376788
30.092603225852464	49.78268523881201
30.08367231480973	49.81351219817911
30.127366519728835	49.79760984764887
30.155008660157307	49.75050517484855
30.099925463477565	49.822590585994185
30.110922687789508	49.82607449317749
30.073909331309594	49.81662299014149
30.005402032317164	49.808070559926996
30.114673947784944	49.80044867008275
30.0855410108703	49.81453938887767
30.094232701081534	49.810383424760296
30.116764529834157	49.79027116574339
30.12392381993635	49.80205126738707
30.136765471528857	49.806744427515284
30.155757525368966	49.78884613532132
30.132528835933275	49.79903038270684
30.007461411649224	49.78371917255673
30.127428925163137	49.798131309885335
30.117277641182884	49.82327388133852
30.093379826812704	49.78720307974003
29.9881815994176	49.80291437729571
30.091112429366294	49.78684569829349
30.148449155618152	49.78730422543245
30.082236989820718	49.83114526389073
30.170079572541926	49.78596460692842
30.123597924890536	49.80241089651567
30.114219774901947	49.79170518689368
30.166820622083783	49.78820105057189
30.096195005293566	49.81506534647825
30.126451240025695	49.796958019853285
30.169462452136024	49.81504961270387
30.07840252257954	49.81416627365675
30.092748838532508	49.819407868206085
30.109539367329084	49.800021610492536
30.11038530766077	49.82612394218267
30.10993460174635	49.79630169669359
30.070612244197154	49.82585871570033
30.17612943270092	49.78375064010548
30.11693787826278	49.79564762121595
30.133041947282003	49.8032695110602
30.140388453687113	49.80667474937162
30.125750912374052	49.79712659600732
30.133333172642093	49.800039591948966
30.166016285374965	49.73604583619681
30.084868418967236	49.81069810024782
30.191657984937113	49.79074317897468
30.07521637846142	49.816166710684584
30.132937938224828	49.790722949836194
30.099873458948977	49.80825262217335
30.131235656655733	49.79677595760693
30.025402974011868	49.80983948570329
30.093144072949773	49.788331416131015
30.092967257552576	49.811664603530936
30.13774662363487	49.81400219286682
30.013448866373917	49.8066320434126
30.12381287694203	49.79443836827104
30.129370427563735	49.79458896296864
30.16956992816177	49.79412144510146
30.047303814484295	49.810214848606265
30.117894761588786	49.82499111042758
30.147131707560607	49.820563176781704
30.068542463959375	49.82031817943785
30.197316077647418	49.79611738676518
30.091660210400747	49.786551251944445
30.13013316064968	49.77113215305576
30.07934900499983	49.82012937414533
30.037398685272688	49.803130154772866
30.108728096683123	49.79085331539531
30.005218282982824	49.808387483096574
30.112742846290065	49.7928267802385
30.14597027308882	49.7898238770147
30.16855410637003	49.7870300082219
30.099672374771774	49.808250374491294
30.117433654768647	49.796780452971035
30.12447853490795	49.78412150764435
30.11548521843091	49.801280312442636
30.134706092196797	49.80883027646116
30.108828638771723	49.792997604074586
30.041559047559677	49.80847514269667
30.095907246902048	49.78646359234435
30.1277617541461	49.77170980734357
30.099963600131865	49.82277714360465
30.094180696552947	49.78587245196422
30.107552794337046	49.79320663850558
30.084504387267124	49.79664109668371
30.095605620636242	49.81179047372594
30.130275306361153	49.79088028757996
30.168557573338603	49.78914507703447
30.132993409721987	49.814869798139576
30.149645259775664	49.78563644534857
30.125047117753837	49.77072532260403
30.124974311413816	49.80602741694014
30.103427101735782	49.80538233219072
30.129730992295272	49.7915388584217
30.184703245980693	49.79781438671576
30.12560529969401	49.76947561138215
30.200484886922673	49.80064197073937
30.100854611054995	49.81882122319006
30.041552113622533	49.8086100036199
30.149894881512882	49.78567690362554
30.114337651833413	49.79687710329935
30.060176668793954	49.817279313301185
30.1543291343171	49.78538695264061
30.115148922479374	49.79613536822161
30.10345137051579	49.805782419596284
30.109078260508944	49.79936978269695
30.0911366981463	49.82022377679159
30.082257791632152	49.831504893019336
30.11850841502612	49.80086449126269
30.14243049817631	49.7917771127194
30.145977207025968	49.79179958953994
30.128538355106336	49.788180821433414
30.150137569312957	49.78575557249742
30.190905652756882	49.79077464652343
30.12014829116091	49.775465684055376
30.077053871804843	49.79835383040866
30.133759609776508	49.76511061283378
30.04051895698793	49.80257497730559
30.16508713779754	49.8053441215958
30.07688745731336	49.80129379853496
30.122568235224506	49.793813512660094
30.14879238550683	49.796299449011535
30.078835893651103	49.81430113457998
30.078686814002484	49.81476190940099
30.102279535138287	49.78502732351201
30.092703767941067	49.782635789806825
30.117149363345703	49.8254226653819
30.073156999129363	49.823972910457236
30.066444947973018	49.82559124153593
30.059365398147992	49.8205586814176
30.082552483960814	49.79220192462756
30.125164994685303	49.79815153902382
30.11646290356835	49.82315924955378
30.115870051942455	49.800909444903766
30.0890322482228	49.80730410034667
30.114233642776238	49.794000070270556
30.012564789387934	49.805063161339085
30.107882156351433	49.843075960232014
30.057406560904536	49.81856049207182
30.087187820942233	49.819129155631416
30.151177659884702	49.79057235513859
30.032229435131104	49.80776262748563
30.128007908914746	49.768185441883304
30.101371189372294	49.84413911384343
30.12369846697914	49.80546774410876
30.023908710557123	49.779650868039454
30.009981897801428	49.80530815868294
30.135205335671237	49.80320208059859
30.105517683784996	49.789138333988305
30.174808517674805	49.784705904978324
30.037246138655497	49.80302226603428
30.123344836184746	49.79749521586413
30.15157636127054	49.83099916455724
30.141015974998734	49.80557788052939
30.11966291556076	49.77415079005394
30.19832149853344	49.74172572874662
30.012422643676462	49.78032742033763
30.05133243196553	49.82294796744073
30.12505058472241	49.80610383812997
30.13316329118204	49.798272913854724
30.107590930991343	49.82207811448593
30.15061601097596	49.82875597786761
30.131443674770082	49.79698723971998
30.10404768911026	49.80613305799667
30.123473114021927	49.79785259731067
30.121718827924244	49.81211863530579
30.11768674347444	49.79608142385232
30.169330707330268	49.78558250097928
30.198515648773498	49.7446567061447
30.12709609618018	49.806440990438034
30.05684491199579	49.83000119372538
30.1321474693903	49.793862961665276
30.201472972965835	49.78892929955731
30.128746373220686	49.798158282069984
30.114743287156394	49.796423071524494
30.117471791422943	49.775396005911716
30.150775491530293	49.78671308505232
30.16855410637003	49.78707496186297
30.12951950721235	49.772910069560275
30.084604929355727	49.81316155977873
30.083627244218285	49.8114668075102
30.12313335110182	49.79973165950761
30.096565970930822	49.81360435314331
30.096995875033812	49.81855374902566
30.121670290364232	49.79343365439301
30.125223933151034	49.794096720598866
30.112021716826987	49.79671751787353
30.117322711774328	49.82375488529802
30.13295527306769	49.790122818727845
30.15178437938489	49.784719391070645
30.16995822864189	49.78451485200375
30.070088731942707	49.81730853316788
30.148286208095247	49.787191841329765
30.125754379342627	49.79620055100117
30.11402909163046	49.793862961665276
30.143110024016515	49.783845042751736
30.123805943004886	49.79798970591595
30.107358644096987	49.815177730580935
30.196560278498612	49.80032504756979
30.099991335880443	49.77700534626219
30.11553028902235	49.79155459219608
30.092738437626792	49.819133650995525
30.11238921549567	49.79289421070011
30.03088771829355	49.81181969359264
30.113301028230236	49.79259302130491
30.123233893190424	49.79418438019896
30.169632333596073	49.78451709968581
30.117190966968572	49.79992720784628
30.118449476560386	49.81924603509821
30.085371129410248	49.81460681933928
30.09695080444237	49.78466769438341
30.054650320889404	49.81654881663372
30.152807135113775	49.78236831564243
30.175481109577866	49.784692418886
30.105739569773633	49.81825705499457
30.064246889898058	49.81743665104495
30.127605740560337	49.76955877561814
30.133256899333496	49.8101159505959
30.09695080444237	49.785465621512486
30.102539557781224	49.81034071880128
30.099925463477565	49.822554623081324
30.175068540317742	49.78481828908101
30.008855133015366	49.80923261154878
30.084490519392837	49.81319302732748
30.11632422482545	49.82316374491789
30.127116897991616	49.79723223706384
30.12697475228014	49.785355485091856
30.17306463248284	49.78430581757276
30.1242705167936	49.798030164192916
30.160493404438988	49.742494436009004
30.117586201385837	49.80054981577516
30.117735281034452	49.80071164888304
30.154089913485596	49.785649931440894
30.03576227610647	49.80399776004561
30.140319114315663	49.79721875097152
30.117783818594468	49.80055431113927
30.040414947930756	49.81474392794456
30.128021776789033	49.807072589095135
30.069527083033964	49.81857622584619
30.1515936961134	49.83240621352289
30.08986778764877	49.813473987584196
30.116653586839835	49.797672782746375
30.115083050076496	49.79636013642699
30.200769178345617	49.77707951976997
30.1467295392062	49.80196810315108
30.095567483981945	49.81171405253612
30.16975367749611	49.78413948910078
30.11272204447863	49.79722549401768
30.150265847150138	49.78589942414886
30.1497666036757	49.796070185442055
30.097377241576787	49.81618693982307
30.09346303405844	49.81197028829024
30.123681132136277	49.789010216111244
30.04061603210796	49.76526570289549
30.0977031366226	49.78468567583984
30.129547242960932	49.783543853356534
30.073562634452344	49.82096101650522
30.147433333826413	49.7847508586194
30.111467001855388	49.82707920705551
30.109359084963316	49.80009578400031
30.153077558662428	49.785456630784275
30.141796042927542	49.78848875387477
30.201039601894273	49.78500934205558
30.112507092427137	49.79282228487439
30.128860783183576	49.75483421048406
30.117596602291552	49.800237387969695
30.12614961375989	49.80537109378045
30.128423945143442	49.78468567583984
30.105431009570683	49.80957425922095
30.09332088834697	49.784335037439455
30.148775050663968	49.79443836827104
30.12829220033769	49.77522967743974
30.097335637953915	49.818135680163664
30.14255877601349	49.80301327530607
30.117322711774328	49.801318523037544
30.11550255327377	49.82865932753929
30.132920603381965	49.789893555158365
30.12218686868153	49.796838892704436
30.155677785091797	49.78932713928082
30.115228662756543	49.828364881190254
30.14605348033456	49.784622740742336
30.12705449255731	49.80627915733016
30.117988369740246	49.77787519921699
30.109747385443434	49.811262268443315
30.117818488280193	49.80067343828812
30.16933764126741	49.78550607978946
30.1439316955682	49.74392396179518
30.1019501731239	49.784193433470065
30.035696403703593	49.80393707263016
30.124128371082126	49.79562289671336
30.117138962439984	49.82377511443651
30.12755373603175	49.76959923389511
30.14329724031943	49.798578598614036
30.12120918354409	49.80478444876442
30.121673757332804	49.805337378549645
30.064083942375152	49.81073406316068
30.060318814505425	49.8173175238961
30.122426089513034	49.77241557950845
30.12314375200754	49.79627247682689
30.20154924627443	49.7940562623219
30.039829030242004	49.76476896516161
30.12488417023093	49.79687036025319
30.083980875012678	49.79713109137142
30.082514347306514	49.81078800752997
30.083911535641228	49.813377337255886
29.988049854611848	49.799985647579675
30.06775546209342	49.82008442050426
30.131630891072998	49.79448332191211
30.07898844026829	49.81970006687307
30.130774549835593	49.79938102110722
30.129106937952226	49.78673556187285
30.176607874363928	49.783831556659415
30.010394467061552	49.77306515962198
30.129970213126775	49.7832831222383
30.11642129994548	49.8081919347579
30.00676801793473	49.808556059250606
30.004056848511038	49.807897488408855
30.121413734689867	49.79337971002372
30.10328495602431	49.805831868601466
30.078627875536753	49.81444723391347
30.105229925393477	49.809614717497915
30.1276230754032	49.81649487226443
30.133437181699268	49.81153873333592
30.122204203524394	49.793658422598384
30.123185355630408	49.79743677613073
30.130760681961302	49.79728168606902
30.125490889731118	49.80204227665885
30.169285636738824	49.78445191690625
30.17201760797395	49.784622740742336
30.09368492004708	49.78576681090769
30.087718267133823	49.8089741281126
30.14257264388778	49.80308520113179
30.095082108381796	49.80798514800895
30.03836596950441	49.81279518760397
30.096129132890688	49.8136830220152
30.08224045678929	49.80402697991231
30.174863989171964	49.784834022855385
30.142534507233485	49.791972661058075
30.196015964432732	49.8047125229387
30.171032988899363	49.7843957248549
30.182546791528605	49.790585841230914
30.036830102426798	49.812613125357615
30.097200426179587	49.78500259900942
30.112794850818652	49.810772273755596
30.080971546291757	49.81636225902326
30.113990954976163	49.7979627337313
30.169746743558967	49.78423164406498
30.05111054597689	49.82295021512278
30.199767224428168	49.762132434112566
30.091105495429147	49.80854931620444
30.20096679555425	49.795942067564994
30.117010684602803	49.82305585617931
30.13217867210745	49.794251810660576
30.1808583778338	49.7853824572765
30.106394826833835	49.79392140139868
30.1107978769209	49.81142859691529
30.125099122282425	49.79412818814762
30.11033677010076	49.810644155878535
30.17549844442073	49.78475760166556
30.117305376931466	49.822997416445915
30.1226445085331	49.793928144444834
30.17276994015418	49.78461150233206
30.139584116978295	49.807306348028725
30.100303363051967	49.77832923099185
30.110877617198067	49.82598458589534
30.14419865214828	49.784065315593004
30.078575871008166	49.81455287497
30.107285837756965	49.8069332328078
30.15571245477752	49.78933613000903
30.06048869596548	49.81754229210147
30.087756403788124	49.81635102061299
30.080288553482976	49.822709713143034
30.13295527306769	49.81163538366423
30.116289555139726	49.780282466696555
30.076100455447406	49.79596454438553
30.12673553144864	49.79725246620232
30.102813448298452	49.80562957721663
30.136214223525833	49.796838892704436
30.121895643321444	49.80432816930751
30.124755892393747	49.80633759706356
30.135770451548552	49.81297724985032
30.10190856950103	49.82515743889956
30.090696393137595	49.82197022574735
30.03049941781343	49.81317954123516
30.14264198325923	49.79371461464973
30.0010371188844	49.807072589095135
30.119434095634976	49.799650742953666
30.07799342028799	49.79965299063572
30.14586973100022	49.79419112324512
30.142773728064984	49.7977784238029
30.12166682339566	49.79679393906336
30.112895392907255	49.792878476925736
30.131582353512982	49.795159874210285
30.125903458991242	49.7970254503149
30.124350257070766	49.80638704606874
30.108870242394595	49.79452153250703
30.120286969903805	49.78682322147295
30.202055423686012	49.79630169669359
30.110499717623664	49.82472138858113
30.097470849728243	49.81509007098084
30.11171662359261	49.78740087576076
30.07530998661288	49.82918528513987
30.17939531709621	49.79574651922631
30.172343503019764	49.73755627853693
30.12383714572204	49.79787507413121
30.13248376534183	49.81168932803352
30.11665705380841	49.82324915683593
30.02191520362794	49.78533525595337
30.09478048211599	49.80809977979369
30.15379175418836	49.75382050587782
30.03602229874941	49.81421347497988
30.170006766201904	49.78587020428216
30.04139610003677	49.80808629370137
30.173629748360156	49.78457553941921
30.072623085969198	49.79808860392632
30.083058661372398	49.799787851558946
30.008373224383792	49.78312353681249
30.169309905518833	49.789082141936966
30.009922959335693	49.80512834411864
30.101648546858094	49.80624768978141
30.01894747852989	49.811995012792835
30.155816463834697	49.789329386962876
30.122485027978765	49.77236837818532
30.121004632398314	49.797920027772285
30.132254945416047	49.79302682394128
30.057281750035923	49.829783168566166
30.072269455174805	49.82635320575215
30.14267318597638	49.7937595682908
30.118172119074586	49.81927300728286
30.038123281704337	49.804000007727666
30.090890543377654	49.808634728122485
30.121576682212773	49.79337971002372
30.149607123121367	49.7962477523243
30.10983752662632	49.79910455621461
30.094998901136055	49.78697381617055
30.101658947763813	49.78008691835788
30.084743608098627	49.796533207945124
30.11532573787657	49.79141074054464
30.07545213232435	49.84695770713883
30.09455859612735	49.810585716145134
30.127893498951853	49.80903931089216
30.123376038901895	49.80524971894955
30.124832165702344	49.77056798486027
30.153961635648415	49.75350358270824
30.133797746430805	49.77320226822726
30.005412433222883	49.808162714891196
30.168547172432884	49.78687042279608
30.150324785615872	49.791972661058075
30.08497242802441	49.79577573909302
30.044239014266214	49.80806831224494
30.07031408489992	49.81772884971193
30.15076855759315	49.78824825189503
30.196816834172978	49.80038123962114
30.123819810879176	49.83350533004717
30.147461069574994	49.797223246335626
30.12315415291326	49.78204689710874
30.09086974156622	49.812435558475364
30.17484318736053	49.7846339791526
30.077944882727973	49.8153642881914
30.201247620008623	49.78288528251479
30.078509998605288	49.814714708077865
29.988046387643276	49.80476421962594
30.147409065046407	49.79723223706384
30.051283894405515	49.8154901583864
30.090654789514726	49.80873362613285
30.151760110604883	49.78574882945126
30.102418213881187	49.80431468321519
30.080430699194448	49.81844810796913
30.12751559937745	49.7964612821194
30.10421757057031	49.79425855370673
30.062222180251723	49.82970225201223
30.100015604660452	49.822855812476526
30.117891294620215	49.79625899073457
30.184592302986374	49.81792664573266
30.102230997578275	49.81253220880368
30.11405682737904	49.7948092358099
30.12608374135701	49.79762108605914
30.166740881806618	49.78749078304291
30.12308828051038	49.79737608871528
30.023468405548417	49.80638255070463
30.148802786412546	49.78528805463024
30.145727585288746	49.8016803998482
30.136543585540217	49.813323392886595
30.122436490418753	49.78016109186565
30.092648296443908	49.782948217612294
30.06267635313472	49.83156333275273
30.19726407311883	49.80426523421001
30.170083039510498	49.78589492878476
30.15161796489341	49.78587020428216
30.122245807147266	49.80508788584168
30.11936128929495	49.799563083353576
30.091337782323507	49.783748392423426
30.117568866542975	49.80086449126269
30.11108910228099	49.829266201693805
30.134466871365298	49.77366304304827
30.117281108151456	49.7903633207076
30.135077057834053	49.79689283707373
30.083589107563988	49.81139712936654
30.102955594009924	49.82215903103987
30.11177209508977	49.796679307278616
30.113734399301798	49.79755140791547
30.195118019572458	49.805407056693305
30.20064783444558	49.77810895815058
30.123691533041992	49.78284482423782
30.132161337264588	49.80166691375588
30.116043400371076	49.79914950985568
30.041808669296895	49.8086729387174
30.10267130258698	49.81941461125224
30.097221227991025	49.78468792352189
30.108873709363166	49.79442038681461
30.116899741608485	49.79559142916461
30.08723635850225	49.81882347087211
30.1098652623749	49.79540487155415
30.087163552162227	49.8193584192009
30.09517571653325	49.78493966391191
30.126298693408508	49.77314158081181
30.124641482430857	49.80090719722171
30.095456540987627	49.805854345422006
30.121874841510007	49.79858758934225
30.128115384940493	49.80744795199811
30.09710681802813	49.814316868354354
30.123403774650477	49.794229333840036
30.150785892436012	49.786281530097995
30.12135132925556	49.79830662908553
30.079407943465565	49.8140471465079
30.038535850964465	49.812644592906366
30.11834546750321	49.8193876390676
30.094298573484412	49.810603697601564
30.12410756927069	49.79784360658246
30.175436038986426	49.78451035663964
30.044356891197676	49.80323354814734
30.10059805538063	49.780740993835515
30.168061796832735	49.78876072340328
30.152380697979357	49.78577580163591
30.129204013072254	49.78981713396854
30.081027017788916	49.816422946438706
30.126326429157086	49.79706590859186
30.040581362422234	49.77362708013542
30.1259589304884	49.79712659600732
30.16867891723864	49.78814485852055
30.11437578848771	49.7916265180218
30.15462035967719	49.80360891105031
30.1658984084435	49.7879627962742
30.13392602426799	49.812188313449454
30.09753672213112	49.78475310630145
30.084785211721496	49.810736310842735
30.070418093957095	49.81727706561913
30.128080715254768	49.796605133770846
30.12826446458911	49.76365636254501
30.04822949509315	49.81059021150924
30.174409816288968	49.78454856723456
30.119437562603547	49.80497774942104
30.081640671226246	49.81903025762105
30.02567339756052	49.810913877724985
30.19591542234413	49.80530815868294
30.084376109429943	49.79649274966816
30.043757105634636	49.80517554544177
30.12801830982046	49.769417171648755
30.113640791150342	49.79516212189234
30.12740465638313	49.79638935629369
30.093088601452614	49.81926401655464
30.11225747068992	49.7893181485526
30.12193031300717	49.81913140331347
30.039260447396114	49.79107358823658
30.14021857222706	49.77233466295451
30.12543888520253	49.793345994792915
30.08389766776694	49.79734012580242
30.13320836177348	49.79834933504455
30.09217678871805	49.782287399088496
30.136890282397466	49.80673768446913
30.174506891408996	49.78488122417851
30.085922377413276	49.829848351345724
30.083429627009654	49.817645685475945
30.168089532581316	49.7913882637241
30.124121437144982	49.805685769267974
30.097671933905445	49.81558905639677
30.150761623656006	49.78664340690865
30.10264703380697	49.785593739389554
29.990826896438413	49.80544077192411
30.078870563336828	49.82041707744821
30.11987440064368	49.795526246385045
30.103170546061417	49.80599594939139
30.047567304095804	49.80874261686107
30.127966305291874	49.768255120026964
30.091060424837707	49.81229395450598
30.116022598559642	49.80831555727085
30.17928437410189	49.78152318719022
30.094315908327275	49.810446359857806
30.130732946212724	49.77276397022678
30.114032558599032	49.79171867298601
30.11657731353124	49.82314126809735
30.09319261050979	49.81927975032902
30.143401249376605	49.74587045445373
30.117735281034452	49.79615110199599
30.19705605500448	49.801615217068644
30.123597924890536	49.794339470260674
30.122093260530075	49.804211289840715
30.168914671101568	49.791174733929
30.12189217635287	49.797032193361055
30.13130152905861	49.81309188163506
30.152682324245166	49.78564768375884
30.008210276860883	49.797385079443494
30.150179172935825	49.79203334847353
30.172430177234077	49.78461599769617
30.065657946107063	49.817531053691205
30.071433915748834	49.79205807297612
30.12624668887992	49.768565300150385
30.1424062293963	49.792004128606834
30.035252631726316	49.762970819518614
30.153139964096734	49.75158855759845
30.19114140661981	49.79076116043111
30.19791933017903	49.799720421097334
30.03729120924694	49.80310992563438
30.147447201700704	49.79712659600732
30.11757926744869	49.80039922107757
30.12183670485571	49.793620212003475
30.12746012788029	49.80082852834983
30.1253418100825	49.794024794773144
30.147315456894948	49.81327169619936
30.11767634256872	49.77546793173743
30.17510667697204	49.78462948378849
30.10307693790996	49.80559136662171
30.1699062241133	49.78441820167544
30.07640901565036	49.815849787515006
30.08311759983813	49.79964399990751
30.114954772239315	49.82853120966223
30.096652645145134	49.78551507051767
30.025177621054656	49.810731815478626
30.08209137714067	49.81090263931471
30.19387337785493	49.79893373237852
30.07515743999569	49.81769738216318
30.088942107039912	49.794197866291285
30.11703842035138	49.79990473102574
30.121049702989755	49.79783012049013
30.08718435397366	49.79430125966576
30.152346028293632	49.78565667448706
30.038386771315846	49.80529017722651
30.08202203776922	49.78690638570894
30.167839910844098	49.788043712828134
30.12300854023321	49.80288965279311
30.067582113664795	49.820158594012035
30.103295356930026	49.7867040943241
30.200152057939714	49.79967097209215
30.128843448340714	49.79584316955462
30.073292210903688	49.81649711994648
30.093424897404145	49.81215909358276
30.13528160897983	49.787059228088594
30.037658707915625	49.81441351868266
30.1004628436063	49.80706135068486
30.100535649946323	49.780525216358356
30.089375478111474	49.78950021079896
30.135888328480018	49.81442026172882
30.118501481088973	49.823831306487854
30.07759471890215	49.8162970762437
30.070275948245623	49.818012057650705
30.044828398923535	49.77107820868647
30.07905431267117	49.82033166553017
30.117028019445666	49.802383924331025
30.136661462471682	49.80675117056145
30.127869230171846	49.783964169900585
30.11418163824765	49.78565892216911
30.16805486289559	49.788891088962394
30.02499040475174	49.81285362733736
30.09780021174263	49.784869985768246
30.11060719364941	49.79698723971998
30.112618035421455	49.79698049667382
30.192358312588755	49.79072519751825
30.125449286108246	49.801954617058755
30.037717646381356	49.812824407470664
30.10438051809322	49.78570612349224
30.09038436596607	49.82462249057077
30.10705355086261	49.82212531580906
30.123833678753467	49.800383487303186
30.01311950435953	49.80624544209935
30.115499086305196	49.802485070023444
30.089805382214465	49.811165618115
30.083079463183832	49.80868192944561
30.035595861614993	49.791336567036865
30.123400307681905	49.794157408014314
30.023523877045577	49.81264234522431
30.150165305061538	49.827663604389485
30.085142309484464	49.81343352930723
30.13074334711844	49.75899691764759
30.175266157526373	49.784595768557686
30.141258662798805	49.80723891756711
30.182768677517245	49.81649711994648
30.079009242079728	49.81984616620656
30.12289413027032	49.796396099339844
30.120990764524024	49.8045619282411
30.117766483751605	49.82412800051895
30.149229223546964	49.82917629441165
30.08687926073928	49.80721419306452
30.123081346573237	49.7946541457482
30.12752600028317	49.787965043956255
30.132085063955994	49.79366067028044
30.089680571345855	49.79305604380798
30.089139724248547	49.81244454920358
30.125865322336946	49.79715356819196
30.118154784231724	49.79634665033466
30.14254144117063	49.79189174450414
30.022005344810825	49.80650842089964
30.125255135868187	49.77030275837793
30.117100825785688	49.80245585015674
30.097061747436687	49.784820536763064
30.09554668217051	49.80574196131931
30.172114683093977	49.73491300444172
30.130150495492543	49.801570263427564
30.11040957644078	49.81708826032662
30.144427472074064	49.78737165589406
30.13490370940543	49.80879206586625
30.16954219241319	49.793656174916336
30.069735101148314	49.8220016932961
30.128007908914746	49.77168058747687
30.12039097896098	49.79380676961393
30.104130896355997	49.809151694994846
30.088851965857028	49.825887935567025
30.133055815156293	49.788922556511146
30.091171367832025	49.8082548698554
30.01069609332736	49.81230069755214
30.04378830835179	49.8151844736271
30.156287971560555	49.74968926626304
30.114133100687635	49.793941630537155
30.101506401146622	49.81949328012413
30.026706554195126	49.78743683867362
30.022088552056566	49.80650842089964
30.117783818594468	49.800617246236776
30.122887196333174	49.793941630537155
30.042793288371485	49.81505186038593
30.1174648574858	49.7799205898859
30.11706268913139	49.82543165611012
30.125809850839786	49.77293479406286
30.146171357266027	49.791588307426885
30.05988891040244	49.817182662972876
30.073285276966544	49.8203496469866
30.11636582844832	49.7987988714553
30.069038240465243	49.81764343779389
30.100837276212133	49.818753792728444
30.10974045150629	49.79698274435587
30.10587478154796	49.81824356890224
30.099755582017515	49.80818069634763
30.19037520656529	49.80055880650338
30.015504778737405	49.80648369639705
30.126347230968523	49.797324392028045
30.151978529624948	49.792480637202225
30.00774570307217	49.783332571243484
30.114122699781916	49.828135617620774
30.151077117796103	49.79065327169253
30.17519335118635	49.78451934736786
30.1369492208632	49.80673993215118
30.102317671792584	49.804215785204825
30.078041957848	49.81789967354802
30.076374345964634	49.791208449159804
30.12470388786516	49.80375725806586
30.132560038650425	49.7579180302618
30.10733090834841	49.82132064563382
30.100702064437804	49.824519097196294
30.11986053276939	49.82579353292077
30.046145846981084	49.815346306734966
30.150903769367478	49.78675579101134
30.116386630259754	49.78905516975232
30.082746634200873	49.8324736439845
30.15096617480178	49.795831931144356
30.089753377685877	49.79284476169493
30.129762195012425	49.77060170009108
30.085787165638948	49.83004839504851
30.033096177274224	49.79518010334877
30.093310487441254	49.78745482013005
30.11430991608483	49.8280951593438
30.122120996278657	49.77215709607227
30.008120135678	49.80949783803112
30.083152269523854	49.81034071880128
30.117596602291552	49.80049587140588
30.04521323243508	49.76787975712399
30.11767634256872	49.82315924955378
30.09712068590242	49.814788881585635
30.15185718572491	49.78573309567688
30.05459138242367	49.81691069344437
30.10415169816743	49.78822577507449
30.116761062865585	49.823359293256566
30.133336639610665	49.75894746864241
30.20014512400257	49.79947767143553
30.121510809809898	49.78597134997458
30.11266657298147	49.79256604912027
30.172301899396892	49.78461375001412
30.132764589796203	49.793190904731205
30.188003800061704	49.81277720614754
30.149329765635567	49.79713783441758
30.100074543126183	49.808245879127185
30.1098271257206	49.799169738994166
30.116882406765622	49.79760984764887
30.121947647850032	49.7985269019268
30.106991145428303	49.80698268181298
30.007000304829084	49.786321988374965
30.103707926190154	49.80710405664389
30.152450037350807	49.83310074727749
30.162594387393916	49.750556871535785
30.200155524908286	49.77233241527246
30.12928028638085	49.79463391660971
30.122758918495993	49.79748397745386
30.11561696323666	49.79489464772794
30.149038540275477	49.79455524773783
30.147020764566285	49.818299760953586
30.114257911556244	49.79406974841422
30.124166507736426	49.79554198015943
30.12780682473754	49.771628890789636
30.114958239207887	49.82820080040033
30.166473925226533	49.73257766278788
30.149409505912732	49.829124597724416
30.080500038565898	49.82167577939831
30.122568235224506	49.80890669765099
30.149801273361426	49.79717154964839
30.103846604933054	49.787654863832834
30.05037208167095	49.80955178240041
30.113665059930348	49.792330042504624
30.03435468686604	49.80954953471836
30.047456361101485	49.82665889051146
30.11408456312762	49.79332576565443
30.084306770058493	49.81324697169677
30.121632153709935	49.79341342525453
30.07927966562838	49.82020579533516
30.090266489034605	49.82450561110397
30.1979990704562	49.79875167013217
30.01301896227093	49.77589499132765
30.069267060391027	49.81922355827768
30.088026827336776	49.821226242987564
30.160535008061856	49.804233766661255
30.123445378273345	49.8069916725412
30.168349555224253	49.7890169591574
30.17955133068197	49.795951058293205
30.070615711165726	49.817256836480645
30.200134723096852	49.79957207408179
30.033938650637342	49.81394375313343
30.134480739239585	49.79766154433611
30.023177180188327	49.812599639265294
30.1228213239303	49.79401355636288
30.176351318689562	49.783831556659415
30.120259234155228	49.78696482544233
30.10677619337681	49.793840484844736
30.127994041040456	49.82576431305407
30.120703006132505	49.80487885141068
30.150650680661684	49.796321925832075
30.12389955115634	49.805663292447434
30.09702361078239	49.78577355395385
30.13924782102676	49.796958019853285
30.130722545307005	49.758626050108724
30.200169392782577	49.799619275404915
30.084168091315593	49.81650386299265
30.121271588978395	49.79823695094186
30.10142319390088	49.82126445358247
30.122273542895844	49.79380227424983
30.112056386512712	49.787457067812106
30.086168532181922	49.79895845688112
30.040609098170815	49.765762440629366
30.13070174349557	49.77281566691401
29.989228623926493	49.80300428457785
30.070820262311504	49.8174051834962
30.132223742698894	49.79335273783908
30.10061192325492	49.80698268181298
30.104949100939105	49.80412812560473
30.10854434734878	49.81080374130435
30.069669228745436	49.824285338262705
30.133457983510702	49.798771899270655
30.142926274682175	49.793752825244646
30.06871927935657	49.8202619873865
30.17385856828594	49.78455755796278
30.118383604157508	49.81931346555982
30.085000163772992	49.79585665564695
30.06316519570344	49.82762089843047
30.117190966968572	49.82329411047701
30.037367482555535	49.802356952146376
30.10201951249535	49.81256142867038
30.131665560758723	49.801491594555685
30.131402071147214	49.79086680148764
30.065058160544023	49.81845035565119
30.161287340242087	49.78847526778245
30.066441481004446	49.82598683357739
30.124991646256678	49.77034995970106
30.087635059888086	49.81687023516741
30.087312631810843	49.81277945382959
30.101804560443856	49.80565654940128
30.196948578978734	49.801702876668735
30.168477833061434	49.788268481033505
30.11720136787429	49.80202204752037
30.117513395045815	49.823995387277776
30.089039182159944	49.79411020669119
30.131291128152895	49.81313458759408
30.20087318740279	49.78269872490433
30.117180566062856	49.79554198015943
30.132799259481928	49.7991000608505
30.020573486790386	49.81223326709053
30.094842887550293	49.80813799038861
30.1178808937145	49.795872389421326
30.145186738191438	49.79716031123812
30.124273983762173	49.77135017821497
30.150130635375813	49.78649281221105
29.999678067203984	49.806679244735726
30.11813744938886	49.827742273261364
30.117561932605827	49.82408079919582
30.09847280364569	49.784816041398955
30.15247777309939	49.782384049416805
30.071524056931718	49.82499111042758
30.142274484590548	49.803094191860005
30.150626411881678	49.78729073934013
30.14424372273972	49.78405407718274
30.09127190992063	49.812183818085344
30.053904922646318	49.81711523251126
30.113325297010245	49.79015653395865
30.14253104026491	49.79193445046317
30.137191908663276	49.788484258510664
30.17367828592017	49.7845710440551
30.064465308918127	49.81738720203977
30.061989893357367	49.81718041529082
30.09423616805011	49.78589942414886
30.11553375599092	49.79478451130731
30.14749573926072	49.795910600016235
30.121808969107132	49.77300447220653
30.115228662756543	49.79146243723188
30.111279785552476	49.78406306791095
30.06330040747777	49.817380458993604
30.06374417945505	49.83674648756867
30.201694858954472	49.78906640816259
30.140593004832887	49.78540718177909
30.195544456706873	49.805937509657994
30.19842204062204	49.74014560826284
30.090346229311773	49.82034065625839
30.012419176707887	49.80656686063304
30.17559205257219	49.72195736508394
30.112271338564206	49.78745931549416
30.043576823268868	49.79326507823898
30.060048390956773	49.83218144531751
30.1485566316439	49.79514863580002
30.12834767183485	49.802993046167586
30.118570820460423	49.82380658198526
30.094343644075856	49.81034071880128
30.096236608916435	49.81416627365675
30.124416129473644	49.771633386153745
30.08300665684381	49.81040140621673
30.106238813248073	49.793982088814126
30.150876033618896	49.832457910210124
30.139334495241073	49.78315050899713
30.10044897573201	49.81399095445656
30.12172229489282	49.79731315361777
30.15931463512434	49.750269168232904
30.04178440051689	49.80874261686107
30.13735485618618	49.815076584888516
30.145269945437178	49.784047334136574
30.08496896105584	49.79588587551365
30.061989893357367	49.8179783424199
30.110527453372246	49.79722099865357
30.156884290155023	49.80391459580962
30.12820899309195	49.79678270065309
30.02006037544166	49.770347712019
30.189605539542196	49.798441490008756
30.113800271704676	49.79383374179858
30.08196309930349	49.8108352088531
30.113699729616073	49.79980808069743
30.127279845514522	49.77366978609444
30.04413847217761	49.808043587742354
30.12474549148803	49.79911804230693
30.105531551659286	49.79578472982123
30.06681938057885	49.82569238722835
30.126607253611457	49.79592408610856
30.078822025776812	49.794755291440616
30.13282699523051	49.78989130747631
30.090207550568874	49.82036088539687
30.136900683303185	49.80478444876442
30.122415688607315	49.80890669765099
30.149780471549988	49.78563644534857
30.110322902226468	49.82601380576204
30.148844390035418	49.79503625169733
30.08282637447804	49.79592633379062
30.090568115300414	49.793853970937064
30.070414626988523	49.817796280173546
30.14147014788173	49.80740075067498
30.062513405611814	49.82921675268862
30.11959357618931	49.804352893810105
30.12812578584621	49.79059483195913
30.167753236629785	49.78860788102362
30.094173762615803	49.7840316003622
30.100871945897858	49.81359086705099
30.195780210569804	49.79511941593332
30.188568915939022	49.78195698982659
30.080579778843067	49.82932239374515
30.107258102008384	49.811505018105116
30.151884921473492	49.78586570891805
30.1468300812948	49.79716255892017
30.110107950174974	49.81683202457249
30.12142066862701	49.76826186307313
30.139473173983973	49.807609785105974
30.113665059930348	49.796180321862686
30.106100134505173	49.80716249637728
30.10991033296634	49.81157694393084
30.113297561261664	49.79761883837708
30.127581471780328	49.784065315593004
30.10102795948362	49.803676341511924
30.008029994495114	49.7811208521026
30.086861925896418	49.81425393325684
30.169604597847496	49.738511543409764
30.150525869793075	49.786688360549725
30.088720221051275	49.80936972015406
30.09382359878998	49.783748392423426
30.117471791422943	49.796276972190995
30.18416933282053	49.78403384804425
30.10356231351011	49.80642525666365
30.075441731418632	49.79698723971998
30.17900701661609	49.78106690773331
30.123532052487658	49.79761659069503
30.06114395302568	49.82063735028948
30.091781554300784	49.82039909599178
30.07941487740271	49.819875386073264
30.11445552876488	49.784371000352316
30.097876485051223	49.81493498091913
30.104883228536227	49.8183087516818
30.103555379572963	49.806953461946286
30.092991526332582	49.819230301323834
30.131492212330098	49.81099479427892
30.13514986417408	49.78719408901182
30.025496582163324	49.80970687246212
30.048860483373343	49.808639223486594
30.053592895474793	49.81874030663612
30.117724880128737	49.81093410686346
30.06989804867122	49.81808398347643
30.069797506582617	49.81742541263468
30.126749399322932	49.76782131739059
30.106942607868287	49.80238167664897
30.185150484926545	49.78391696857746
30.11408456312762	49.82365598728766
30.14236115880486	49.79757838010012
30.114829961370706	49.796537703309234
30.10862755459452	49.82486973559668
30.1225439664445	49.798926989332365
30.121063570864045	49.797980715187734
30.14965566068138	49.796180321862686
30.025423775823302	49.81291206707076
30.112070254387003	49.81711298482921
30.101912036469603	49.78908663730107
30.161966866082295	49.78476659239377
30.1169101425142	49.79028015647161
30.12163908764708	49.79735810725885
30.11793983218023	49.825076522345626
30.15137874406191	49.78256611166316
30.07668984010473	49.82539794087931
30.005772997954423	49.80832454799907
30.126402702465683	49.7970007258123
30.146424445971817	49.78722555656057
30.007880914846496	49.80314139318313
30.13170369741302	49.813831369030744
30.056668096598592	49.81672188815186
30.125764780248343	49.801954617058755
30.13752127067766	49.75919471366832
30.031484036888017	49.78360004540788
30.135458424377028	49.76616927108109
30.093573977052763	49.81192983001328
30.12094916090115	49.797823377443976
30.08574902898465	49.81640271730023
30.05979530225098	49.818922368882475
30.13007768915252	49.79674898542228
30.101534136895204	49.80619599309417
30.1276230754032	49.79669728873505
30.183940512894747	49.81572391731999
30.11470861747067	49.80224456804369
30.116327691794023	49.82378860052883
30.20108813945429	49.78571061885635
30.151246999256152	49.78263803748888
30.118986856689123	49.7785989528383
30.10660977888533	49.81171854790022
30.110066346552102	49.79714457746375
30.082694629672286	49.80819867780406
30.067290888304708	49.82246246811712
30.1087558324317	49.8100237956317
30.139473173983973	49.80750414404945
30.122592504004515	49.78808192342304
30.12300854023321	49.797549160233416
30.08773906894526	49.81761646560925
30.049512273464973	49.81389879949236
30.079262330785518	49.820255244340345
30.078211839308054	49.815256399452814
30.09271070187821	49.781867082544444
30.127286779451666	49.769641939854125
30.148740380978243	49.78723679497084
30.12211406234151	49.79688834170962
30.128260997620536	49.79619380795501
30.00983281815281	49.805469991790815
30.042807156245775	49.814966448467885
30.09233280230381	49.78220423485251
30.093216879289795	49.81204670948007
30.13479276641111	49.78714913537074
30.126447773057123	49.78682771683706
30.073160466097935	49.80598246329907
30.095141046847527	49.8087358738149
30.11166115209545	49.78738963735049
30.09786955111408	49.784780078486094
30.123809409973457	49.798135805249444
30.115079583107924	49.7945664861481
30.08400861076126	49.81334362202508
30.09087320853479	49.81260188694734
30.141258662798805	49.774206982105284
30.125861855368374	49.80572847522699
30.105226458424905	49.78596235924636
30.0063554486746	49.797385079443494
30.114621943256356	49.81983717547835
30.11779768646876	49.81952699535493
30.20185433950881	49.79498230732804
30.14023244010135	49.815256399452814
30.024577835491616	49.808326795681126
30.10690447121399	49.78986883065577
30.088220977576835	49.80953380094398
30.112947397435843	49.79519358944109
30.11499984283076	49.82847276992883
30.078201438402335	49.81778054639917
30.00722912475487	49.79145344650366
30.122079392655785	49.793734843788215
30.037696844569922	49.80212544089484
30.125442352171103	49.78439347717285
30.0637753821722	49.83553049157759
30.117561932605827	49.80092293099609
30.117156297282847	49.77525664962438
30.09772740540261	49.78474636325529
30.12425664891931	49.823332321071916
30.108929180860326	49.81751082455272
30.087680130479526	49.8087605983175
30.085977848910435	49.79710411918678
30.12794897044901	49.78372816328494
30.101943239186756	49.80932701419504
30.139057137755273	49.78698280689876
30.116944812199925	49.82339300848737
30.132989942753415	49.796591647678525
30.13493144515401	49.80862348971222
30.162147148448067	49.784678932793675
30.120020013323725	49.82580252364898
30.094690340933106	49.77364506159184
30.131558084732976	49.78524759635327
30.087271028187974	49.81894934106712
30.035037679674822	49.786578224129094
30.16943124941887	49.7936966331933
30.146150555454593	49.82083964167432
30.122592504004515	49.797522188048774
30.0311581418422	49.81184666577729
30.171861594388186	49.784375495716425
30.071849951977534	49.817686143752915
30.084962027118696	49.795708308631404
30.09002380123453	49.79117023856489
30.143682073830977	49.79328980274157
30.147374395360682	49.797133339053474
30.103905543398785	49.787809953894545
30.107219965354087	49.81158593465905
30.062863569437635	49.82712191301453
30.133433714730693	49.77335286292486
30.09367105217279	49.811968040608186
30.14035725096996	49.81610602326913
30.11020155832643	49.796958019853285
30.100549517820614	49.81407187101049
30.118224123603174	49.800635227693206
30.09333475622126	49.7821997394884
30.199475999068078	49.80224456804369
30.031858469493848	49.81298848826059
30.125081787439562	49.77067587359885
30.12773401839752	49.79690182780194
30.142912406807884	49.793332508700594
30.138904591138086	49.796926552304534
30.11245508789855	49.79497331659983
30.12767854690036	49.76827984452956
30.12280052211886	49.802961578618834
30.117974501865955	49.80072738265741
30.088318052696867	49.81043062608342
29.98851442840056	49.80305598126509
30.083294415235326	49.81030700357047
30.124332922227904	49.805186783852044
30.16930643855026	49.79370562392152
30.123330968310455	49.8018309945458
30.093546241304182	49.81226923000339
30.126042137734142	49.790767903477274
30.106044663008014	49.80836725395809
30.113453574847426	49.79559817221077
30.13488984153114	49.808731378450794
30.125383413705368	49.769801525279945
30.07024474552847	49.817337753034586
30.02073296734472	49.81159942075137
30.1390536707867	49.81952025230877
30.114521401167753	49.796551189401555
30.059985985522466	49.83473256444851
30.132625911053303	49.79513739738975
30.046752566481267	49.80671520764859
30.091126297240585	49.81130946976644
30.158902065864215	49.80132301840165
30.090571582268986	49.78368770500798
30.127435859100284	49.79755140791547
30.090457172306092	49.808807799640626
30.16855410637003	49.7889248041932
30.02241444710238	49.812030975705696
30.13296567397341	49.76317311090345
30.110496250655093	49.799376525743114
30.125379946736796	49.79346287425971
30.1991709058337	49.755402874043654
30.075278783895726	49.829248220237375
30.11337383457026	49.795443082149056
30.099353413663106	49.79993395089244
30.118546551680417	49.81918310000071
30.112215867067047	49.83263997245648
30.09571656363056	49.81315256905051
30.116345026636886	49.8236200243748
30.053884120834883	49.823918966087945
30.126738998417213	49.78812912474618
30.15043572861019	49.78576006786153
30.179024351458953	49.79560491525693
30.174895191889117	49.78461150233206
30.133894821550836	49.77329217550941
30.02032733202174	49.81223101940848
30.197336879458852	49.78281785205318
30.08523245066735	49.81304468031193
30.110978159286667	49.82750177128162
30.05126309259408	49.81555983653007
30.11743712173722	49.79560941062103
30.022965695105405	49.81257041939859
30.11765900772586	49.82504280711482
30.12823326187196	49.79669504105299
30.041943881071223	49.808978623476705
30.08886583373132	49.80917192413333
30.126021335922708	49.77311011326306
30.09279390912395	49.78466994206546
30.10664098160248	49.80820542085022
30.16867891723864	49.78831568235663
30.192476189520217	49.78354834872064
30.151874520567773	49.784719391070645
30.13952171154399	49.81514851071424
30.036615150375304	49.79205807297612
30.198116947387664	49.804220280568934
30.105198722676324	49.8175557781938
30.130497192349793	49.80432816930751
30.105229925393477	49.81750408150656
30.042058291034117	49.81393925776932
30.08426169946705	49.81145781678199
30.069724700242595	49.82204439925513
30.201400166625813	49.78870902671604
30.11005247867781	49.79500253646653
30.12388221631348	49.79444735899925
30.151246999256152	49.79229407959176
30.13998281836413	49.79707489932008
30.063276138697763	49.821203766167024
30.07748377590783	49.82240627606578
30.169424315481724	49.79362470736758
30.087056076136477	49.819288741057235
30.10774001063996	49.796335411924396
30.12184710576143	49.771977281507965
30.174382080540386	49.78482727980922
30.14922228960982	49.79515762652824
30.12185057273	49.79847070987545
30.056896916524376	49.82985509439189
30.02401618658287	49.812705280321815
30.09319261050979	49.78601180825155
30.197901995336167	49.7996687244101
30.0921074493466	49.79002841608159
30.126544848177154	49.79739407017171
30.110784009046608	49.810543010186116
30.013029363176646	49.77587251450711
30.167950853838416	49.78803022673581
30.135354415319853	49.787155878416904
30.10123944456654	49.814294391533814
30.13288246672767	49.80054532041106
30.07543826445006	49.799156252901845
30.087884681625304	49.79511492056921
30.12526206980533	49.79385172325501
30.179527061901965	49.79590610465213
30.097876485051223	49.78515094602496
30.033522614408643	49.77568370921459
30.11747872536009	49.79621178941144
30.16935844307885	49.78716037378101
30.09603205777066	49.80858078375319
30.17085270653359	49.73514002032915
30.091244174172047	49.8131188538197
30.110010875054943	49.79519134175904
30.198945552876488	49.74902395237513
30.16902561409589	49.787209822786195
30.078152900842323	49.81796485632758
30.122457292230187	49.76651316643532
30.142565709950635	49.80314139318313
30.091722615835053	49.79733563043831
30.07944261315129	49.81977199269879
30.12918321126082	49.80854706852239
30.123403774650477	49.797549160233416
30.083284014329607	49.817261331844755
30.197777184467558	49.73260688265458
30.16653979762941	49.78442269703955
30.198713265982132	49.80008904095415
30.088064963991073	49.82128468272096
30.15638157971201	49.785144202978806
30.169504055758892	49.79351232326489
30.12715156767734	49.81121281943813
30.117634738945853	49.77919009321843
30.150414926798756	49.786072495667
30.176857496101146	49.8228715462509
30.133100885747734	49.80072513497536
30.10328495602431	49.812260239275176
30.11945836441498	49.79941923170213
30.083651512998294	49.78869554062372
30.05667503053574	49.822550127717214
30.052830162388847	49.780255494511906
30.083682715715444	49.79014754323044
30.125442352171103	49.76820117565768
30.201258020914338	49.78863260552622
30.111699288749747	49.79045997103591
30.13024063667543	49.79673774701202
30.007076578137678	49.80455068983083
30.0649472175497	49.827452322276436
30.147103971812026	49.79725471388438
30.11661891715411	49.79309200672084
30.022213362925175	49.806490439443216
30.126749399322932	49.76774939156488
30.197898528367595	49.803323455429485
30.12472815664517	49.805049675246764
30.081082489286075	49.816492624582374
30.169122689215918	49.7888618690957
30.06391752788367	49.81061943137594
30.132639778927594	49.79914726217363
30.1173261787429	49.80124659721183
30.086508295102025	49.815681211360975
30.11773181406588	49.779893617701255
30.12915547551224	49.78743683867362
30.08277436994945	49.832718641328356
30.1341132405709	49.80835826322988
30.071031747394425	49.82203316084485
30.09180235611222	49.786537765852124
30.110790942983755	49.811235296258666
30.127768688083243	49.78816508765904
30.131963720055957	49.79385172325501
30.152148411085	49.78227391299617
30.113755201113232	49.799376525743114
30.19392538238352	49.80506540902114
30.14876464975825	49.79429002125549
30.111605680598288	49.810525028729685
30.064142880840883	49.81734449608074
30.09147992803498	49.812392852516346
30.102265667263996	49.81411907233362
30.105642494653605	49.789120352531874
30.036424467103817	49.81298624057853
30.10986872934347	49.796533207945124
30.117499527171525	49.80115219456557
30.175137879689192	49.7847508586194
30.11918794086633	49.776166960856145
30.169354976110274	49.78114557660519
30.196861904764422	49.805254214313656
30.075871635521622	49.81683202457249
30.197302209773127	49.796225275503765
30.09092868003195	49.78562970230241
30.11864709376902	49.79739407017171
30.113990954976163	49.836876853127784
30.099381149411684	49.807394007628815
30.095636823353395	49.78611969699013
30.119603977095025	49.78722555656057
30.13020250002113	49.79881685291173
30.092644829475336	49.80668149241778
30.133451049573555	49.78862811016211
30.1677636375355	49.7915343630576
30.153725881785483	49.74947124110383
30.03022206032763	49.81285137965531
30.024241539540082	49.7799498097526
30.12061286494962	49.76603665783992
30.092627494632474	49.791377025313835
30.1748466543291	49.78453283346018
30.149028139369758	49.795105929841
30.07521637846142	49.79839878404973
30.12521353224532	49.796238761596086
30.146004942774546	49.791509638555006
30.142517172390622	49.803287492516624
30.16914002405878	49.78454856723456
30.126114944074164	49.821914033696004
30.140384986718537	49.78434627584972
30.08645975754201	49.815699192817405
30.1116923548126	49.82960560168392
30.096309415256457	49.78595786388226
30.024813589354544	49.808135742706554
30.127928168637577	49.8091247228102
30.025468846414746	49.81021035324216
30.104931766096243	49.78619162281585
30.099908128634702	49.77686598997486
30.08814123729967	49.7887449896289
30.110087148363537	49.79910905157872
30.02142636105922	49.807452447362216
30.173307320282916	49.78458453014742
30.124558275185116	49.770433123937046
30.151399545873343	49.78762789164819
30.084989762867274	49.81070484329398
30.190978459096904	49.79619156027296
30.172055744628246	49.795434091420844
30.161103590907747	49.78443393544982
30.14314122673367	49.79713558673553
30.142156607659082	49.80242438260799
30.08016720958294	49.83042825331559
30.04363922870317	49.8052519666316
30.125099122282425	49.79821672180338
30.1230986814161	49.79757388473601
30.13282699523051	49.786207356590225
30.09222185930949	49.78638492347247
30.106855933653975	49.79760984764887
30.17456582987473	49.784454164588304
30.195416178869692	49.805368846098396
30.12755373603175	49.760392728202966
30.107025815114028	49.81464053457009
30.14126212976738	49.81531259150416
30.182411579754277	49.78986433529167
30.10304920216138	49.80658484208947
30.139428103392532	49.78687716584224
30.149302029886986	49.787266014837535
30.127855362297556	49.76820791870384
30.139729729658338	49.78250542424771
30.168765591452953	49.78906640816259
30.082403404312196	49.83212525326617
30.08313146771242	49.80499573087747
30.19100619484548	49.79627022914484
30.130920162515636	49.79675123310434
30.124613746682275	49.76622771081449
30.088151638205385	49.80949334266702
30.173737224385903	49.78457329173715
30.155483634851738	49.78920801213197
30.15881192468133	49.80138820118121
30.025787807523415	49.81192308696711
30.139424636423957	49.787164869145116
30.0904814410861	49.78563869303063
30.12465881727372	49.79906634561969
30.129835001352447	49.7898868121122
29.99819767162353	49.80642076129955
30.077449106222105	49.81579359546366
30.124956976570953	49.80843917978381
30.116528775971226	49.82472138858113
30.155632714500356	49.789138333988305
30.110683466958008	49.81934268542653
30.117253372402878	49.824051579329115
30.0418710747312	49.81341330016875
30.01150043003618	49.80497325405693
30.176701482515384	49.78329436064857
30.138027448089243	49.814101090877195
30.103253753307158	49.805759942775744
30.10566676343361	49.81828402717921
30.057056397078714	49.83011133014601
30.04852072045324	49.81261762072172
30.073313012715122	49.82115206947979
30.094950363576043	49.78534424668159
30.047764921304434	49.80872913076874
30.126520579397145	49.77099953981459
30.18485232562931	49.81788169209159
30.132702184361897	49.77247177155979
30.037644840041335	49.805076647431406
30.118407872937517	49.82381107734937
30.121604417961354	49.812163588946866
30.14433733089118	49.743330573733
30.081439587049044	49.818016553014814
30.078575871008166	49.817265827208864
30.074581923212655	49.826198115690445
30.141629628436064	49.79797397214158
30.129997948875356	49.77438230130547
30.11906659696629	49.804582157379585
30.117752615877315	49.775497151604135
30.039229244678964	49.7909364796313
30.16906721771876	49.78431930366508
30.14913908236408	49.78727725324781
30.13175916891018	49.801437650186394
30.05120762109692	49.82292773830225
30.041930013196932	49.81487878886779
30.11198358017269	49.796807425155684
30.023343594679808	49.80936522478995
30.1197079861522	49.77237736891353
30.058536792659165	49.825350739556185
30.087995624619623	49.79640284238601
30.03965568181338	49.76462511351017
30.14303375070792	49.793844980208846
30.071094152828728	49.81824356890224
30.124832165702344	49.7845418241884
30.117652073788715	49.77531284167573
30.117083490942825	49.822896270753496
30.10976818725487	49.791478171006254
30.101873899815306	49.80559136662171
30.151163792010415	49.73710674212618
30.119753056743644	49.775081330424186
30.13041051813548	49.773139333129755
30.112659639044328	49.795067719246084
30.097990895014117	49.815442957063276
30.11451446723061	49.82855818184687
30.112739379321493	49.79295265043351
30.128021776789033	49.790896021354335
30.158149733683985	49.78501383741968
30.10040390514057	49.810273288339665
30.125584497882574	49.79642082384244
30.08235833372075	49.820695790022874
30.12775135324038	49.76818319420125
30.126198151319905	49.77404065363331
30.113852276233263	49.824271852170384
30.097283633425327	49.7847508586194
30.11759313532298	49.82489221241722
30.06583476150426	49.83468536312538
30.10949082976907	49.79132982399071
30.167801774189797	49.78886411677775
30.12766467902607	49.768374247175814
30.133419846856405	49.791071340554524
30.12354592036195	49.79042176044099
30.126111477105592	49.774022672176876
30.178018930572932	49.7915343630576
30.199524536628093	49.75888678122696
30.11414003462478	49.795919590744454
30.16854023849574	49.7892552134551
30.134009231513726	49.75747748457926
30.124693486959444	49.80623645137114
30.103777265561604	49.81862342716933
30.08313146771242	49.79845497610108
30.184498694834918	49.816029602079304
30.117561932605827	49.79012956177401
30.07391973221531	49.82199944561405
30.109709248789137	49.79055212600011
30.115089984013643	49.82838061496463
30.103031867318517	49.80554641298064
30.100026005566168	49.80110049787833
30.11230254128136	49.78918553531143
30.10093088436359	49.782883034832736
30.117097358817116	49.775164494660174
30.126451240025695	49.79581619736998
30.149433774692742	49.7855914917075
30.119586642252163	49.807315338756936
30.07867988006534	49.814175264384964
30.172180555496855	49.784622740742336
30.119697585246485	49.82407630383171
30.128839981372142	49.754989300545766
30.12151427677847	49.78810215256153
30.04961974949072	49.82475735149399
30.12100116542974	49.79346736962382
30.14676074192335	49.79716031123812
30.18242891459714	49.73654032624864
30.071742475951787	49.8177063728914
30.055263974326735	49.81664546696203
30.141660831153214	49.78654001353418
30.08827991604257	49.80936072942585
30.118671362549026	49.82376612370829
30.15122966441329	49.78254588252467
30.09628514647645	49.790565612092436
30.09380626394712	49.820140612555605
30.127574537843184	49.76841920081689
30.146389776286092	49.801916406463846
30.176077428172334	49.73756976462925
30.109754319380578	49.811624145253965
30.132920603381965	49.81154997174619
30.103912477335932	49.80709956127978
30.11329062732452	49.834480824058495
30.154433143374273	49.785297045358455
30.136578255225942	49.816744364972394
30.104526130773262	49.80598246329907
30.13323263055349	49.79020373528178
30.150810161216018	49.79633091656029
30.08079473089456	49.81644317557719
30.02562486000051	49.810747549253
30.12266877731311	49.80721419306452
30.177901053641467	49.801509576012116
30.155324154297404	49.78907989425491
30.124665751210863	49.79485868481508
30.139778267218354	49.78309206926373
30.12985580316388	49.809999071129106
30.09627127860216	49.78580726918466
30.09380973091569	49.78370793414646
30.14248596967347	49.7922581166789
30.11912206846345	49.804132620968836
30.17366441804588	49.78376862156191
30.113491711501723	49.79728618143313
30.080846735423147	49.81651734908497
30.122575169161653	49.79882134827584
30.092617093726755	49.79526551526681
30.056709700221464	49.82999669836127
30.038275828321527	49.80522049908285
30.128663165974945	49.79604995630357
30.12897519314647	49.79575326227248
30.085880773790404	49.830007936771544
30.109476961894778	49.81150052274101
30.133076616967728	49.81165336512066
30.08798869068248	49.812608629993505
30.125210065276743	49.79629720132948
30.12467615211658	49.789491220070744
30.09351503858703	49.82022377679159
30.103236418464295	49.8057621904578
30.08144998795476	49.81681853848017
30.085014031647283	49.8105924591913
30.133229163584918	49.7750273860549
30.182300636759958	49.790630794871994
30.106654849476772	49.801761316402136
30.099925463477565	49.80117916675022
30.03713866262975	49.80315937463956
30.117527262920103	49.7956790887647
30.128538355106336	49.80917866717949
30.13355505863073	49.81157244856673
30.144226387896857	49.787425600263354
30.09140018775781	49.80844367514792
30.12686034231725	49.787191841329765
30.128323403054843	49.8072591467056
30.097876485051223	49.8148832842319
30.100570319632048	49.8247910667248
30.030378073913393	49.79008910349704
30.117679809537293	49.8251214759867
30.141646963278927	49.78639166651863
30.136106747500083	49.809120227446094
30.20014512400257	49.80154329124292
30.13838107888364	49.823768371390344
30.128805311686417	49.79577573909302
30.1141122988762	49.825928393843995
30.080746193334544	49.81638024047969
30.129730992295272	49.79546780665165
30.103596983195835	49.80575769509369
30.08694513314216	49.811738777038705
30.07908551538832	49.81478438622153
30.059434737519442	49.82081716485378
30.116400498134045	49.79337296697756
30.069752435991177	49.81795137023526
30.01315764101383	49.806126314950504
30.191207279022688	49.79065102401048
30.109958870526356	49.75653121043464
30.115509487210915	49.778790005812866
30.129373894532307	49.761327763937324
30.117624338040134	49.82496863360704
30.072453204509145	49.817045554367596
30.0596288877595	49.831642001624616
30.168217810418497	49.79165349020645
30.119347421420663	49.787457067812106
30.19806840982765	49.734870298482704
30.12390648509349	49.80536210305223
30.114493665419175	49.794202361655394
30.096406490376488	49.78599832215922
30.127439326068856	49.796546694037445
30.102016045526778	49.81244454920358
30.098517874237135	49.80788849768064
30.144274925456873	49.78902594988562
30.12580291690264	49.773125847037434
30.20167752411161	49.78916980153706
30.091362051103513	49.786587214857306
30.04458224415489	49.80307845808563
30.12911387188937	49.78600281752333
30.094936495701752	49.80865495726097
30.114063761316185	49.83387170222193
30.13976093237549	49.806766904335824
30.110600259712268	49.827490532871344
30.124194243485004	49.80773115993688
30.137833297849184	49.82353011709265
30.096971606253803	49.78527232085587
30.094426851321597	49.820929548956464
30.1291728103551	49.82294347207662
30.101714419260972	49.80865046189686
30.133541190756443	49.798904512511825
30.14392129466248	49.78566116985117
30.095688827881983	49.8167151451057
30.164802846374595	49.789174296901166
30.14126212976738	49.80705910300281
30.12606640651415	49.7965781615862
30.10081994136927	49.80679162883842
30.124121437144982	49.806481448715
30.080687254868813	49.8135953624151
30.112725511447202	49.7952565245386
30.127234774923078	49.79719402646893
30.176930302441168	49.7213370048371
30.075875102490194	49.83672401074813
30.167656161509754	49.78810664792564
30.107497322839887	49.79555996161585
30.18604842978682	49.78384729043379
30.18065035971945	49.81134768036136
30.12383714572204	49.80538008450866
30.169212830398802	49.79322911532612
30.07016153828273	49.81798283778401
30.04739742263575	49.81587675969965
30.124319054353613	49.81588350274581
30.079938389657155	49.8189066351081
30.122540499475928	49.809055044666536
30.015837607720364	49.812087167757035
30.08441424608424	49.7965781615862
30.133118220590596	49.79838529795741
30.126541381208582	49.79586115101105
30.168571441212894	49.78716262146307
30.114951305270743	49.82811538848229
30.12111210842406	49.798131309885335
30.120092819663746	49.797535674141095
30.13707056476324	49.809888934708475
30.11722910362287	49.82361328132864
30.18937325264784	49.79197041337603
30.083290948266754	49.822898518435544
30.128326870023415	49.79669054568889
30.10711248932834	49.80687928843851
30.142444366050597	49.79158381206278
30.125598365756865	49.80783455331135
30.101274114252266	49.80825262217335
30.12812578584621	49.775283621809024
30.17532856296068	49.784526090414026
30.037284275309794	49.8143775557698
30.126031736828423	49.796510731124584
30.063990334223696	49.817571511968175
30.12459294487084	49.80377748720434
30.112222801004194	49.79302457625923
30.13213360151601	49.801822003817584
30.082417272186486	49.81082846580694
30.00619943508884	49.81292555316308
30.169185094650224	49.78114557660519
30.072099573714752	49.82639815939323
30.14588359887451	49.8017096197149
30.125185796496737	49.81690395039821
30.16620350167788	49.78890232737266
30.124794029048047	49.806198240776226
30.070938139242966	49.822183755542454
30.12116757992122	49.80157925415578
30.139001666258114	49.78311005072016
30.12950563933806	49.7869423486218
30.09479434999028	49.81041489230905
30.14862597101535	49.794971068917775
30.107580530085627	49.78121750243091
30.001574499013135	49.79635564106288
30.12594159564554	49.813748204794756
30.175786202812247	49.78294596993024
30.192261237468724	49.78589492878476
30.114354986676275	49.78528131158408
30.169535258476046	49.78419118578802
30.121080905706908	49.80364262628112
30.139282490712485	49.78705248504243
30.150595209164525	49.78668161750356
30.168633846647197	49.78674904796517
30.168977076535874	49.789102371075444
30.123958489622076	49.80288965279311
29.99090663671558	49.80391684349168
30.084129954661297	49.81149377969485
30.194261678335053	49.80682534406922
30.11306874133588	49.79547904506192
30.127033690745876	49.78541392482525
30.113644258118914	49.793739339152324
30.127255576734516	49.76737627634395
30.13402656635659	49.79847295755751
30.11702108550852	49.794971068917775
30.11252442727	49.82904592885254
30.154228592228495	49.759509389155845
30.046187450603952	49.77404290131536
30.119267681143494	49.81972029601155
30.17829628805873	49.8217589436343
30.184412020620606	49.78239079246296
30.1290722682665	49.795544227841475
30.13294487216197	49.777205389964976
30.141279464610243	49.74775401201477
30.038105946861474	49.80707483677719
30.126021335922708	49.79668605032478
30.09322034625837	49.787497526089076
30.12354592036195	49.80695121426423
30.099842256231828	49.80810877052191
30.134227650533795	49.76420929233023
30.097294034331046	49.78447888909089
30.1357392488314	49.81774907885042
30.169188561618796	49.79328305969541
30.07201636646901	49.81684326298276
30.129235215789407	49.790781389569595
30.172121617031124	49.78461599769617
30.073645841698085	49.82224893832201
30.0700263265084	49.826912878583535
30.066365207695853	49.82499785347375
30.052896034791722	49.816533082859344
30.133031546376284	49.7969377907148
30.12610801013702	49.771757008666704
30.071579528428877	49.818533519887175
30.17351187142869	49.78459352087564
30.090519577740398	49.785099249337726
30.07958475886276	49.8146158100675
30.119877867612253	49.79631518278591
30.130739880149868	49.79674673774023
30.102757976801293	49.80635108315588
30.03650074041241	49.82242875288632
30.09272110278393	49.78196822823686
30.094090555370062	49.78580726918466
30.126139212854174	49.7973266397101
30.090221418443164	49.82083964167432
30.12322695925328	49.80756932682901
30.123611792764827	49.79790878936202
30.07990718694	49.8140134312771
30.114133100687635	49.797182788058656
30.08303785956096	49.810608192965674
30.079456481025577	49.81981919402192
30.175578184697898	49.78273019245308
30.170089973447645	49.78584997514368
30.15260951790514	49.78236382027832
30.04856232407611	49.814921494826805
30.040983530776643	49.78849774460299
30.130712144401286	49.8016803998482
30.000988581324386	49.79872020258342
30.14913908236408	49.80275254418784
30.1197079861522	49.80517105007767
30.155480167883166	49.74770231532753
30.081189965311825	49.7966366013196
30.12702675680873	49.79784810194656
30.14605001336599	49.79160179351921
30.152474306130816	49.785649931440894
30.17467677286905	49.78471264802448
30.110985093223814	49.80025312174407
30.047432092321475	49.8085223440198
30.123445378273345	49.802649150813366
29.9885976356463	49.805986958663176
30.1132178209845	49.801972598515185
30.131121246692842	49.78942154192708
30.127380387603125	49.76953405111555
30.04939786350208	49.80801436787565
30.10217205911254	49.82220848004505
30.138932326886664	49.782604322258074
30.129900873755325	49.79536890864129
30.09426737076726	49.792374996145696
30.14679887857765	49.79726370461259
30.089999532454524	49.788909070418825
30.088085765802507	49.821354360864625
30.08291304869235	49.810830713489
30.012696534193687	49.805101371934
30.095550149139083	49.81468998357527
30.11148086972968	49.83121044667029
30.11699334975994	49.790295890245986
30.051741534257083	49.830369813582195
30.19812734829338	49.737722607008905
30.093241148069804	49.78706597113475
30.12403476293067	49.80529916795473
30.082760502075164	49.83278607178997
30.15941171024437	49.750291645053444
30.10199177674677	49.81271651873209
30.12205512387578	49.82188256614725
30.137205776537563	49.79967097209215
30.09996013316329	49.80102182900645
30.11479182471641	49.81979446951932
30.117714479223018	49.81943708807278
30.100660460814936	49.806859059300024
30.113259424607367	49.79546331128754
30.11863322589473	49.78716711682717
30.133028079407712	49.798401031731785
30.168460498218572	49.788171830705195
30.114146968561926	49.837018457097166
30.09765113209401	49.78488347186057
30.192209232940137	49.795182351030824
30.145748387100184	49.784467650680625
30.16760762394974	49.787430095627464
30.156835752595008	49.73349471706581
30.074932087038476	49.816126252407614
30.129176277323676	49.7966995364171
30.120328573526677	49.82579802828488
30.168626912710053	49.79267843322295
30.104435989590378	49.80576443813985
30.08004239871433	49.82261980586088
30.14317242945082	49.79385172325501
30.125834119619793	49.797072651638025
30.005374296568586	49.809994575765
30.117346980554334	49.824480886601386
30.10297986278993	49.80936072942585
30.173473734774394	49.81222652404437
30.080482703723035	49.81437081272364
30.128566090854918	49.786128687718346
30.109244675000422	49.81129598367412
30.117031486414238	49.832837768477205
30.14113731889877	49.814307877626135
30.10243554872405	49.80396629249686
30.083225075863876	49.79796498141336
30.113769068987523	49.79770200261307
30.11658771443696	49.79029364256393
30.08586343894754	49.82121050921319
30.11742325386293	49.80541379973947
30.13128766118432	49.79705691786365
30.089219464525712	49.82611045609035
30.01268613328797	49.805204765308474
30.07908204841975	49.82026648275061
30.133596662253602	49.78857416579282
30.094939962670324	49.79053639222573
30.090089673637408	49.80885500096375
30.140697013890062	49.80734905398774
30.16949712182175	49.78438223876258
30.12601440198556	49.77318203908877
30.127786022926106	49.81655780736193
30.142860402279297	49.79736709798706
30.080857136328866	49.81658927491068
30.155726322651812	49.835750764418854
30.087482513270896	49.79551725565683
30.169868087459005	49.78582525064109
30.17159117083953	49.79569707022113
30.111123771966714	49.79665907814014
30.097664999968302	49.785470116876596
30.141678165996076	49.78548135528686
30.157064572520795	49.803835926937744
30.132764589796203	49.79007336972266
30.104935233064815	49.79068698692333
30.05090252786254	49.81762096097336
30.18479338716358	49.80046440385713
30.178909941496062	49.79559817221077
30.102612364121246	49.81042163535521
30.120144824192334	49.792847009376985
30.134522342862457	49.808479638060774
30.106630580696763	49.793946125901265
30.15154515855339	49.79214348489416
30.124000093244945	49.79454400932756
29.994793108485343	49.791174733929
30.129259484569413	49.80899885261519
30.113117278895896	49.79286274315136
30.127990574071884	49.76814273592428
30.167881514466966	49.78867755916729
30.168772525390096	49.784526090414026
30.07059144238572	49.82576206537202
29.995774260591357	49.80163095084302
30.129730992295272	49.797726727115666
30.066420679193012	49.82132963636203
30.024685311517363	49.8083133095888
30.145751854068756	49.79065551937458
30.127425458194566	49.768237138570534
30.121621752804216	49.80073187802152
30.04439849482055	49.81209840616731
30.11354371603031	49.79847745292162
30.13665452853454	49.79682315893006
30.09752285425683	49.81828402717921
30.181641912731184	49.79132982399071
30.18943912505072	49.784078801685325
30.070695451442894	49.82576206537202
30.125234334056753	49.77042188552678
30.096711583610865	49.7855914917075
30.117138962439984	49.82667687196789
30.10168668351239	49.81264234522431
30.070893068651525	49.82211407739879
30.140409255498547	49.80223108195137
30.09689879991378	49.78585671818984
30.139230486183898	49.786904138026884
30.122041256001488	49.80413037328678
30.121885242415726	49.804179822291964
30.099956666194718	49.8154856630223
30.04575407953239	49.81306715713247
30.037745382129938	49.81252097039341
30.175134412720617	49.784705904978324
30.07376718559812	49.822219718455315
30.113408504255986	49.802123193212786
30.129841935289594	49.79767053506432
30.021721053387882	49.807429970541676
30.007738769135024	49.80395730176864
30.162854410036854	49.79100391009291
30.09158047012358	49.783910225531294
30.11604686733965	49.82366497801588
30.12116411295265	49.79663435363754
30.091244174172047	49.8081334950245
30.12999448190678	49.79760759996682
30.202159432743187	49.79604546093946
30.07037302336565	49.81798508546606
30.15077895849887	49.78656249035472
30.121746563672826	49.79712659600732
30.146001475805974	49.82995399240225
30.133062749093437	49.763249532093276
30.119090865746298	49.81537552660166
30.036837036363945	49.812145607490436
30.100993289797895	49.7793474309622
30.16822127738707	49.79146468491393
30.18408612557479	49.79643430993476
30.201798868011647	49.79082409552861
30.094915693890318	49.808075055291106
30.189314314182106	49.781903045457305
30.113782936861814	49.79375057756259
30.136820943026017	49.76620972935806
30.078797756996806	49.82030694102758
30.088886635542753	49.810832961171045
30.116774930739872	49.82252765089668
30.124031295962098	49.79563413512363
30.003328785110817	49.80773790298304
30.089399746891484	49.82329411047701
30.149998890570057	49.78593538706172
30.15516814071164	49.753800276739334
30.12280745605601	49.804833897769605
30.099686242646065	49.780255494511906
30.119007658500557	49.80464284479503
30.132924070350537	49.8113162128126
30.123372571933324	49.7729864907501
30.07888789817969	49.81420223656961
30.00944105070412	49.791046616051936
30.132157870296016	49.79506097619992
30.142915873776456	49.8132649531532
30.12705449255731	49.769358731915354
30.13924435405819	49.78689065193456
30.110641863335136	49.796940038396855
30.101901635563888	49.82315924955378
30.07642635049322	49.80138595349916
30.111421931263948	49.81051828568352
30.088345788445444	49.81051603800147
30.09979025170324	49.79217720012497
30.066039312650037	49.82679150375263
30.027902658352634	49.77206718879012
30.132771523733346	49.792878476925736
30.14044392518427	49.78616914599531
30.166699278183746	49.784577787101256
30.08168574181769	49.79511941593332
30.12261677278452	49.804908071277374
30.15872525046702	49.80608136130943
30.09989079379184	49.82269397936866
30.141497883630308	49.80329648324484
30.114826494402134	49.79441139608639
30.09045370533752	49.82031368407374
30.097831414459783	49.80710180896183
30.08147772370334	49.80943939829773
30.090699860106167	49.78517567052756
30.0321288930425	49.81378416770762
30.03789099480998	49.80325602496787
30.164830582123173	49.73224051047982
30.111380327641076	49.761363726850185
30.119558906503585	49.78855843201844
30.131998389741682	49.774141799325726
30.1047861534162	49.78329660833062
30.116830402237035	49.79836057345482
30.02422420469722	49.77971380313696
30.108166447774376	49.81150052274101
30.124235847107876	49.77259089870864
30.13495571393402	49.808436932101756
30.09205197784944	49.81276821541932
30.16921976433595	49.793557276905965
30.08380059264691	49.788758475721224
30.021128201761986	49.81231418364447
30.04151050999966	49.80812000893218
30.06508242932403	49.836555434594096
30.116816534362744	49.795530741749154
30.14787363883512	49.74875423052868
30.126264023722783	49.83021697120254
30.03439629048891	49.81400219286682
30.19339493619193	49.79500028878447
30.133322771736374	49.790763408113165
30.02621424465783	49.78390123480308
30.11501717767362	49.78444067849598
30.11239961640139	49.795045242425545
30.14995728694719	49.792984117982265
30.122817856961724	49.79650623576048
30.10112850157222	49.8206800562485
30.150664548535975	49.791977156422185
30.122439957387325	49.808803304276516
30.13395722698514	49.773391073519775
30.137781293320597	49.75282703041007
30.116972547948507	49.8197180483295
30.1552236122088	49.75389692706765
30.17917343110757	49.820987988689865
30.139365697958226	49.78692886252948
30.142621181447794	49.81342678626107
30.15767129202098	49.73196854095132
30.194826794212368	49.80379771634283
30.116903208577057	49.77513302711142
30.003651213188057	49.785373466548286
30.10765680339422	49.80862124203016
30.18240117884856	49.783698943418244
30.042855693805787	49.76648394656862
30.070140736471295	49.82215678335781
30.10374606284445	49.78752000290961
30.18991756671372	49.735791848124734
30.078288112616647	49.81428764848765
30.100511381166317	49.78353711031038
30.195946625061282	49.805487973247246
30.12936696059516	49.78556451952285
30.087413173899446	49.812325422054734
30.20177113226307	49.79067799619512
30.14754080985216	49.78500934205558
30.1259589304884	49.78404059109042
30.08846713234548	49.81048232277066
30.08043416616302	49.79822796021365
30.124128371082126	49.80518453616999
30.115370808468015	49.79617807418063
30.157102709175092	49.78872476049042
30.0788740303054	49.82020579533516
30.093983079344316	49.82031593175579
30.139448905203967	49.814806863042065
30.174253802703205	49.7846631990193
30.08484068321866	49.79532620268226
30.140849560507252	49.8070208924079
30.01137908613614	49.81215235053659
30.100566852663476	49.81376843393324
30.168474366092862	49.788075180376886
30.12891972164931	49.7909072597646
30.196258652232807	49.795831931144356
30.14777656371509	49.785177918209605
30.12197885056718	49.796976001309716
30.117971034897383	49.79887529264513
30.161117458782037	49.7292870562612
30.1690117462216	49.78892929955731
30.148820121255408	49.79517560798466
30.09724202980246	49.785461126148384
30.109262009843285	49.79938102110722
30.069294796139605	49.8254226653819
30.03313084695995	49.79125565048293
30.12769241477465	49.76748191740048
30.13227574722748	49.795067719246084
30.123955022653504	49.77180196230778
30.066035845681466	49.82004620990934
30.17504080456916	49.784618245378226
30.13305234818772	49.79833135358812
30.1088945111746	49.80783005794724
30.160822766453375	49.784856499675925
30.168782926295815	49.78899223465481
30.151500087961946	49.78573084799483
29.995479568262695	49.799443956204726
30.05446310458649	49.79142197895491
30.12177083245283	49.7967579761505
30.107916826037158	49.808670691035346
30.12608027438844	49.79680517747363
30.12266877731311	49.78122874084118
30.0173076023951	49.80513958252891
30.104435989590378	49.809160685723064
30.190971525159757	49.79634215497056
30.193956585100672	49.79896070456317
30.143744479265283	49.793292050423624
30.091951435760837	49.810277783703775
30.050871325145387	49.822961453533054
30.1135575839046	49.809133713538415
30.112659639044328	49.79249187561249
30.19860232298781	49.74390148497465
30.1688730674787	49.784330542075345
30.092048510880865	49.81025305920118
30.031258683930805	49.812114139941684
30.147280787209223	49.79725471388438
30.116778397708448	49.824802305135066
30.084480118487118	49.81349421672268
30.110305567383605	49.7812377315694
30.10518138783346	49.81793563646088
30.128382341520574	49.784335037439455
30.09020061663173	49.82161284430081
30.080208813205807	49.800383487303186
30.155604978751775	49.805703750724405
30.081162229563244	49.822705217778925
30.093979612375744	49.81072507243247
30.116764529834157	49.819578692042164
30.097945824422673	49.81664996232614
30.109525499454794	49.809981089672675
30.127865763203275	49.7852947976764
30.117322711774328	49.79104886373399
30.03045781419056	49.7850520480146
30.089358143268612	49.825098999166165
30.103662855598714	49.805667787811544
30.105961455762273	49.78310105999195
30.147294655083513	49.797133339053474
30.115804179539577	49.80362464482469
30.147197579963485	49.79725696156643
30.135922998165743	49.813035689583714
30.168949340787293	49.801089259468064
30.113041005587302	49.83246015789218
30.11731577783718	49.8265937077319
30.16919549555594	49.79335273783908
30.09699240806524	49.814427004774984
30.052691483645948	49.81820535830733
30.105833177925092	49.78870677903399
30.06880942053946	49.8220309131628
30.193762434860613	49.79043974189742
30.111799830838347	49.787425600263354
30.132750721921912	49.80059476941624
30.065009622984007	49.83671277233786
30.116532242939797	49.79538913777977
30.166987036575264	49.73278669721888
30.11792943127451	49.81962139800119
30.126829139600098	49.827584935517606
30.11669865743128	49.80138820118121
30.121854039698572	49.79738283176144
30.124457733096513	49.77180420998983
30.036597815532442	49.81140612009475
30.104487994118966	49.81885269073881
30.094596732781646	49.794454102045414
30.130639338061265	49.797337878120366
29.99456428855956	49.79721200792535
30.11818945391745	49.799985647579675
30.19779105234185	49.803689827604245
30.10062579112921	49.81361334387153
30.155812996866125	49.78914058167036
30.131121246692842	49.75782362761554
30.086577634473475	49.81551038752489
30.1038154022159	49.80709506591567
30.128729038377823	49.795919590744454
30.201445237217253	49.782604322258074
30.067176478341814	49.82245122970685
30.088120435488232	49.81651734908497
30.108925713891754	49.794829464948386
30.18117733894247	49.81910443112883
30.04323012641162	49.80303575212661
30.103728728001588	49.80584535469379
30.124350257070766	49.80576893350396
30.10457813530185	49.80914495194869
30.148924130312583	49.794820474220174
30.18812514396174	49.8022490634078
30.115980994936773	49.808245879127185
30.11621328183113	49.79462043051739
30.146476450500405	49.784454164588304
30.070529036951413	49.82598233821329
30.11761740410299	49.79439566231201
30.091490328940694	49.81254119953189
30.0114345576333	49.804948529554345
30.080881405108872	49.81622964578209
30.085007097710136	49.80304474285482
30.19566233363834	49.803968540178914
30.100754068966392	49.8068410778436
30.118723367077614	49.7966995364171
30.13074334711844	49.76246509105652
30.08300665684381	49.8245235925604
30.10623187931093	49.811646622074505
30.154245927071358	49.78531727449694
30.129398163312313	49.8087021585841
30.117721413160165	49.781147824287245
30.124239314076448	49.77180870535394
30.182311037665674	49.79070946374387
30.168505568810016	49.786555747308554
30.105337401419224	49.78322468250491
30.174569296843302	49.784798059942524
30.143359645753737	49.78947773397842
30.090727595854748	49.7851149831121
30.12155588040134	49.77949353029569
30.093615580675632	49.820199052289
30.133069683030584	49.79776718539263
30.11109256924956	49.816719640469806
30.117496060202953	49.82325140451798
30.004150456662497	49.80972485391855
30.127772155051815	49.76813149751401
30.089122389405684	49.813080643224794
30.123348303153318	49.8028806620649
30.053696904531968	49.81792889341472
30.123719268790573	49.79795149532104
30.148567032549618	49.795090196066624
30.104061556984547	49.8069332328078
30.062419797460358	49.82929766924256
30.136051276002924	49.826234078603306
30.099003249837285	49.80348079317325
30.125650370285452	49.8175557781938
30.097460448822524	49.78474411557323
30.038074744144325	49.81260638231145
30.110766674203745	49.82813786530283
30.15089683543033	49.786609691677846
30.120446450458143	49.79369213782919
30.126659258140045	49.77098380604021
30.173962577343115	49.78455980564483
30.115526822053777	49.79586339869311
30.020864712150477	49.806926489761636
30.199801894113893	49.790565612092436
30.111421931263948	49.82989555266885
30.14633083782036	49.820864366176906
30.061712535871568	49.82943028248373
30.122277009864415	49.821963482701186
30.129051466455063	49.783429221571794
30.112694308730052	49.81081722739667
30.14583159434592	49.79677595760693
30.122287410770134	49.79677146224282
30.08217458438641	49.81631505770013
30.082250857695005	49.79214123721211
30.080524307345904	49.82279737274313
30.01428787276846	49.813496464404736
30.1146288771935	49.82819630503622
30.120200295689497	49.79761659069503
30.040778979630865	49.81477764317537
30.050240336865194	49.8089741281126
30.12765427812035	49.79680517747363
30.083155736492426	49.82243324825042
30.120630199792483	49.79230082263793
30.10348950717009	49.82008442050426
30.16866504936435	49.7882639856694
30.175671792849354	49.78151194877995
29.994252261388034	49.791550096831976
30.14858090042391	49.79520707553342
30.192892225748917	49.79822121716749
30.137621812766263	49.79119271538543
30.12701288893444	49.76119515069615
30.199968308605374	49.790648776328425
30.17909022386183	49.82084863240253
30.109820191783456	49.796454539073245
30.12979686469815	49.79539588082593
30.196494406095738	49.805368846098396
30.11752379595153	49.82380208662115
30.101884300721025	49.809257336051374
30.03745762373842	49.80315937463956
30.18744908509011	49.790145295548385
30.122245807147266	49.80436413222037
30.12026616809237	49.798272913854724
30.039250046490398	49.79087129685174
30.088803428297016	49.81203996643391
30.09471460971311	49.81052278104763
30.120259234155228	49.804083171963654
30.11766247469443	49.78911810484982
30.196796032361544	49.80433716003573
30.12474549148803	49.80145338396077
30.149239624452683	49.793716862331785
30.12363259457626	49.816083546448596
30.07613165816456	49.84525396414209
30.1340126984823	49.77344951325317
30.120564327389605	49.79542510069263
30.09134124929208	49.81237262337786
30.132754188890484	49.77687273302102
30.150203441715835	49.792975127254046
30.088016426431057	49.78871801744425
30.126069873482724	49.78441820167544
30.150106366595804	49.7858926811027
30.021734921262173	49.80597796793496
30.094104423244353	49.82085762313075
30.158746052278453	49.74518491142734
30.13076761589845	49.799482166799635
30.18845450597613	49.78262904676066
30.010103241701465	49.8066949785101
30.130833488301324	49.79244916965347
30.109622574574825	49.78315500436124
30.06021480544825	49.83203085061991
30.126458173962842	49.80034302902622
30.097560990911127	49.81469447893938
30.122107128404366	49.797050174817485
30.081300908306144	49.81884145232854
30.128441279986305	49.79606793776
30.10840566860588	49.82091156750004
30.151434215559068	49.792512104750976
30.122398353764453	49.772096408656815
30.092786975186808	49.78164231433907
30.139493975795407	49.78693335789358
30.08464999994717	49.826908383219426
30.09095294881196	49.81240409092661
30.134293522936673	49.80151856674033
30.12199965237862	49.80440459049734
30.15086563271318	49.78640515261095
30.14363353627096	49.74431505847254
30.13495571393402	49.80073862106768
30.135576301308493	49.77001055971094
30.125511691542552	49.796378117883414
30.102626231995536	49.78355958713091
30.169115755278774	49.78485425199387
30.04647520899547	49.806948966582176
30.173567342925853	49.78458003478331
30.05943127055087	49.8201698324223
30.04337227212309	49.805598109667876
30.09654863608796	49.785645436076784
30.1134951784703	49.83551925316732
30.185732935646723	49.78475310630145
30.195267099221073	49.80443605804609
30.11141153035823	49.8296842705558
30.120037348166587	49.778603448202404
30.040591763327953	49.806591585135635
30.01306403286237	49.77595792642515
30.119811995209375	49.79650174039637
30.128271398526255	49.79838979332152
30.151146457167552	49.790428503487156
30.182075283802746	49.77563201252735
30.083700050558306	49.810603697601564
30.077722996739332	49.804202299112504
30.144434406011207	49.788945033331686
30.12230821258157	49.78050049185577
30.091445258349253	49.82018107083257
30.051325498028383	49.82302663631261
30.10011267978048	49.778816977997515
30.16760762394974	49.78855168897228
30.124218512265013	49.80568352158592
30.13011582580682	49.76221784603061
30.163464596505612	49.8145865902008
30.1189140503491	49.818259302676616
30.169063750750187	49.78910012339339
30.112368413684237	49.80061499855473
30.084785211721496	49.83795798819563
30.19232364290303	49.795182351030824
30.120723807943943	49.79223563985837
30.013046698019508	49.806106085812026
30.095109844130377	49.81112291215598
30.126198151319905	49.79726370461259
30.13309048484202	49.79961702772286
30.143609267490955	49.744436433303434
30.125893058085527	49.77192783250278
30.12801830982046	49.78705248504243
30.042290577928473	49.81323348560445
30.107847486665708	49.81950227085234
30.1844882939292	49.81787719672748
30.17186506135676	49.7873356929812
30.079771975165674	49.80270309518265
30.126631522391467	49.80115444224762
30.19187987092575	49.79073418824647
30.17179572198531	49.795236295400116
30.10558355618787	49.805505954703676
30.10018201915193	49.82254563235311
30.14742986685784	49.79598252584196
30.142513705422047	49.79332576565443
30.106519637702444	49.80829308045032
30.126534447271435	49.79690632316605
30.131970653993104	49.79377754974723
30.11937169020067	49.827526495784205
30.126160014665608	49.81013393205233
30.159782675881626	49.74490619885267
30.057257481255917	49.829830369889294
30.101832296192438	49.81415503524648
30.176503865306753	49.78384054738763
30.11554762386521	49.808167210255306
30.124457733096513	49.78474636325529
30.123552854299096	49.797879569495315
30.11892791822339	49.823703188610786
30.065827827567116	49.82436850249869
30.13516719901694	49.799897987979584
30.121510809809898	49.797342373484476
30.091528465594994	49.80797166191663
30.12507832047099	49.796220780139656
30.10188083375245	49.82118803239265
30.131207920907155	49.77304717816555
30.085950113161854	49.81811545102518
30.19650134003288	49.80323354814734
30.139490508826835	49.80740524603909
30.12079314731539	49.80505417061087
30.06487441120968	49.836829651804656
30.146628997117595	49.784692418886
30.120592063138186	49.801363476678624
29.98887152616353	49.803725790517106
30.039270848301832	49.791174733929
30.159293833312905	49.755351177356424
30.094579397938784	49.81021260092422
30.125407682485378	49.796317430467965
30.195936224155567	49.80244236406442
30.12919361216654	49.79798521055184
30.121691092175666	49.82440671309361
30.09107775968057	49.786789506242144
30.160132839707448	49.777823502529756
30.121670290364232	49.814498930600706
30.092551221323877	49.782118822934464
30.112933529561552	49.795488035790136
30.133575860442164	49.814453976959626
30.11739898508292	49.775258897306436
30.084667334790034	49.79598926888812
30.198869279567894	49.747488785532425
30.09312327113834	49.787452572448
30.138613365777996	49.81065314660675
30.08471933931862	49.81321100878391
30.051294295311234	49.823103057502436
30.150612544007387	49.7871806029195
30.115083050076496	49.80735579703391
30.07867988006534	49.821848850916446
30.077445639253533	49.80453495605646
30.088165506079676	49.80941242611308
30.151351008313327	49.78268523881201
30.182671602397214	49.814591085564906
30.11391814863614	49.825914907751674
30.12994594434677	49.79980133765127
30.13395722698514	49.80844592282997
30.12479749601662	49.79488790468179
30.097834881428355	49.82168926549063
30.061157820899968	49.825209135586796
30.129526441149498	49.79671302250942
30.143196698230827	49.746110956433476
30.16862344574148	49.78619162281585
30.114327250927694	49.791729911396274
30.078738818531072	49.79484295104071
30.06445837498098	49.83614635646032
30.01197540473061	49.80778959967028
30.09969664355178	49.80854482084033
30.111765161152622	49.80297731239321
30.117558465637256	49.7752993555834
30.162202619945226	49.78550832747151
30.10442905565323	49.81812219407134
30.07070585234861	49.79794924763898
30.167780972378363	49.78878320022381
30.114705150502097	49.8119433161056
30.12342457646191	49.80684332552565
30.083564838783982	49.7900374068098
30.160957978227703	49.74157063868491
30.07564974953298	49.822493935665875
30.070210075842745	49.82682297130138
30.181475498239706	49.782714458678704
30.00106485463298	49.8143146206723
30.13424845234523	49.80831106190674
30.084341439744218	49.82249843102998
30.036278854423774	49.80920339168208
30.10244941659834	49.790086855814984
30.134855171845416	49.79832011517785
30.113769068987523	49.80902582479984
30.009843219058528	49.80073187802152
30.17342519721438	49.784582282465365
30.07921032625693	49.81991359666817
30.15267539030802	49.833534549913864
30.12815352159479	49.79677146224282
30.001255537904466	49.797933513864606
30.152387631916504	49.78239304014502
30.126562183020017	49.77084444975288
30.053000043848897	49.78075223224579
30.033935183668767	49.809041558574215
30.077820071859364	49.79002841608159
30.12233594833015	49.808803304276516
30.122471160104478	49.80497550173899
30.110652264240855	49.800590274052134
30.030908520104983	49.79358200140856
30.082195386197846	49.78707945722708
30.093171808698354	49.806162277863365
30.12978646379243	49.78980140019416
30.099453955751706	49.81360884850742
30.10449492805611	49.8163892312079
30.09793889048553	49.77123779411229
30.167871113561247	49.78845054327986
30.12424278104502	49.77154347887159
30.072532944786314	49.82117454630033
30.042793288371485	49.81358637168688
30.125164994685303	49.80187370050482
30.166532863692268	49.788079675740995
30.096129132890688	49.81462929615982
30.100036406471887	49.82290526148171
30.1371884416947	49.79065327169253
30.113942417416148	49.79756039864369
29.999002008332347	49.799659733681885
30.121604417961354	49.79685462647881
30.147246117523498	49.819738277467984
29.998835593840866	49.79882134827584
30.133059282124865	49.79707040395597
30.18149630005114	49.783240416279284
30.157334996069448	49.78523860562506
30.167739368755495	49.78846178169013
30.108423003448742	49.81081048435051
30.083360287638204	49.80699392022325
30.121021967241177	49.79808860392632
30.083544036972544	49.808744864543115
30.114261378524816	49.82365598728766
30.025402974011868	49.80956302081068
30.17764103099853	49.82240178070167
30.121191848701226	49.798052641013456
30.117780351625896	49.82325589988209
30.149756202769982	49.785575757933124
30.090224885411736	49.82457978461175
30.090009933360243	49.81163313598218
30.145668646823015	49.78415072751105
30.032555330176915	49.81329192533784
30.121618285835645	49.81491924714476
30.11513852157366	49.82847276992883
30.142579577824925	49.79167371934493
30.133215295710627	49.79064203328226
30.0992910082288	49.784276597706054
30.15662773448066	49.74577380412541
30.012693067225115	49.80529467259062
30.128046045569043	49.78366747586949
30.096683847862288	49.78585671818984
30.1326640477076	49.79299535639253
30.073132730349354	49.81762096097336
30.023808168468523	49.806339844745615
30.168938939881578	49.736547069294794
30.089014913379938	49.81231418364447
30.121944180881457	49.805218251400795
30.192902626654636	49.73708876066975
30.131332731775764	49.81301770812728
30.11637622935404	49.818551501343606
30.113398103350267	49.81349421672268
30.081831354497734	49.818342466912604
30.121736162767107	49.7858342413693
30.013819832011176	49.77095908153762
30.117308843900037	49.795717299359616
30.116202880925414	49.7951980848052
30.06949241334824	49.8220893528962
30.192098289945818	49.79073418824647
30.169105354373055	49.785204890394255
30.025940354140605	49.81245129224974
30.153379184928237	49.796029727165084
30.113789870798957	49.79054538295395
30.11054478821511	49.80062398928294
30.171885863168193	49.78462948378849
30.083779790835475	49.790246441240804
30.118241458446036	49.77021509877783
30.15496012259729	49.75207855228617
30.01808420335534	49.81182418895675
30.118920984286245	49.81778953712739
30.130056887341087	49.771226555702015
30.00909435384687	49.8027930024648
30.103278022087164	49.820291207253206
30.147669087689344	49.78505654337871
30.017675101063784	49.80143540250434
30.111754760246907	49.792440178925254
30.012495450016484	49.80529017722651
30.11918794086633	49.787439086355675
30.09162207374645	49.80853583011212
30.10801390115719	49.82698929977336
30.148899861532577	49.795373404005396
30.077223753264892	49.80059926478035
30.025909151423452	49.812397347880456
30.16941391457601	49.785690389717864
29.98816426457474	49.800012619764324
30.166948899920968	49.788194307525735
30.096905733850928	49.78527456853792
30.104817356133353	49.81160841147959
30.12122305141838	49.79812456683918
30.10162774504666	49.80861899434811
30.19016718845094	49.74151219895152
30.102418213881187	49.812417577018934
30.16936191004742	49.79337071929551
30.19389764663494	49.79121294452391
30.07609005454169	49.80161296938659
30.124142238956416	49.80526994808803
30.084712405381474	49.7966073814529
30.127994041040456	49.82229164428104
30.121992718441472	49.793698880875354
30.117860091903065	49.77552412378878
30.070535970888557	49.82326713829236
30.050864391208243	49.82288728002528
30.121874841510007	49.80871564467642
30.167597223044023	49.78845279096191
30.169538725444617	49.78422714870087
30.065841695441407	49.82433478726789
30.167860712655532	49.78444292617804
30.088217510608263	49.816267856377
30.10336816327005	49.80741873213141
30.079116718105475	49.81988662448353
30.076083120604544	49.79587913246748
30.11738165024006	49.80054532041106
30.124984712319534	49.80405395209696
30.119295416892076	49.82381107734937
30.150723487001706	49.7884438002337
30.16084703523338	49.799046116481215
30.11910820058916	49.81408985246692
30.07748377590783	49.815368783555506
30.10285158495275	49.81943708807278
30.02487599478885	49.7797115554549
30.102965994915643	49.80444729645636
30.13433512655954	49.808030101650026
30.13206079517599	49.80092068331403
30.11773181406588	49.794431625224874
30.16556557946054	49.78714014464253
30.108568616128785	49.79984404361029
30.12738732154027	49.79694453376096
30.168717053892937	49.78617364135942
30.062721423726163	49.834925865105134
30.11486116408786	49.8174973384604
30.14583159434592	49.79164899484234
30.08929920480288	49.81775132653247
30.125383413705368	49.795186846394934
30.115987928873917	49.79810658538275
30.092142119032324	49.782350334186
30.101828829223862	49.80922137313851
30.122831724836015	49.771757008666704
30.173768427103056	49.81232766973679
30.070404226082804	49.817919902686505
30.138516290657964	49.81961240727297
30.089628566817268	49.78515319370702
30.12392381993635	49.805222746764905
30.10389860946164	49.80595998647853
30.10840566860588	49.76123336129107
30.117971034897383	49.80085774821653
30.13015396246112	49.823883003175084
30.070549838762847	49.8258115143772
30.142229413999104	49.806856811617976
30.128774108969267	49.76526120753138
30.111876104146944	49.79254806766384
30.117544597762965	49.77799882172995
30.19320078595187	49.79789080790559
30.083322150983907	49.81767940070675
30.12267224428168	49.809527057897824
30.124305186479326	49.78399788513139
30.12968592170383	49.77071183651171
30.17975588182775	49.783541605674486
30.11836626931465	49.7842451301573
30.06697539416461	49.817861462953104
30.08090567388888	49.80552168847805
30.092495749826718	49.81005076781634
30.006206369025985	49.8085223440198
30.124946575665234	49.773038187437336
30.135912597260024	49.7757466443121
30.123729669696292	49.782768403047996
30.14904200724405	49.80196810315108
30.12808764919191	49.769005845832915
30.150394124987322	49.79208954052487
30.117842757060203	49.823327825707814
30.011722316024816	49.78230987590903
30.149121747521217	49.79499354573831
30.166373383137934	49.78626579632362
30.061781875243017	49.81720289211136
30.109750852412006	49.797247970838214
30.145592373514422	49.80156576806346
30.13596113482004	49.809257336051374
30.176160635418075	49.782905511653276
30.102747575895574	49.81264234522431
30.114677414753515	49.81527213322719
30.11809237879742	49.81093185918141
30.113938950447576	49.793267325921036
30.139279023743914	49.7716356338358
30.00997496386428	49.805231737493116
30.120481120143868	49.793748329880536
30.08385606414407	49.817544539783526
30.122689579124543	49.8010532965552
30.169590729973205	49.794179884834854
30.094998901136055	49.80873812149696
30.182529456685742	49.79043524653332
30.019387783538594	49.8120939108032
30.022833950299653	49.81054975323227
30.12864236416351	49.788290957854045
30.09128577779492	49.78959236576316
30.182470518220008	49.80078357470875
30.16988888927044	49.78597584533869
30.087874280719586	49.81194556378765
30.196435467630003	49.795840921872575
30.127824159580403	49.773793408607396
30.121580149181348	49.797434528448676
30.118352401440358	49.8239841488675
30.18251212184288	49.80054532041106
30.201126276108585	49.782901016289166
30.166709679089465	49.72821940728567
30.143678606862405	49.821628578075185
30.01066835757878	49.80388762362498
30.117301909962894	49.824152725021534
30.10691487211971	49.814687735893216
30.194435026763678	49.80433716003573
30.16955952725605	49.734578099815714
30.141591491781767	49.80475298121567
29.988788318917788	49.80355946204513
30.08664003990778	49.81551263520694
30.16959766391035	49.78465196060903
30.01335179125389	49.81333912666097
30.024692245454506	49.80817395330147
30.12152814465276	49.793487598762304
30.168509035778587	49.786281530097995
30.04515429396935	49.81000581417527
30.042380719111357	49.8149169994627
30.0930019272383	49.81388980876414
30.14556117079727	49.79417089410664
30.146909821571967	49.78167378188782
30.1328027264505	49.79296838420789
30.112309475218506	49.794912629184374
30.10353457776153	49.80583861164763
30.11344317394171	49.79212100807362
30.13075721499273	49.80115219456557
30.078711082782494	49.79475079607651
30.096084062299244	49.81499791601664
30.155563375128907	49.78933837769109
30.090460639274664	49.793716862331785
30.125303673428203	49.76828658757572
30.169216297367374	49.793465121941765
30.166775551492343	49.72815871987022
30.110569056995114	49.82362676742096
30.14514513456857	49.79292118288476
30.119434095634976	49.77771111842707
29.998703849035113	49.80645897189446
30.072467072383436	49.82149371715196
30.130247570612575	49.7850228281479
30.114115765844772	49.82422689852931
30.14741253201498	49.78497787450682
30.092606692821036	49.819407868206085
30.127522533314597	49.76753586176977
30.10753199252561	49.79946418534321
30.099668907803203	49.82284007870215
30.12102890117832	49.79775594698236
30.149024672401186	49.79446084509157
30.050330478048078	49.82032267480196
30.149856744858585	49.785919653287344
30.125178862559594	49.77009597162898
30.083363754606776	49.79880111913735
30.07386426071815	49.79709512845856
30.167770571472648	49.788286462489936
29.997944582917736	49.80093866477046
30.125893058085527	49.77180420998983
30.084199294032747	49.79467437488668
30.11003514383495	49.795355422548965
30.125785582059777	49.79634215497056
30.104917898221952	49.78328536992036
30.125248201931043	49.79511716825127
30.016170436703323	49.811367909499836
30.13759061004911	49.78845503864397
30.11259723361002	49.79504299474349
30.13890112416951	49.808917936061256
30.141854981393276	49.78651753671364
30.139934280804116	49.78660744399579
30.116872005859904	49.823094066774225
30.08368964965259	49.817571511968175
30.198037207110495	49.80413037328678
30.142621181447794	49.7914759233242
30.129373894532307	49.791570325970454
30.118574287428995	49.81885493842086
30.173217179100032	49.784595768557686
30.11551988811663	49.78212556598062
30.117620871071562	49.79573528081605
30.092253062026643	49.8189066351081
30.12601440198556	49.77325171723244
30.11340503728741	49.79822796021365
30.070952007117256	49.82465845348363
30.168713586924365	49.7862230903646
30.134102839665186	49.78900347306508
30.086022919501875	49.81273899555262
29.99438400619379	49.79712434832526
30.093310487441254	49.78627478705184
30.13185624403021	49.79816502511614
30.082975454126657	49.79971143036912
30.176146767543784	49.78364499904895
30.124346790102194	49.77173228416411
30.1243710588822	49.79967097209215
30.098240516751336	49.784962140732446
30.096649178176563	49.81441351868266
30.166473925226533	49.73068286681658
30.127286779451666	49.76775163924693
30.14588359887451	49.80161296938659
30.117783818594468	49.803748267337646
30.150959240864637	49.832457910210124
30.11945489744641	49.77591297278408
30.010924913253145	49.804114639512406
29.996353244342963	49.808630232758375
30.015844541657508	49.8119140962389
30.09082813794335	49.81352793195349
30.086927798299296	49.80709506591567
29.988493626589126	49.805735218273156
29.99394370118508	49.79773347016182
30.034375488677476	49.775461188691274
30.150706152158843	49.78637818042631
30.1074453183113	49.785474612240705
30.039097499873208	49.81313908295819
30.118823909166217	49.83039678576684
30.101662414732385	49.81247826443439
30.198304163690576	49.782786384504426
30.122062057812922	49.77204246428752
30.053915323552037	49.82174096217787
30.111193111338164	49.80013848995933
30.075413995670054	49.79257054448438
30.04814628784741	49.7750273860549
30.15693629468361	49.78510599238389
30.086511762070597	49.790471209446174
30.137680751231997	49.791143266380246
30.1872861375672	49.792705405407595
30.129249083663698	49.8001205085029
30.100549517820614	49.80943939829773
30.070366089428507	49.82462473825282
30.125591431819718	49.774022672176876
30.11724297149716	49.775204952937145
30.13219253998174	49.81271651873209
30.127356118823116	49.789769932645406
30.110378373723627	49.82473712235551
30.1552236122088	49.75357550853396
30.000797898052898	49.803112173316435
30.175619788320766	49.784508108957596
30.158565769912684	49.7987404317219
30.1901845232938	49.79427428748111
30.149270827169833	49.7851734228455
30.105715300993626	49.78862811016211
30.053696904531968	49.81761421792719
30.080382161634432	49.79371011928562
30.121833237887138	49.79340892989042
30.146493785343267	49.74039510097081
30.136075544782933	49.81444273854936
30.076194063598862	49.81799182851222
30.062825432783338	49.83499329556675
30.13336090839067	49.811606163797535
30.161075855159165	49.80412363024062
30.11881697522907	49.796780452971035
30.140239374038494	49.78634671287755
30.15872525046702	49.801071278011634
30.1139736201333	49.80998783271884
30.126468574868557	49.800250874062016
30.066708437584527	49.817609722563084
30.12026616809237	49.8091247228102
30.119482633194988	49.80505192292882
30.083374155512494	49.80241089651567
30.12240875467017	49.77991384683974
30.113491711501723	49.80990017311874
30.125185796496737	49.80201530447421
30.12649977758571	49.797522188048774
30.092578957072458	49.82507877002768
30.101305316969416	49.82135211318257
30.116639718965548	49.82313227736913
30.199971775573946	49.79057235513859
30.14248596967347	49.799102308532554
30.123372571933324	49.79880111913735
30.16893200594443	49.79109156969301
30.084168091315593	49.80995636517009
30.12724864279737	49.79629720132948
30.123258161970433	49.79761883837708
30.111127238935286	49.81662074245944
30.09025955509746	49.79636463179109
30.036920243609682	49.81433260212873
30.145027257637103	49.7468729206497
30.092908319086845	49.81920557682125
30.117596602291552	49.82805919643094
30.020847377307614	49.80682983943333
30.090696393137595	49.81786820599927
30.125085254408134	49.763272008913816
30.008532704938126	49.77665920322592
30.13179730556448	49.792975127254046
30.087610791108077	49.79367190869071
30.12219380261868	49.79709962382267
30.0804619019116	49.79125565048293
30.122231939272975	49.7721795728928
30.11280525172437	49.79278407427948
30.11025702982359	49.817124223239475
30.168030594115585	49.78827971944378
30.105600891030733	49.82340424689764
30.16912615618449	49.78809091415126
30.182203561639927	49.77575338735826
30.123740070602008	49.7698959279262
30.182543324560033	49.790498181630824
30.063487623780684	49.83651722399919
30.083128000743848	49.81061943137594
30.082999722906663	49.83244217643575
30.124807896922334	49.80380670707104
30.100428173920577	49.78039934616335
30.116473304474066	49.80810652283986
30.097886885956942	49.81481810145234
30.114122699781916	49.7879672916383
30.12274158365313	49.797319896663936
30.151822516039186	49.73527038588827
30.042377252142785	49.813240228650606
30.19619277982993	49.80536659841634
30.084809480501505	49.81313233991203
30.107968830565746	49.80887972546634
30.120103220569465	49.805072152067304
30.166640339718015	49.787461563176215
30.131488745361526	49.7959757827958
30.08977071252874	49.80910898903583
30.113859210170407	49.82577105610023
30.120130956318047	49.80045541312891
30.15098697661322	49.786445610887924
30.104768818573337	49.81842563114859
30.065342451966966	49.82733544280964
30.120824350032542	49.81474168026251
30.19559646123546	49.80403597064053
30.130667073809846	49.804197803748394
30.133041947282003	49.79064652864637
30.09252695254387	49.80532389245732
30.159016475827105	49.7847845738502
30.12869783566067	49.82391447072384
30.014114524339835	49.81208042471088
30.11327675945023	49.79372810074205
30.12724864279737	49.76973184713628
30.013233914322424	49.77363157549952
30.1057187679622	49.79846621451134
30.058093020681888	49.82059464433046
30.14941643984988	49.79607692848821
30.08881036223416	49.78488122417851
30.090419035651795	49.8120354710698
30.12403822989924	49.80650617321759
30.114060294347613	49.79712659600732
30.117808087374478	49.82470790248881
30.10326762118145	49.806546631494555
30.127245175828797	49.76106028977293
30.006636273128972	49.79881460522967
30.119076997872007	49.78752674595577
30.117513395045815	49.79706141322775
30.087746002882405	49.81695564708545
30.1371884416947	49.76515781415691
30.198754869605	49.745593989561115
30.092138652063753	49.82202866548075
30.156984832243626	49.80385840375828
30.168197008607063	49.7848137937169
30.12889198590073	49.79105560678015
30.094451120101603	49.810268792975556
30.20078651318848	49.78301340039185
30.195534055801158	49.80406968587133
30.11465314597351	49.78180414744694
30.099908128634702	49.800970132319215
30.039874100833448	49.80315937463956
30.182311037665674	49.79078813261575
30.109879130249187	49.79732888739215
30.042800222308628	49.79460694442507
30.17580700462368	49.78345619375644
30.12999101493821	49.80124210184772
30.01624671001192	49.77951825479828
30.119701052215056	49.80932701419504
30.064649058252467	49.817420917270574
30.129412031186604	49.795681336446755
29.998790523249426	49.793730348424106
30.11177556205834	49.79053863990779
30.123736603633436	49.81604983121779
30.109057458697507	49.792736872956354
30.101634678983803	49.81254794257806
30.185344635166604	49.801633198525074
30.085395398190254	49.78980140019416
30.096555570025103	49.78543640164579
30.10314627728141	49.80547448715492
30.17762716312424	49.783854033479955
30.146757274954776	49.78472613411681
30.117544597762965	49.7754454549169
30.129720591389557	49.80429894944081
30.153666943319752	49.78571061885635
30.00112032613014	49.801972598515185
30.13246989746754	49.79376631133697
30.169732875684677	49.7316875806946
30.013819832011176	49.812246753182855
30.0902422202546	49.78577580163591
30.072952447983585	49.826258803105894
30.080278152577257	49.8029098819316
30.151624898830555	49.78759192873533
30.117288042088603	49.82286705088679
30.106855933653975	49.811601668433426
30.091258042046338	49.81259739158324
30.105701433119336	49.8181289371175
30.12438492675649	49.78386976725433
30.086376550296272	49.81685225371098
30.09735643976535	49.784705904978324
30.151205395633284	49.782458222924575
30.128191658249087	49.788596642613356
30.133409445950686	49.788780952541764
30.046856575538442	49.773337129150484
30.164858317871754	49.79250760938687
30.097945824422673	49.81622515041798
30.001210467313022	49.80132301840165
30.117946766117374	49.78902145452151
30.124277450730744	49.77131871066622
30.008799661518207	49.78247395669895
30.1020888518668	49.81094309759168
30.11582498135101	49.794962078189556
30.11632422482545	49.824811295863284
30.150938439053203	49.79053189686163
30.121493474967036	49.79749072050002
30.2013134924115	49.798922493968256
30.196757895707247	49.80473050439513
30.162112478762342	49.80184897600223
30.09842426608568	49.80834028177345
30.12052965770388	49.76597597042447
30.08594317922471	49.82991802948939
30.131339665712908	49.81325146706087
30.13160315532442	49.80158374951989
30.196480538221447	49.79824594167008
30.13357932741074	49.798828091322
30.06877128388516	49.8268611818963
30.087759870756695	49.79394387821921
30.008120135678	49.78105566932304
30.130348112701178	49.804449544138414
30.166640339718015	49.78876521876739
30.09414255989865	49.821637568803396
30.114486731482028	49.79165349020645
30.127505198471734	49.79686586488908
30.07329567787226	49.83552374853143
30.111820632649785	49.796784948335144
30.151444616464786	49.782539139478516
30.141553355127467	49.786555747308554
30.121677224301376	49.79859433238841
30.12581331780836	49.79720751256125
30.142648917196375	49.79365392723428
30.142177409470516	49.807063598366916
30.089153592122837	49.801185909796374
30.054456170649345	49.81690395039821
30.142576110856353	49.78326289309982
30.13268831648761	49.77387432516133
30.13522613748267	49.80927756518986
30.108589417940223	49.79175014053476
30.11271857751006	49.80241988724388
30.101714419260972	49.807027635454055
30.19374510001775	49.80743221822373
30.116580780499813	49.82327388133852
30.142104603130495	49.79761883837708
30.09169488008647	49.78391247321335
30.14235075789914	49.81580258619188
30.150997377518934	49.78986208760961
30.124502803687957	49.80224456804369
30.151389144967627	49.790896021354335
30.08058324581164	49.81949103244207
30.112195065255612	49.796922056940424
30.11465661294208	49.798634790665375
30.031005595225015	49.79011158031758
30.19257673160882	49.78361802686431
30.130441720852634	49.773350615242805
30.05173806728851	49.82663641369093
30.199025293153657	49.802763782598106
30.07893296877113	49.8201113926889
30.104058090015975	49.812878351839956
30.119655981623612	49.82612394218267
30.156177028566237	49.78514869834291
30.131700230444448	49.80032729525185
30.030156187924753	49.81304917567604
30.083627244218285	49.810347461847435
30.042547133602838	49.81328518229168
30.152141477147858	49.73894309836409
30.125386880673943	49.80198383692546
30.20081078196849	49.78720307974003
30.169389645796	49.800895958811445
30.096874531133775	49.78560497779982
30.126686993888626	49.79598926888812
30.13269178345618	49.79307177758236
30.11807504395456	49.775589306568335
30.109972738400646	49.79594431524704
30.114091497064766	49.82403135019064
30.192559396765958	49.78368995269003
30.12438492675649	49.78663891154454
30.090401700808933	49.813323392886595
30.12190604422716	49.77507009201392
30.035453715903518	49.804060695143114
30.037426421021266	49.81289183793228
30.099252871574503	49.81893360729274
30.201871674351672	49.795685831810864
30.13177650375304	49.80416633619964
30.147017297597714	49.78252790106824
30.172371238768342	49.72338464318807
30.1181582512003	49.82362676742096
30.132591241367578	49.7955284940671
30.103499908075804	49.798596580070466
30.123729669696292	49.772132371569676
30.148872125783996	49.79524303844627
30.179149162327562	49.781143328923136
30.120144824192334	49.82598458589534
30.20108120551714	49.787823439986866
30.131277260278605	49.81081048435051
30.173414796308663	49.78375064010548
30.063796183983634	49.8105632393246
30.09546347492477	49.81753330137326
30.141393874573133	49.80707933214129
30.119603977095025	49.8259913289415
30.1365331846345	49.80673094142296
30.039232711647536	49.82179041118305
30.129384295438022	49.77035220738311
30.089732575874443	49.819920339714336
30.167871113561247	49.78850898301326
30.13255310471328	49.7930065948028
30.117655540757287	49.79007336972266
30.059309926650833	49.83175888109141
30.132504567153266	49.79342016830069
30.070362622459935	49.81732876230637
30.11124511586675	49.796661325822186
30.169299504613114	49.789156315444735
30.16152656107359	49.756445798516594
30.105462212287836	49.81760297951693
30.01570586291461	49.81126676380742
30.151635299736274	49.831134025480466
30.126215486162767	49.796692793370944
30.186641281412715	49.77898555415155
30.155143871931635	49.753968852893365
30.168699719050075	49.72941966950237
30.07005059528841	49.820635102607426
30.111463534886816	49.79312347426959
29.98897206825213	49.80386065144033
30.188003800061704	49.7844204493575
30.173359324811504	49.78524984403533
30.18943219111357	49.800819537621614
30.171237540045137	49.78736940821201
30.040723508133706	49.80266038922363
30.126610720580032	49.80024862637997
30.17175758533101	49.74269447971179
30.135344014414137	49.78733344529915
30.194948138112405	49.80574420900137
30.09368145307851	49.80862124203016
30.094662605184524	49.77438454898753
30.072855372863554	49.83817151799074
30.174101256086015	49.784476641408844
30.136439576483042	49.803982026271235
30.109612173669106	49.7996979442768
30.10019242005765	49.812051204844174
30.033578085905802	49.76600968565528
30.165763196669175	49.78722106119646
30.10103142645219	49.8214577542391
30.15545936607173	49.75301358802053
30.15196466175066	49.78574882945126
29.99930016762958	49.803584186547724
30.116234083642563	49.82482702963766
30.002992489159286	49.802763782598106
30.13248376534183	49.75807761568761
30.084778277784352	49.81670390669543
30.103818869184472	49.82339076080532
30.08176894906343	49.795085700702515
30.12223887321012	49.79694902912507
30.130081156121093	49.8162094166436
30.12204818993863	49.7916265180218
30.11134219098678	49.80007105949772
30.12630562734565	49.81199726047489
30.11284685534724	49.796993982766146
30.154336068254242	49.75778991238473
30.02731327369531	49.781239979251446
30.1275849387489	49.77348098080192
30.131887446747363	49.78538695264061
30.085000163772992	49.81347173990214
30.10147866539804	49.789491220070744
30.066205727141515	49.834417888960985
30.149340166541283	49.79520932321547
30.09077266644619	49.80867968176356
30.062693687977582	49.83482696709477
30.050046186625135	49.8095427916722
30.114909701647875	49.83858509148863
30.036438334978108	49.793658422598384
30.125986666236983	49.809893430072584
30.123788608162023	49.81921456754946
30.089153592122837	49.784816041398955
30.120182960846634	49.797632324469404
30.127567603906037	49.79684563575059
30.16116599634205	49.743683459815436
30.100975954955032	49.818771774184874
30.069166518302424	49.81929323642134
30.088397792974032	49.80940568306692
30.082940784440932	49.80855830693266
30.101596542329506	49.82304237008699
30.13116285031571	49.78965305317861
30.0798066448514	49.814132558425946
30.129887005881034	49.81008448304715
30.084431580927102	49.82604077794668
30.04267887840859	49.81327169619936
30.106353223210967	49.811729786310494
29.98833067906622	49.80288740511106
30.13015396246112	49.806859059300024
30.11464274506779	49.797800900623436
30.037145596566894	49.81264234522431
30.091382852914947	49.784078801685325
30.05370037150054	49.818131184799554
30.09101188727769	49.82028221652499
30.115398544216596	49.79596004902142
30.114060294347613	49.79685462647881
30.081779349969146	49.81750632918862
30.11295779834156	49.79010034190731
30.062267250843167	49.82858065866741
30.062073100603108	49.81048681813477
30.070549838762847	49.82316374491789
30.121049702989755	49.79035882534349
30.133211828742056	49.76337540228829
30.157428604220904	49.7852318625789
30.062073100603108	49.82356383232346
30.199545338439528	49.80269635213649
30.140714348732924	49.80896288970233
30.134057769073742	49.77644792111287
30.17378922891449	49.7845418241884
30.102969461884214	49.812278220731606
30.181766723599793	49.78402485731604
30.10088928074072	49.78175020307765
30.131190586064292	49.79680068210952
30.11721523574858	49.822878289297066
30.118241458446036	49.77564774630173
30.144833107397044	49.783910225531294
30.11731231086861	49.82670384415253
30.11080134388947	49.79038130216403
30.147478404417857	49.786724323462586
30.09291871999256	49.78269872490433
30.121060103895474	49.78681423074473
30.200169392782577	49.79970468732296
30.084039813478412	49.7885359551979
30.03727387440408	49.812132121398115
30.137105234448963	49.77063766300394
30.18992796761944	49.79241545442267
30.12458947790227	49.784197928834175
30.148702244323946	49.78529254999435
30.093154473855492	49.811954554515864
30.124097168364976	49.80658034672536
30.135243472325534	49.78726826251959
30.124235847107876	49.80524971894955
30.09773087237118	49.8113162128126
30.17909022386183	49.77754254227304
30.0787353515625	49.814074118692545
30.129689388672404	49.79539812850798
30.09894084440298	49.77845734886891
30.005984483037345	49.78842132341316
30.173622814423013	49.82610371304418
30.05096840026542	49.822965948897156
30.128701302629242	49.75483645816611
30.173556942020134	49.78386527189022
30.132740321016197	49.798070622469886
30.039648747876235	49.764339657889344
30.090526511677542	49.80877408440982
30.129363493626588	49.7966995364171
30.08367231480973	49.81153648565387
30.124748958456603	49.770048770305856
30.093924140878585	49.78374614474137
30.12149000799846	49.79430125966576
30.14979780639285	49.79285824778725
30.19534337252967	49.78921925054224
30.04220390371416	49.81325371474293
30.155240947051663	49.785218376486576
30.08902184731708	49.812242257818745
30.132910202476246	49.812051204844174
30.117721413160165	49.81949103244207
30.101443995712316	49.819385391385545
30.08888316857418	49.784935168547804
30.04302557526584	49.82406731310349
30.162337831719555	49.791183724657216
30.12384061269061	49.79487666627151
30.139629187569735	49.78700303603725
30.124683086053725	49.7691137345715
30.114198973090513	49.79678270065309
30.11793983218023	49.825036064068655
30.11534653968801	49.799248407866045
30.12752600028317	49.796605133770846
30.067273553461845	49.82597784284918
30.1242705167936	49.79546331128754
30.075483335041504	49.81595318088948
30.16933764126741	49.79385846630117
30.12102890117832	49.78528805463024
30.171830391671033	49.817032068275275
30.078981506331147	49.82005969600167
30.049845102447932	49.81005751086251
30.073898930403875	49.79900341052219
30.149846343952866	49.787385141986384
30.16050033837613	49.78470365729627
30.1012949160637	49.82070702843315
30.11260416754717	49.81885044305675
30.123483514927646	49.80535760768812
30.124211578327866	49.806481448715
30.124617213650847	49.795292487451455
30.147090103937735	49.78242900305788
30.125126858031006	49.7730786457143
30.121798568201413	49.79730416288956
30.11530840303371	49.79603647021125
30.126267490691355	49.79709512845856
30.091070825743422	49.80380670707104
30.06729435527328	49.82145325887499
30.044939341917857	49.78625455791335
30.003176238493626	49.78534424668159
30.179301708944752	49.79571055631345
30.13651931676021	49.8005385773649
30.151690771233433	49.785764563225634
30.201837004665947	49.79163550875002
30.132556571681853	49.79532620268226
30.08175161422057	49.819093192718555
30.090276889940323	49.81182418895675
30.121826303949994	49.81918310000071
30.13241095900181	49.79352805703927
30.102650500775546	49.805658797083325
30.127089162243035	49.76951157429501
30.15864551018985	49.80616902090953
30.189473794736443	49.78402935268014
30.10453653167898	49.80692873744369
30.1027822455813	49.786128687718346
30.11588045284817	49.81948428939591
30.088460198408338	49.8092460976411
30.132840863104796	49.81214335980838
30.13111777972427	49.79255481071
30.1336347989079	49.78870677903399
30.092617093726755	49.78378435533629
30.008938340261107	49.79812906220329
30.11726030634002	49.78553979502026
30.042779420497194	49.7970007258123
30.142458233924888	49.79155459219608
30.081241969840413	49.78926869954742
30.07781660489079	49.795350927184856
30.095466941893342	49.78621409963638
30.114764088967828	49.79449231264032
30.146694869520474	49.784476641408844
30.129491771463773	49.795429596056735
30.13295527306769	49.77372822582783
30.12193031300717	49.7934538835315
30.146850883106236	49.78685918438581
30.15051546888736	49.78654900426239
30.124027828993526	49.805173297759715
30.129425899060895	49.761280562614196
30.112645771170037	49.829023452032004
30.035627064332143	49.79133207167276
30.12424624801359	49.783910225531294
30.069707365399733	49.822215223091206
30.11608500399395	49.800630732329104
30.1077226757971	49.79559817221077
29.99743493853758	49.80016096677987
30.001234736093032	49.79808860392632
30.03179606405954	49.81373247102038
30.125906925959814	49.829825874525184
30.195464716429708	49.78921250749608
30.168890402321562	49.788326920766906
30.10016815127764	49.77864840184348
30.114136567656207	49.81582281533036
30.091088160586285	49.81246028297796
30.037575500669885	49.812397347880456
30.115454015713755	49.7788417025001
30.10285158495275	49.814480949144276
30.12801484285189	49.768025856457484
30.093147539918345	49.78720307974003
30.133894821550836	49.819425849662515
30.095303994370436	49.8069624526745
30.12626055675421	49.795703813267295
30.106942607868287	49.80702988313611
30.100258292460527	49.7785989528383
30.135132529331216	49.78879219095203
30.124332922227904	49.79242894051499
30.064104744186587	49.833781794939775
30.032225968162532	49.80783680099341
30.12094569393258	49.804710275256646
30.119922938203697	49.82904592885254
30.077449106222105	49.820695790022874
30.078059292690863	49.79776044234647
30.127480929691725	49.7683944763143
30.109962337494927	49.82782543749735
30.021894401816507	49.80736029239801
30.116320757856876	49.79884382509638
30.125737044499765	49.796477015893785
30.117402452051493	49.822956958168945
30.11032983616361	49.79557344770818
30.151999331436386	49.7824379937861
30.00486118521986	49.807764875167685
30.156066085571915	49.78911810484982
30.169202429493087	49.79339993916221
30.092367471989537	49.790012682307214
30.067370628581873	49.82002373308881
30.133828949147958	49.773620337089255
30.061861615520186	49.82790635405129
30.087773738630986	49.812237762454636
30.121857506667144	49.77971380313696
30.113585319653183	49.79362695504963
30.112659639044328	49.80951581948755
30.113172750393055	49.81907970662623
30.0091532923126	49.809266326779586
30.113647725087485	49.79745026222305
30.167032107166705	49.78904393134205
30.129370427563735	49.78571061885635
30.094125225055787	49.783483165941085
30.120703006132505	49.804979997103096
30.1676249587926	49.78773353270471
30.126770201134367	49.799279875414804
30.110246628917874	49.81070259561193
30.17632011597241	49.783386515612776
30.123760872413442	49.80557563284734
30.120848618812552	49.774780141028984
30.080732325460254	49.82285806015858
30.094829019676006	49.82141280059802
30.094094022338638	49.78292124542765
30.12734225094883	49.7684821359144
30.007683297637865	49.78335280038197
30.025149885306075	49.809893430072584
30.116362361479748	49.824925927648025
30.090966816686247	49.81263560217815
30.16798552352414	49.784375495716425
30.097148421651	49.786701846642046
30.132265346321763	49.794197866291285
30.076124724227412	49.82240402838372
30.169420848513152	49.78887535518802
30.103818869184472	49.80589929906308
30.169549126350336	49.78428783611633
30.14315856157653	49.802732315049354
30.119957607889422	49.805081142795515
30.10928281165472	49.81300422203496
30.01583067378322	49.81195230683381
30.11848414624611	49.8239796535034
30.1025048880955	49.822206232362994
30.037589368544175	49.8124872551626
30.127775622020387	49.79656692317593
30.133946826079423	49.79784810194656
30.039652214844807	49.764494747951055
30.134342060496685	49.773699005961134
30.115083050076496	49.8110734631508
30.098029031668414	49.787540232048094
30.124946575665234	49.7892552134551
30.123892617219198	49.7915343630576
30.075722555873003	49.816744364972394
30.18660314475842	49.78248744279128
30.12854528904348	49.76825062466286
30.06914918345956	49.81862342716933
30.092786975186808	49.782984180525155
30.029913500124678	49.81300646971702
30.15057094038452	49.78635345592372
30.12425318195074	49.802251311089854
30.147842436117966	49.78509250629157
30.157137378860817	49.78677152478571
30.074710201049836	49.82476634222221
30.15376055147121	49.75392165157024
30.11405682737904	49.794989050374205
30.124135305019273	49.795685831810864
30.13106230822711	49.803561709727184
30.01770977074951	49.77167609211276
30.17927397319617	49.784123755326405
30.07483847888702	49.82485624950436
30.124974311413816	49.794957582825454
30.178667253695988	49.82144876351088
30.19993363891965	49.789875573701934
30.097827947491208	49.77993182829617
30.14058260392717	49.83452802538162
30.05940700177086	49.82047776486367
30.061972558514505	49.829610097048025
30.060970604597056	49.82882565601127
30.091396720789238	49.81257941012681
30.109820191783456	49.79923716945578
30.113647725087485	49.79523404771806
30.122329014393003	49.79720301719714
30.06977323780261	49.81826155035867
30.12979339772958	49.81019237178573
30.005630852242952	49.792440178925254
30.165693857297725	49.788922556511146
30.1368105421203	49.81567446831481
30.105160586022027	49.81841214505627
30.004927057622734	49.78827522407967
30.112673506918618	49.797769433074684
29.997060505931753	49.80793120363966
30.127411590320275	49.78654001353418
30.085239384604492	49.81028227906788
30.12293573389319	49.79057010745654
30.008515370095264	49.81094309759168
30.168671983301493	49.78721207046825
30.144319996048317	49.74577829948952
30.143269504570853	49.795607162938985
30.019897427918753	49.811628640618075
30.13166209379015	49.79676022383256
30.130576932626962	49.79675348078639
30.14433733089118	49.78884163995721
30.0890322482228	49.812030975705696
30.026162240129242	49.78364724673101
30.14392129466248	49.81200400352105
30.095699228787698	49.786052266528515
30.153902697182684	49.78565217912295
30.07244280360343	49.82634196734188
30.062568877108973	49.82897625070887
30.172392040579776	49.784413706311334
30.173539607177272	49.80087572967296
30.08893517310277	49.80922137313851
30.192888758780345	49.79827516153678
30.16515994413756	49.817690639117025
30.042769019591475	49.81421347497988
30.1697675453704	49.78648831684694
30.11967678343505	49.79787507413121
30.132521901996128	49.79393263980894
30.101398925120876	49.80353473754254
30.198026806204776	49.80034752439033
30.10957403701481	49.8114623121461
30.08299278896952	49.81030700357047
30.14975273580141	49.79720076951509
30.042505529979966	49.81324697169677
30.044894271326413	49.80870440626615
30.126825672631526	49.76944639151545
30.070431961831382	49.81766591461443
30.16817620679563	49.800163214461925
30.117693677411584	49.78647033539051
30.093300086535535	49.81215010285454
30.07070585234861	49.817178167608766
30.053814781463434	49.81775357421453
30.146934090351973	49.79725920924849
30.132532302901847	49.76653564325585
30.11535000665658	49.815411489514524
30.168966675630156	49.78616914599531
30.0788740303054	49.819738277467984
30.161426018984987	49.80361790177853
30.125376479768224	49.794004565634665
30.064198352338046	49.8108059889864
30.10986872934347	49.79576450068274
30.10068126262637	49.80787051622421
30.109886064186334	49.797474986725646
30.064031937846565	49.83540462138258
30.114205907027657	49.828108645436124
30.187639768361596	49.7900958465432
30.080094403242917	49.82787039113843
30.117121627597122	49.80152081442238
30.05933766239941	49.81707477423429
30.1118310335555	49.825717111730945
30.097404977325365	49.788290957854045
30.140787155072946	49.77180196230778
30.123050143856084	49.816157719956365
30.127994041040456	49.766614312127736
30.131467943550092	49.789527182983605
30.126867276254394	49.76929130145374
30.141913919859007	49.78810664792564
30.189407922333565	49.78413948910078
30.072227851551933	49.81711972787537
30.088425528722613	49.79464515501998
30.145848929188784	49.78459801623974
30.071974762846143	49.827274755394185
30.12554982819685	49.773094379488676
30.079470348899868	49.80110049787833
30.097065214405262	49.81487429350368
30.101121567635076	49.80156801574551
30.114469396639166	49.79397085040386
30.154502482745723	49.73464328259527
30.13317715905633	49.79962826613313
30.122360217110156	49.79677595760693
30.122647975501675	49.79284925705904
30.009271169244066	49.809527057897824
30.16963926753322	49.784009123541665
30.084639599041452	49.791120789559706
30.099811053514674	49.7838517857979
30.09620540619928	49.80850436256337
30.12186097363572	49.796807425155684
30.03293322975132	49.81279293992191
30.037849391187113	49.785978093020745
30.11773181406588	49.800100279364415
30.12588959111695	49.80580714409888
30.036729560338195	49.81442026172882
30.126142679822745	49.79565436426211
30.128118851909065	49.812100653849356
30.06138317385718	49.81893360729274
30.05634220155278	49.829668536781426
30.16773243481835	49.788533707515846
30.124166507736426	49.77149402986641
30.041815603234042	49.8087358738149
30.131970653993104	49.80386964216855
30.114535269042044	49.79393938285511
30.03040580966197	49.81295477302978
30.096378754627906	49.78578704004617
30.14503419157425	49.82340874226175
30.132795792513356	49.80198383692546
30.07666210435615	49.802691856772384
30.128104984034774	49.76805058096008
30.121604417961354	49.79824144630597
30.08097501326033	49.82041707744821
30.105212590550614	49.8183379715485
30.12809805009763	49.77170306429741
30.133281168113506	49.76615578498877
30.155067598623038	49.750323112602196
30.012349837336437	49.80495527260051
30.06887875991091	49.82463148129899
30.111120304998142	49.82598908125944
30.0150644737287	49.77413056091545
30.12898906102076	49.79290544911038
30.20185433950881	49.792489627930436
30.103035334287092	49.80704112154638
30.12603867076557	49.795553218569694
30.13303501334486	49.798093099290426
30.0548271362866	49.81870434372326
30.15374668359692	49.83221291286626
30.117714479223018	49.810136179734386
30.133537723787867	49.78874049426479
30.16653979762941	49.789142829352414
30.1339121563937	49.79855836947555
30.124031295962098	49.80566104476538
30.084504387267124	49.80303350444456
30.128926655586454	49.78629501619032
30.117707545285874	49.82521138326885
30.10662711372819	49.803456068670656
30.103454837484364	49.80544526728822
30.09558828579338	49.78954291675798
30.121132910235495	49.77129623384568
30.167871113561247	49.791624270339746
30.18291775716586	49.79574427154426
30.132937938224828	49.811491532012795
30.12280052211886	49.807191716243985
30.20184047163452	49.79151638160117
30.131166317284286	49.76190991358925
30.173723356511616	49.73767540568578
30.11326635854451	49.79820997875722
30.20576854702715	49.75727294551237
30.09483942058172	49.786935605575636
30.126101076199873	49.76836750412966
30.126447773057123	49.773314652329944
30.1284170112063	49.768167460426874
30.065252310784082	49.82740961631741
30.00506226939706	49.80810202747575
30.09086974156622	49.785227367214794
30.115273733347983	49.796243256960196
30.114621943256356	49.80229851241298
30.121316659569835	49.80017220519014
30.123594457921964	49.80541829510358
30.19975682352245	49.762903389057
30.01225276221641	49.810731815478626
30.100604989317773	49.78205588783696
30.011112129556057	49.81015191350876
30.14411544490254	49.793271821285146
30.14642791294039	49.80199732301778
30.01177778752198	49.77405189204357
30.09005153698311	49.81203771875185
30.110097549269256	49.82570587332067
30.119059663029145	49.823689702518465
30.129079202203645	49.824110019062516
30.125296739491056	49.801972598515185
30.101471731460897	49.77958793294194
30.117184033031428	49.78939681742449
30.157785701983872	49.78504080960433
30.106630580696763	49.793849475572955
30.132015724584544	49.773867582115166
30.169632333596073	49.789394569742434
30.088876234637038	49.81154997174619
30.121947647850032	49.79676022383256
30.169389645796	49.793543790813644
30.080243482891532	49.81434159285694
30.126350697937095	49.79575326227248
30.16702517322956	49.78773578038677
30.08748944720804	49.822361322424705
30.185750270489585	49.80163095084302
29.997161048020356	49.806034159986304
30.171771453205302	49.795470054333705
30.150900302398906	49.78653551817007
30.131412472052933	49.772676310626686
30.032052619733907	49.80942366452335
30.125879190211236	49.7860095605695
30.12988007194389	49.802768277962215
30.084195827064175	49.79644779602708
30.089788047371602	49.81351894122527
30.117357381460053	49.82354360318497
30.11958317528359	49.82390323231357
30.089125856374256	49.79411245437324
30.034236809934576	49.805072152067304
30.14775229493508	49.79625224768841
30.07035568852279	49.81778953712739
30.20082464984278	49.80078582239081
30.06406660753229	49.81768389607086
30.116813067394173	49.79992271248217
30.071534457837437	49.82715787592739
30.11216386253846	49.79950239593812
30.12397929143351	49.83113627316252
30.043226659443047	49.81348972135857
30.044620380809185	49.80298180775732
30.10190510253246	49.789217002860184
29.98997402216958	49.80181076540732
30.077258422950617	49.822118572762896
30.11816171816887	49.827883877230754
30.165652253674853	49.78645235393408
30.15618396250338	49.79721650328946
30.113980554070444	49.79708164236624
30.096888399008066	49.80624094673525
30.047029923967067	49.8112240578484
30.113183151298774	49.789239479680724
30.130108891869675	49.76234596390767
30.157126977955098	49.736565050751224
30.129980614032494	49.80930228969245
30.008071598117983	49.79808860392632
30.087867346782442	49.816524092131125
30.057087599795864	49.830021422863865
30.075008360347073	49.79696925826355
30.086130395527622	49.81572391731999
30.197832655964717	49.803381895162886
30.06668070183595	49.82520688790474
30.113394636381695	49.81905947748775
30.112160395569887	49.79864602907565
30.083651512998294	49.8297719301559
30.157543014183798	49.78503406655817
30.137386058903335	49.8104171399911
30.00110645825585	49.80024862637997
30.094676473058815	49.81979896488343
30.108842506646013	49.790909507446656
30.121392932878432	49.798162777434094
30.13711563535468	49.806744427515284
30.086896595582143	49.80713777187469
30.072130776431905	49.81838966823574
30.173154773665726	49.78458902551153
30.07764672343074	49.81872232517969
30.12567463906546	49.78835389295155
30.133249965396352	49.773831619202305
30.088858899794175	49.79428552589138
30.130195566083987	49.798803366819406
30.150993910550362	49.77908669984396
30.08254901699224	49.832179197635455
30.102733708021283	49.788043712828134
30.029864962564663	49.812855875019416
30.15715818067225	49.785067781788975
30.131693296507304	49.79513964507181
30.119278082049213	49.82330984425138
30.121867907572863	49.83113177779841
30.167670029384045	49.784582282465365
30.1374657991805	49.81267381277306
30.12228047683299	49.79519358944109
30.117700611348727	49.823226680015395
30.04104593621095	49.81226248695723
30.134005764545154	49.77368776755087
30.153736282691202	49.832118510220006
30.05112094688261	49.82290750916376
30.133069683030584	49.80038123962114
30.117180566062856	49.803853908394174
30.198446309402048	49.74061986917618
30.17903475236467	49.82106216219764
30.1489726678726	49.7952565245386
30.119291949923504	49.776382738333304
30.19375896789204	49.79752668341288
30.078073160565154	49.812435558475364
30.12438492675649	49.80407642891749
30.117489126265806	49.82559573690004
30.103440969610073	49.806400532161064
30.11115844165244	49.825813762059255
30.102262200295424	49.82020129997105
30.118574287428995	49.82293223366635
30.166848357832365	49.7880841711051
30.13296914094198	49.790565612092436
30.083835262332634	49.80866394798918
30.132449095656106	49.75812931237485
30.120241899312365	49.77572866285567
30.117846224028774	49.82535748260234
29.99292441242477	49.81138589095627
30.008716454272466	49.77288984042179
30.111016295940967	49.81084644726337
30.116778397708448	49.8186054457129
30.124540940342253	49.771669349066606
30.127713216586084	49.8092460976411
30.183413533671725	49.79341567293658
30.197274474024546	49.79874267940396
30.133353974453527	49.7749981661882
30.2008974561828	49.77874280448974
30.07528571783287	49.82527881373046
30.13787143450348	49.79596679206758
30.12588959111695	49.8018894342792
30.11506918220221	49.828418825559545
30.007388605309202	49.78417769969569
30.107143692045494	49.81457984715464
30.028256289147027	49.79700971654052
30.16881759598154	49.73394650115861
30.14979780639285	49.78735142675558
30.090308092657477	49.81121281943813
30.12103930208404	49.79209403588898
30.11377946989324	49.790635290236104
30.1713935536309	49.73148304162771
30.16878986023296	49.78892929955731
30.10065352687779	49.81862342716933
30.00735740259205	49.79819649266489
30.113453574847426	49.802017552156265
30.093199544446932	49.78440246790107
30.084254765529906	49.81747261395781
30.199881634391062	49.78919003067554
30.073302611809407	49.799972161487354
30.005707125551545	49.79822796021365
30.10490056337909	49.802401905787455
30.05624859340132	49.8192999794675
30.17166051021098	49.784640722198766
30.04319198975732	49.78924847040894
30.117679809537293	49.82576206537202
30.102778778612727	49.81405164187201
30.096278212539307	49.81501814515512
30.127467061817438	49.797549160233416
30.084504387267124	49.8132941730199
30.14027751069279	49.810333975755114
30.195492452178286	49.80632635865329
30.104834690976215	49.78841682804905
30.098951245308697	49.808693167855886
30.072394266043414	49.826436369988144
30.141265596735952	49.81437530808775
30.13571151308282	49.81439553722623
30.12465881727372	49.77000156898273
30.117294976025747	49.81891337815426
30.070435428799957	49.81771311593756
30.13102070460424	49.800776831662596
30.0886162119941	49.792736872956354
30.182352641288546	49.79065551937458
30.029688147167466	49.81145781678199
30.09643769309364	49.78603653275414
30.092714168846786	49.817045554367596
30.099551030871737	49.82216802176808
30.152821002988066	49.782476204381005
30.12246422616733	49.808731378450794
30.109667645166265	49.798987676747814
30.074682465301258	49.80143540250434
30.13241095900181	49.80555989907296
30.14864330585821	49.78724578569906
30.1485947682982	49.79503175633322
30.194140334435016	49.7987404317219
30.122401820733028	49.821684770126524
30.20094252677424	49.779376650828894
30.0890322482228	49.812453539931795
30.07935940590555	49.81396173458986
30.127030223777304	49.79717829269455
30.151080584764674	49.78994300416355
30.196113039552763	49.80551045006778
30.109951936589212	49.79502950865117
30.200866253465648	49.80010252704647
30.059424336613723	49.820713771479305
30.148497693178168	49.78720757510414
30.090110475448842	49.821504955562226
30.103933279147366	49.7910578544622
30.114143501593354	49.78554204270232
30.137649548514844	49.81353467499965
30.039697285436247	49.764380116166315
30.151929992064936	49.73395773956888
30.164036646320074	49.80103756278083
30.085745562016076	49.81808847884054
30.093300086535535	49.791642251796176
30.025971556857755	49.812979497532375
30.11724297149716	49.78934512073725
30.157383533629464	49.75734262365604
30.087742535913833	49.791844543181014
30.063345478069213	49.83642956439909
30.116362361479748	49.82498886274553
30.156014081043327	49.75468136810441
30.14983594304715	49.79299086102842
30.143494857528065	49.812224276362315
30.134921044248294	49.79856511252171
30.10336816327005	49.82468992103238
30.142784128970703	49.79132982399071
30.150720020033134	49.787479544632646
30.10985139450061	49.81081048435051
30.06531818318696	49.827411863999465
30.108180315648667	49.8113117174485
30.08916052605998	49.809142704266634
30.172305366365464	49.723240791536625
30.17920116685615	49.78135685871824
30.137469266149072	49.78819205984368
30.114954772239315	49.82881891296511
30.11450059935632	49.82403135019064
30.12808418222334	49.76933625509482
30.122883729364602	49.79464740270203
30.169323773393124	49.79377305438313
30.123483514927646	49.816083546448596
30.12712729889733	49.76971836104396
30.07749764378212	49.801138708473246
30.10443945655895	49.81646115703362
30.138401880695074	49.8135953624151
30.139545980323994	49.820617121150995
30.08499669680442	49.796294953647426
30.17092204590504	49.735214193836924
30.143903959819617	49.78922374590635
30.087219023659387	49.82504955016098
30.151070183858955	49.79059707964119
30.155899671080437	49.75330578668751
30.143664738988114	49.739727539400846
30.11848067927754	49.78822352739243
30.085807967450382	49.79817401584436
30.1697675453704	49.785049800332544
30.14958632130993	49.82910661626799
30.108052037811486	49.801853471366336
30.027445018501066	49.78944626642967
30.070598376322863	49.827023015004166
30.120852085781124	49.806101590447916
30.11807851092313	49.79461593515328
30.127293713388813	49.7602938301926
30.088134303362523	49.81647239544389
30.142132338879073	49.802979560075265
30.10019588702622	49.79428103052727
30.09345956708987	49.812316431326515
30.1263125612828	49.79962826613313
30.096222741042144	49.80757831755722
30.126589918768595	49.77111866696344
30.198522582710645	49.803584186547724
30.019824621578728	49.8117050618079
30.09284591365254	49.78190529313936
30.1176035362287	49.828126626892555
30.154169653762764	49.80486761300041
30.133700671310777	49.788533707515846
30.201712193797334	49.78923048895251
30.1933984031605	49.79505648083582
30.104501861993256	49.80602741694014
30.0715517926803	49.79202660542737
30.103319625710036	49.805182288487934
30.094045484778622	49.81048232277066
30.148823588223983	49.78205813551901
30.09161167284073	49.783831556659415
30.02555552062906	49.78426760697784
30.151416880716205	49.79260650739723
30.057885002567538	49.82047551718161
30.06878515175945	49.81970231455512
30.004486752614028	49.802968321665
30.18484885866074	49.73651560174604
30.117492593234378	49.77785946544262
30.198702865076413	49.7994889098458
30.117565399574403	49.82482253427355
30.081027017788916	49.82031817943785
30.1302822402983	49.796820911248005
30.14513126669428	49.79304930076182
30.04144117062821	49.80166241839177
30.08443851486425	49.795121663615376
30.1309756340128	49.77246952387774
30.16901521319017	49.78560947316393
30.136755070623142	49.80555090834475
30.114923569522162	49.796459034437355
30.08937894508005	49.812604134629396
30.104949100939105	49.81197478365435
30.113550649967458	49.79151188623706
30.184256007034843	49.7840316003622
30.08723635850225	49.81951126158055
30.124267049825026	49.80574196131931
30.08524631854164	49.828113140800234
30.122176467775816	49.80428096798438
30.182297169791386	49.79088927830817
30.072508676006304	49.82877620700609
30.203383272649276	49.78357307322324
30.18894681551342	49.79750195891029
30.171521831468084	49.72255974387434
30.097155355588146	49.81472594648813
30.099256338543075	49.80235020910022
30.151725440919158	49.78517117516345
30.050954532391128	49.82290526148171
30.128316469117696	49.807663729475266
30.128316469117696	49.76394406584789
30.13921661830961	49.771073713322366
30.138325607386477	49.8145281504674
30.090179814820292	49.80710405664389
30.126239754942773	49.79734686884858
30.11700721763423	49.802516537572195
30.083010123812382	49.79963500917929
30.124433464316507	49.806445485802136
30.128202059154805	49.76811126837553
30.188516911410435	49.78239978319118
30.133867085802255	49.790767903477274
30.070414626988523	49.817549035147636
30.132230676636038	49.79166248093466
30.168231678292788	49.788025731371704
30.20129615756864	49.78266500967352
30.121614818867073	49.831446453285935
30.13875897845804	49.7730157106168
30.007960655123664	49.78101745872813
30.160004561870267	49.77906197534137
30.108370998920154	49.810740806206844
30.135399485911297	49.79174564517065
30.114816093496415	49.790017177671324
30.005346560820005	49.805425038149735
30.15221775045645	49.78566566521527
30.105507282879277	49.80361790177853
30.119586642252163	49.80623420368909
30.113907747730423	49.81742316495263
30.06409434328087	49.83533044787481
30.079116718105475	49.82016308937614
30.116133541553964	49.80824363144514
30.14173363749324	49.80581613482709
30.10671032097393	49.80183773759196
30.106953008774006	49.79752668341288
30.067325557990433	49.820104649642744
30.11540894512231	49.82432354885762
30.11420937399623	49.79319989545942
30.047588105907238	49.80980352279043
30.075136638184254	49.81621840737182
30.169261367958818	49.79402029940904
30.182259033137086	49.78377985997218
30.14880625338112	49.78873824658274
30.12358752398482	49.805310406364995
30.096122198953545	49.78588818573859
30.126558716051445	49.81295926839389
30.00593594547733	49.79645229139119
30.14131760126454	49.80679612420252
30.0874443766166	49.82470790248881
30.111543275163985	49.82964381227883
30.00950345613842	49.78364949441306
30.13465755463678	49.801358981314515
30.140617273612897	49.809266326779586
30.156943228620758	49.799756384010195
30.197898528367595	49.80430119712287
30.044024062214717	49.80812000893218
30.090543846520404	49.78384729043379
30.086563766599184	49.816144233864044
30.089184794839987	49.813168302824884
30.16778790631551	49.79142422663696
30.16866851633292	49.81447870146222
30.085322591850232	49.817760317260685
30.044197410643342	49.76870016107361
30.131412472052933	49.81091163004293
30.080673386994523	49.81628583783343
30.024941867191725	49.80848188574283
30.137112168386107	49.79964849527161
30.156686672946392	49.78513296456853
30.171861594388186	49.79105335909809
30.104744549793327	49.80598920634523
30.079064713576887	49.82072500988958
30.126600319674314	49.80034302902622
30.035547324054978	49.804004503091775
30.113571451778892	49.83295015257989
30.088207109702545	49.809747330739086
30.093175275666926	49.78712890623226
30.1236152597334	49.80503618915444
30.123580590047673	49.802325484597624
30.02017478540455	49.77034546433695
30.12877757593784	49.79603647021125
30.13349958713357	49.80334817993208
30.18758082989586	49.79251884779714
30.10711248932834	49.819169613908386
30.148830522161127	49.787034503586
30.10840566860588	49.7998485389744
30.08867515045983	49.82600481503382
30.137971976592084	49.78339325865893
30.111432332169663	49.781266951436095
30.192767414880308	49.797841358900406
30.001241670030176	49.79799195359801
30.137108701417535	49.81254344721395
30.03694451238969	49.8122737253675
30.10053218297775	49.80629264342248
30.106328954430957	49.797072651638025
30.13267791558189	49.795717299359616
30.11192810867553	49.79961478004081
30.119690651309337	49.77632879396402
30.179787084544902	49.79008011276883
30.188960683387712	49.739727539400846
30.174479155660418	49.78463847451671
30.0875830553595	49.791491657098575
30.06185468158304	49.817456880183435
30.124111036239263	49.79799420128006
30.126895012002976	49.82753773419448
30.135052789054047	49.8135324273176
30.102747575895574	49.81956071058573
30.146587393494727	49.801893929643306
30.168044461989872	49.78835838831566
30.020836976401895	49.80591728051951
30.08414728950416	49.78858540420308
30.135482693157037	49.78715812609896
30.056016306506965	49.819261768872586
30.152245486205032	49.78239079246296
30.176843628226855	49.822541136989
30.168366890067116	49.78914058167036
30.073940534026743	49.81957419667806
30.140447392152844	49.80217938526413
30.13211973364172	49.79358649677267
30.147530408946444	49.79497556428188
30.117152830314275	49.795777986775065
30.046804571009854	49.806661263279295
30.12567810603403	49.77326070796066
30.1131415476759	49.80217713758208
30.188613986530463	49.78261556066834
30.163090163899785	49.72829133311139
30.075850833710188	49.816899455034104
30.125847987494083	49.78578928772823
30.102341940572593	49.80723217452095
30.088862366762747	49.81235014655732
30.163762755802846	49.73101102839642
30.124641482430857	49.79523854308217
30.128881584995014	49.8082548698554
29.98803945370613	49.80014298532344
30.138537092469402	49.818441364922975
30.152470839162245	49.83059682946962
30.079733838511377	49.830219218884594
30.126825672631526	49.76936547496152
30.136023540254346	49.81450342596481
30.006455990763204	49.78565892216911
30.123400307681905	49.806784885792254
30.09505783960179	49.80863248044043
30.085131908578745	49.81055874396049
30.00695523423764	49.78913159094215
30.062527273486104	49.81739619276798
30.17627504538097	49.78350789044368
30.095203452281833	49.81761421792719
30.08244847490364	49.821509450926335
30.073885062529584	49.79923716945578
30.065560870987035	49.81748834773219
30.11771794619159	49.83216346386108
30.139417702486814	49.79714008209964
30.0955605500448	49.79200637628888
30.090006466391667	49.81366728824082
30.03725307259264	49.814294391533814
30.03823769166723	49.8071422672388
30.125532493353987	49.784335037439455
30.154616892708614	49.762489815559114
30.12108783964405	49.80022839724148
30.091947968792265	49.820228272155695
30.122647975501675	49.80098137072949
30.00653573104037	49.786357951287826
30.199358122136616	49.80214117466922
30.12424624801359	49.80655337454072
30.167590289106876	49.78835838831566
30.14459388656554	49.74330360154835
30.122914932081756	49.80490132823122
30.011580170313344	49.77216383911843
30.142912406807884	49.793363976249346
30.114854230150712	49.82852671429812
30.12031817262096	49.7929773749361
30.05393612536347	49.82282209724572
30.127477462723153	49.80524971894955
30.10442558868466	49.80694671890012
30.1178808937145	49.797448014541
30.132046927301698	49.79505198547171
30.0311581418422	49.79513065434359
30.056616092070005	49.81743665104495
30.126073340451295	49.813703251153676
30.160198712110326	49.8023119985053
30.121309725632692	49.79708389004829
30.103662855598714	49.80501146465185
30.03642793407239	49.80902132943573
30.1132802264188	49.7997024396409
30.09194450182369	49.78649955525721
30.109528966423365	49.79991596943601
30.110929621726655	49.75856311501122
30.13152341504725	49.77428115561305
30.193762434860613	49.80883926718938
30.10356231351011	49.806353330837936
30.197288341898837	49.79603197484714
30.083336018858194	49.8102665452935
30.12038751199241	49.77553985756315
30.12985580316388	49.79760535228476
30.13337477626496	49.77363382318158
29.991790713701565	49.8036291401888
30.12919361216654	49.7897317220505
30.163925703325756	49.800934169406354
30.168342621287106	49.78909787571134
30.099925463477565	49.822493935665875
30.12218340171296	49.78578928772823
30.12020722962664	49.826101465362136
30.13514986417408	49.83619131010139
30.117138962439984	49.81682528152633
30.11443125998487	49.80703887386433
30.122398353764453	49.766600826035415
30.133607063159317	49.758817103083295
30.122540499475928	49.797380584079384
30.150286648961572	49.786110706261915
30.156617333574943	49.757412301799704
30.17378576194592	49.737810266609
30.165222349571867	49.801437650186394
30.087732135008114	49.79154784914992
30.143744479265283	49.789196773721706
30.01256132241936	49.80490357591327
30.2013134924115	49.782984180525155
30.12418730954786	49.77135467357908
30.01268613328797	49.805186783852044
30.129273352443704	49.79551276029272
30.19875140263643	49.79650623576048
30.117908629463077	49.803584186547724
30.034153602688836	49.775667975440214
30.124079833522114	49.771610909333205
30.097113751965274	49.78505654337871
30.108679559123107	49.793089759038786
30.201837004665947	49.79168046239109
30.144930182517076	49.79236825309954
30.120342441400968	49.797686268838696
30.00540896625431	49.808648214214806
30.129269885475132	49.78331683746911
30.117679809537293	49.82585646801827
30.15296661566811	49.73478938192876
30.038521983090174	49.80723666988506
30.201171346700026	49.79851791119858
30.15877032105846	49.732768715762454
30.012498916985056	49.81039466317057
30.07481421010701	49.797227741699736
30.075427863544345	49.79883708205021
30.11633809269974	49.793226867644066
30.171525298436656	49.78735816980174
30.076249535096025	49.81835820068699
30.126388834591392	49.79588587551365
30.12047418620672	49.79815603438793
30.11550255327377	49.80079256543697
30.133194493899193	49.797612095330926
30.143758347139574	49.78956089821441
30.080857136328866	49.82876047323171
30.052722686363097	49.81642069875666
30.178237349592997	49.78389673943897
30.114476330576313	49.79824369398803
30.140669278141484	49.76985097428513
30.146278833291774	49.8207384959819
30.14652498806042	49.78320670104848
30.008744190021048	49.7855959870716
30.126087208325586	49.79956083567152
30.041600651182545	49.8134155478508
30.1999648416368	49.790453227989744
30.11662931805983	49.80361790177853
30.1468682179491	49.79809534697248
30.11253829514429	49.81075653998122
30.118529216837555	49.79624550464224
30.115360407562296	49.79596004902142
30.137583676111966	49.79410795900913
30.116511441128363	49.82499335810964
30.166924631140958	49.79845497610108
30.038324365881543	49.812846884291204
30.10081994136927	49.81366279287671
30.169816082930417	49.7916849577552
30.190954190316894	49.790639785600206
30.122745050621702	49.79389218153197
30.166761683618052	49.784431687767764
30.149360968352717	49.79710411918678
30.125948529582686	49.795488035790136
30.13235548750465	49.79913152839925
30.127186237363066	49.76100634540364
30.178053600258657	49.821734219131706
30.042769019591475	49.7843620096241
30.113314896104526	49.80214117466922
30.11911860149488	49.827371405722495
30.107077819642615	49.81081947507872
30.187653636235883	49.80689277453083
30.14354686205665	49.79734911653063
30.133405978982115	49.78857416579282
30.192892225748917	49.79832461054196
30.094690340933106	49.8081334950245
30.1297275253267	49.766706467091936
30.09750898638254	49.81635776365915
30.127848428360412	49.76907552397658
30.176573204678203	49.78027122828628
30.19455290369514	49.80426298652795
30.099329144883097	49.8189066351081
30.132126667578866	49.815054108067976
30.124052097773532	49.771673844430715
30.198692464170694	49.80305148590099
30.109889531154906	49.79869772576288
30.074845412824164	49.827892867958965
30.110551722152252	49.79410346364503
30.14632737085179	49.82092505359236
30.133000343659134	49.79671527019148
30.144098110059677	49.78954741212209
30.11967678343505	49.77719415155471
30.12533140917678	49.802123193212786
30.119759990680787	49.77780776875538
30.093383293781276	49.818189624532955
30.18344820335745	49.78851347837737
30.132171738170307	49.768661950478695
30.146968760037698	49.7849598930504
30.086646973844925	49.79187376304771
30.112694308730052	49.81976749733468
30.08509377192445	49.813085138588896
30.125903458991242	49.7907858849337
30.09948862543743	49.822644530363476
30.18433574731201	49.81386058889744
30.132781924639065	49.800794813119026
30.10128451515798	49.80885949632786
30.07909591629404	49.820196804606944
30.054317491906446	49.77925527599799
30.14325216972799	49.81238161410608
29.994526151905262	49.79961478004081
30.116955213105644	49.81855374902566
30.081640671226246	49.81416627365675
30.127352651854544	49.78647033539051
30.18251212184288	49.790370063753755
30.05801328040472	49.82043281122259
30.102962527947067	49.80401574150204
30.154363804002823	49.8048631176363
30.002382302690528	49.7847508586194
30.06750237338763	49.82141954364418
30.117402452051493	49.82316149723584
30.04903729877054	49.80782556258314
30.111057899563836	49.82739613022509
30.13877284633233	49.80884825791759
30.158038790689663	49.77748859790375
30.134064703010885	49.776953649574956
30.11692054341992	49.78989130747631
30.12553596032256	49.77322024968369
30.182099552582752	49.784009123541665
30.13836721100935	49.773977718535804
30.102511822032646	49.81277495846548
30.004542224111187	49.81078126448381
30.100896214677864	49.806047646078625
30.088917838259906	49.80733107253131
30.12094916090115	49.781889559364984
30.113977087101873	49.78563644534857
30.180695430310895	49.81192983001328
30.111307521301054	49.81094084990963
30.12420117742215	49.817045554367596
30.104283442973188	49.79074317897468
30.112701242667196	49.82730397526089
30.135316278665556	49.78702776053984
30.097488184571105	49.78498012218888
30.140027888955572	49.8214577542391
30.142856935310725	49.798670753578236
30.1278622962347	49.76801911341133
30.13032731088974	49.785049800332544
30.1130791422416	49.83461793266377
30.06962069118542	49.817879444409535
30.142579577824925	49.80292786338803
30.119129002400594	49.82302663631261
30.154977457440154	49.83549228098268
30.080839801486004	49.8075940513316
30.009562394604156	49.78592414865145
30.1284170112063	49.796202798683225
30.096728918453728	49.81366054519466
30.1236152597334	49.794060757686005
30.124211578327866	49.82191852906011
30.12651364546	49.76961271998743
30.096243542853582	49.7843957248549
30.09291871999256	49.78182212890337
30.122835191804587	49.798061631741675
30.121992718441472	49.822916499891974
30.123864881470617	49.79019249687151
30.12523086708818	49.76925084317678
30.083738187212603	49.82589692629524
30.098573345734295	49.790914002810766
30.068639539079406	49.817796280173546
30.1134189051617	49.79359548750088
30.133853217927964	49.8101114552318
30.148622504046777	49.79441139608639
30.07898844026829	49.82026423506856
30.184727514760702	49.78389898712103
30.00868178458674	49.792444674289364
30.11424057671338	49.79339319611604
30.133007277596278	49.79089826903639
30.111605680598288	49.79669054568889
30.075067298812804	49.822334350240055
30.04172892901973	49.813442520035444
30.11252789423857	49.82008891586837
30.166862225706655	49.788003254551164
30.076152459975994	49.815914970294564
30.04142383578535	49.80856729766087
30.139448905203967	49.815076584888516
30.180085243842136	49.78957438430673
30.081342511929012	49.8182165967176
30.18117733894247	49.74506353659643
29.99382929122219	49.79851791119858
30.149971154821475	49.79298636566432
30.122346349235865	49.80459789115396
30.137642614577697	49.82610596072624
30.11543321390232	49.79119496306748
30.091895964263678	49.8261127037724
30.195828748129816	49.804083171963654
30.04336187121737	49.77104224577361
30.06391752788367	49.81825480731251
30.120092819663746	49.825923898479886
30.17462130137189	49.78441595399339
30.113370367601686	49.78285381496604
30.141882717141854	49.78539144800472
30.00347093082229	49.805254214313656
30.11952423681786	49.804732752077186
30.019904361855897	49.81207143398266
30.123012007201787	49.79401805172699
30.090446771400376	49.818400906646005
30.12326856287615	49.83070247052615
30.112881525032964	49.79541835764647
30.09695080444237	49.78474411557323
30.188603585624747	49.78218850107813
30.1579209137582	49.77843936741248
30.17549844442073	49.78460251160385
30.127671612963212	49.77370799668935
30.081307842243287	49.81415953061059
30.148275807189528	49.78890682273677
29.994782707579624	49.81208492007498
30.105195255707752	49.81845260333324
30.136162218997246	49.814017926641206
30.201403633594385	49.787800963166326
30.119479166226416	49.77624113436392
30.180962386890975	49.812921057798974
30.11692401038849	49.79981707142564
30.070407693051376	49.805924023565666
30.09038436596607	49.794622678199445
30.080257350765823	49.81532158223237
30.11450406632489	49.81984616620656
30.127241708860225	49.799246160184
30.15188145450492	49.78245147987842
30.093248082006948	49.78622983341076
29.99893960289804	49.79955409262536
30.113866144107554	49.79507446229225
30.12602480289128	49.765805146588384
30.099211267951635	49.79057909818476
29.9929209454562	49.81106222474053
30.08368964965259	49.79022621210232
30.181236277408203	49.78377761229012
30.133520388945005	49.77344501788906
30.116941345231353	49.825460875976816
29.998457694266467	49.80707708445924
30.02412366260862	49.80821441157843
30.032094223356776	49.807576069875175
30.080770462114554	49.820484507909825
30.1215732152442	49.82282659260983
30.100175085214786	49.80660956659206
30.166792886335205	49.729637694661584
30.118185986948877	49.80987769629821
30.125366078862506	49.80443381036404
30.071822216228952	49.82360429060042
30.08164413819482	49.79154784914992
30.11349864543887	49.79485418945098
30.127508665440306	49.796719765555586
30.13341291291926	49.79812681452123
30.110101016237827	49.807652491065
30.163152569334088	49.72923985493807
30.129509106306635	49.79783236817219
30.125334876145356	49.78683221220116
30.11445899573345	49.81082621812489
30.110496250655093	49.80055880650338
30.025382172200434	49.77189411727198
30.132695250424753	49.8202619873865
30.016118432174736	49.76163569637869
30.132840863104796	49.77676933964655
30.01271733600512	49.77121531729175
30.0908593406605	49.80865046189686
30.04061949907653	49.802723324321136
30.037759250004225	49.7961555973601
30.072546812660605	49.817398440450035
30.18380876808899	49.796061194713836
30.09571309666199	49.80887972546634
30.10969884788342	49.821203766167024
30.079369806811265	49.814348335903105
30.169438183356014	49.78898099624455
30.008716454272466	49.8090662830768
30.144552282942673	49.78883939227516
30.096458494905075	49.78570612349224
30.04753263441008	49.810603697601564
30.11853961774327	49.83320189296991
30.132993409721987	49.800868986626796
30.12574744540548	49.784256368567576
30.110163421672134	49.817124223239475
30.124350257070766	49.770406151752404
30.091351650197794	49.7975064542744
30.037949933275712	49.802900891203386
30.121750030641397	49.80364487396317
30.118269194194617	49.83501577238728
30.141629628436064	49.77366529073033
30.08977071252874	49.79041951275894
30.126354164905667	49.79756489400779
30.15886739617849	49.78495539768629
30.125303673428203	49.79627921987305
30.0846465329786	49.810471084360394
30.065210707161214	49.782118822934464
30.123941154779214	49.77452840063897
30.106783127313953	49.80688378380262
30.114302982147688	49.79956083567152
30.127168902520204	49.796378117883414
30.181045594136716	49.81285812270147
30.154824910822963	49.785279063902024
30.123525118550514	49.80255699584916
30.101828829223862	49.803584186547724
30.158069993406816	49.782406526237345
30.116081537025376	49.79511492056921
30.20163592048874	49.79461143978917
29.98735992786592	49.799545101897145
30.18479338716358	49.7910578544622
30.102640099869827	49.79071845447209
30.0779414157594	49.79476877753294
30.08217458438641	49.8163847358438
30.067762396030567	49.821985959521726
30.106030795133723	49.8232603952462
30.035172891449147	49.7914759233242
30.079411410434137	49.796088166898485
30.12472815664517	49.79445634972747
30.141771774147536	49.78652652744186
30.069544417876827	49.8243100627653
30.124447332190798	49.805800401052714
30.13507359086548	49.80920563936414
30.163870231828593	49.74070078573011
30.121684158238523	49.812352394239376
30.124111036239263	49.77343153179674
30.018437834149733	49.804939538826126
30.14705543425201	49.78108264150769
30.11230254128136	49.81288509488611
30.081772416032003	49.794944096733126
30.139362230989654	49.80825262217335
30.067717325439123	49.8201698324223
30.17099138527649	49.75619630580863
30.107050083894034	49.793575258362395
30.18529609760659	49.79122867829829
30.04337227212309	49.797086137730346
30.109847927532037	49.7993090952815
30.146854350074808	49.78707046649886
30.12170842701853	49.785373466548286
30.132563505619	49.79544083446701
30.168495167904297	49.80018569128246
30.07635701112177	49.823743646887756
30.012214625562113	49.81036094793976
30.083336018858194	49.81778953712739
30.084421180021387	49.795328450364316
30.119603977095025	49.776207419133115
30.119614378000744	49.77612200721507
30.11271857751006	49.814636039205986
30.119770391586506	49.7750273860549
30.14371327654813	49.78104892627688
30.06470452974963	49.81729954243967
30.06722501590183	49.82252090785052
30.199347721230897	49.75890476268339
30.139098741378145	49.813323392886595
30.099155796454472	49.81798733314812
30.1336972043422	49.812705280321815
30.167631892729748	49.741876323444224
30.064337031080942	49.83506072602836
30.131849310093067	49.79676022383256
30.154571822117173	49.785283559266134
30.159297300281477	49.777985335637624
30.07887749727397	49.81225574391107
30.145627043200147	49.811253277715096
30.045923960992443	49.8248495064582
30.124041696867817	49.80664552950492
30.119139403306313	49.827452322276436
30.116275687265436	49.784348523531776
30.120439516520996	49.78779422012017
30.116719459242713	49.82326713829236
30.010571282458752	49.80432816930751
30.11740591902007	49.79998789526173
30.152040935059254	49.785663417533215
30.10285505192132	49.80548572556519
30.109414556460475	49.81007099695483
30.03542598015494	49.79145794186777
30.09696813928523	49.818400906646005
30.12511992409386	49.76244261423599
30.167936985964126	49.784816041398955
30.105798508239367	49.807654738747054
30.10648496801672	49.808167210255306
30.12677713507151	49.772595394072745
30.082812506603748	49.80806831224494
30.134626351919632	49.812626611449936
30.117655540757287	49.818304256317695
30.101873899815306	49.822302882691304
30.070310617931348	49.822361322424705
30.151316338627602	49.77645241647697
30.088637013805535	49.82614641900321
30.107434917405584	49.80818294402968
30.127952437417584	49.77200200601056
30.075004893378498	49.82205338998334
30.16577013060632	49.73600987328395
30.0899648627688	49.82155215688535
30.177901053641467	49.78469017120395
30.19673709389581	49.80091169258582
30.081848689340596	49.7973895748076
30.10576037158507	49.7983763072292
30.108644889437382	49.82079693571529
30.097682334811164	49.81933594238036
30.001785984096056	49.79872919331164
30.041389166099624	49.811235296258666
30.125764780248343	49.82078569730503
30.151278201973305	49.790909507446656
30.1191914078349	49.82760066929198
30.132726453141906	49.77307190266814
30.132126667578866	49.79001043462516
30.111713156624038	49.79998115221557
30.173737224385903	49.826184629598124
30.085256719447354	49.80192989255617
30.12769241477465	49.807234422203
30.020178252373125	49.77031174910614
30.096170736513557	49.79165349020645
30.029060625855845	49.81555084580186
30.198453243339195	49.74159761086956
30.122433023450178	49.79224463058658
30.093979612375744	49.79222215376604
30.115523355085205	49.79124665975472
30.150924571178912	49.78616240294915
30.11980159430366	49.80468779843611
30.114465929670594	49.79759636155654
30.093996947218606	49.78075447992784
30.14131760126454	49.815989143802334
30.086577634473475	49.79043749421537
30.093910273004294	49.783950683808264
30.190361338690998	49.788286462489936
30.12244689132447	49.76994987229549
30.13254963774471	49.76490832144894
30.04068537147941	49.81294128693746
30.168006325335575	49.81715569078823
30.077889411230814	49.79233678555079
30.145595840482994	49.801702876668735
30.151025113267515	49.79911129926077
30.04422167942335	49.8026424077672
30.11414003462478	49.7838517857979
30.147991515766584	49.79464515501998
30.10671032097393	49.80246034552085
30.122970403578915	49.80398427395329
30.01150043003618	49.77955421771114
29.99853050060649	49.79272113918198
30.095012769010346	49.81919658609303
30.172336569082617	49.78974970350693
30.090904411251945	49.81231193596241
30.076821584910483	49.81650161531059
30.12820899309195	49.7688709849097
30.114902767710728	49.796299449011535
30.02740688184677	49.813190779645424
30.07379838831527	49.827375901086604
30.136970022674635	49.782901016289166
30.044141939146183	49.813438024671335
30.077251489013474	49.82433703494994
30.120893689403992	49.82663191832682
30.132934471256256	49.79845272841902
29.9980624598492	49.800934169406354
30.15072695397028	49.83282877774899
30.146001475805974	49.801765811766245
30.126534447271435	49.8013499905863
30.114046426473323	49.79487891395357
30.113103411021605	49.79886630191691
30.099977468006152	49.81533057296059
30.122509296758775	49.79728168606902
30.054567113643664	49.816029602079304
30.116265286359717	49.798873044963074
30.165416499811926	49.78569263739992
30.00304449368787	49.797457005269216
30.10231073785544	49.80688603148467
30.1126631060129	49.829967478494574
30.117610470165843	49.78998346244052
30.097072148342406	49.80413936401499
30.130698276527	49.78326514078187
30.08327014645532	49.78969800681969
30.133180626024902	49.80331221701922
30.116137008522536	49.819715800647444
30.119843197926528	49.830250686433345
30.14725998539779	49.78684120292938
30.075615079847257	49.796762471514604
30.065006156015436	49.836528462409454
30.150092498721513	49.785681398989645
30.089035715191372	49.82564293822317
30.178376028335897	49.808983118840814
30.082181518323555	49.81833122850234
30.19422007471218	49.798895521783614
30.010987318687448	49.80076559325233
30.12095956180687	49.82709494082989
30.151111787481828	49.78262455139655
30.139057137755273	49.820095658914525
30.111629949378298	49.79984404361029
30.1620674081709	49.73401168393817
30.143012948896487	49.813195275009534
30.09826131856277	49.808436932101756
30.075483335041504	49.79892474165031
30.13756287430053	49.793089759038786
30.128340737897705	49.79612862517545
30.157203251263695	49.799407993291865
30.00717365325771	49.78729073934013
30.07833318320809	49.81760522719898
30.127175836457347	49.79928661846096
30.148854790941133	49.80369657065041
30.124485468845094	49.80832904336317
30.093688387015654	49.783867519572276
30.125029782910975	49.80210745943841
30.145748387100184	49.78121750243091
30.023981516897145	49.782350334186
30.114122699781916	49.79058134586681
30.181700851196915	49.78387426261844
30.11967678343505	49.81443374782115
30.075212911492848	49.822069123757714
30.12829566730626	49.76811126837553
30.172187489434002	49.787960548592146
30.064922948769695	49.8174096788603
30.103104673658542	49.80502495074417
30.111990514109834	49.799605789312594
30.026259315249273	49.783968665264695
30.118054242143124	49.82237705619908
30.125990133205555	49.79730416288956
30.152876474485225	49.80460688188217
30.133884420645117	49.81290082866049
30.196802966298687	49.80030481843131
30.138138391083565	49.77396648012553
30.093733457607097	49.7961263774934
30.190295466288124	49.7448028054782
30.126548315145726	49.78803247441786
30.184672043263543	49.81801430533276
30.12510605621957	49.78917204921911
30.117620871071562	49.81300197435291
30.078905233022553	49.8293538612939
30.129332290909435	49.785315026814885
30.069586021499696	49.82055418605349
30.075351590235748	49.816011620622874
30.124499336719385	49.77171655038973
30.155036395905885	49.83726345444103
30.094125225055787	49.81533057296059
30.093771594261394	49.816744364972394
30.125324475239637	49.79344489280328
30.129730992295272	49.79671751787353
