"Longitude","Latitude"
34.5145401488245,49.5618871333588
34.5146679128868,49.561866903605
34.5084005676684,49.5619882821277
34.4967498664194,49.5618758946067
34.5234525554409,49.5603743973248
34.5845065118081,49.5809997551961
34.4960765152802,49.5618174530957
34.5103032162719,49.546543988979
34.575428357219,49.5660454716392
34.5128654036835,49.561851169352
34.5095331788153,49.561003767443
34.5095400849808,49.5607969744041
34.5863711765012,49.5763873713303
34.5117224332883,49.5998628767365
34.5143847601001,49.5618916288596
34.4823470582068,49.5629570625596
34.5095366318981,49.5607272941411
34.4963182310738,49.5618803901075
34.5132417897049,49.5618264440974
34.508935795497,49.5571106637123
34.5845859327117,49.5809255794321
34.4967049763435,49.5618039665932
34.5943823285159,49.5817527515874
34.5178343897823,49.5799028529902
34.508935795497,49.5571915827274
34.4965461345363,49.5618736468562
34.5542264290422,49.554903372798
34.4881240656725,49.5627277920165
34.5447787945973,49.5556114141809
34.5992511752145,49.5867180322693
34.4911593254229,49.5664860307219
34.5998105746224,49.5850974042152
34.5142708083688,49.5618961243605
34.5104171680031,49.5465979349891
34.5944203124263,49.5818741301102
34.5847931176776,49.58091434068
34.5849105224916,49.5810199849499
34.4618461058312,49.5648316864114
34.4910868106849,49.5843916105827
34.5861708977008,49.5736226383114
34.509243119863,49.5570814429568
34.4999543272253,49.5665467199833
34.5860120558937,49.5734270840247
34.5992891591249,49.587115884094
34.5879423291593,49.5591044183365
34.4897988108135,49.5667962202802
34.4952408692511,49.5618286918478
34.5364119750578,49.5565217531017
34.5147922238663,49.5749892705679
34.603049566256,49.5642787398076
34.4977339950074,49.5919462997506
34.6002629284647,49.5827664870277
34.5860189620592,49.5735911698055
34.5429141299042,49.6316505632028
34.5846757128636,49.5810087461977
34.5989611162623,49.5870529470822
34.5991199580694,49.5870844155881
34.4969812229647,49.5618174530957
34.5089219831659,49.5570522222013
34.5166430762284,49.5627817380267
34.5136250818918,49.5921261197844
34.5305693590194,49.603216520366
34.5861674446181,49.5735327282946
34.5993582207802,49.5869428073115
34.518469757011,49.5756186406861
34.5754076387225,49.5753691403892
34.5688605938001,49.5804895158503
34.5237633328897,49.5603249468155
34.5857703401001,49.5684438213394
34.4911558723402,49.5664208459597
34.5846860721119,49.5810694354591
34.5147542399559,49.5618624081041
34.55511041823,49.5951560873531
34.5994687194287,49.5867112890181
34.5372683395835,49.5845399621105
34.5092258544492,49.5596281441848
34.5300513966047,49.6030636733373
34.5859740719832,49.5731955657313
34.5352724577453,49.5672457703645
34.5298580239699,49.6050664189632
34.5085490502273,49.5619860343773
34.5305693590194,49.6031603266054
34.5367918141619,49.5843623898272
34.5095435380636,49.560902618674
34.4398016254597,49.6103171639487
34.5167086848009,49.5626850847585
34.5069675383209,49.5743419184464
34.518587161825,49.5755781811785
34.5165084060005,49.5628559137906
34.5164773282556,49.5627660037737
34.485295990888,49.6031423446021
34.5122093179581,49.5619343361176
34.5589675116785,49.5903301671973
34.5083522245097,49.56205346689
34.5524135605906,49.5550112648182
34.5863642703357,49.576151357536
34.6110399997741,49.6045629228687
34.5149096286803,49.5618534171024
34.512989714663,49.5997010387062
34.536805626493,49.5890714269611
34.49630096566,49.5618219485965
34.5044157101576,49.5659600571232
34.5270886515924,49.6032996871316
34.4911489661746,49.5665871794909
34.4952512284994,49.5619455748697
34.5087631413587,49.5619995208799
34.5141430443065,49.5747577522745
34.4504060426309,49.570455557967
34.5437221512712,49.5558294459718
34.5644717256058,49.581015489449
34.491010842864,49.5811885662315
34.5144400094243,49.5754410684027
34.5299650695356,49.5996425971952
34.5338635999772,49.5955494436769
34.5305486405229,49.6033199168854
34.4897953577308,49.5663691477
34.5232695420543,49.5656363810625
34.6008050624587,49.5740789316471
34.5094503048289,49.5603721495744
34.5998589177811,49.5848748769234
34.5198475370342,49.5997887009726
34.5536152333928,49.5549213548013
34.4922504995767,49.5757827264669
34.524933927947,49.5601383835305
34.5003686971571,49.5998763632391
34.5248096169675,49.5601743475373
34.5169331351806,49.5654026150186
34.6031462525734,49.5642045640437
34.5387462590069,49.5961585840413
34.5250616920093,49.5601226492776
34.4911558723402,49.5665332334808
34.5069709914037,49.5744138464599
34.5360942914434,49.6092899420059
34.5069882568175,49.5742497606791
34.5862779432666,49.5760951637755
34.5622444872224,49.5897300178347
34.6000281188366,49.5581738496618
34.5189117516049,49.5612510199894
34.4692944053552,49.563433585649
34.4825059000139,49.5334485950211
34.4863111972209,49.6697252075992
34.5998036684569,49.5849692824411
34.4922470464939,49.5751713383521
34.5990267248348,49.5581041693987
34.5139324062579,49.5727662454007
34.5788054721632,49.5845084936046
34.5625828893334,49.581793211095
34.5145056179968,49.5735956653064
34.5860189620592,49.5736900708241
34.5518472550171,49.55507420183
34.508935795497,49.5572612629905
34.5774760352987,49.5725347271072
34.5356868276771,49.5672098063578
34.4913561511405,49.5665961704926
34.5996241081531,49.585086165463
34.5365570045339,49.5564183565823
34.496124858439,49.5618736468562
34.4422567673056,49.5700307331373
34.5943995939297,49.5818111930984
34.5860189620592,49.5733416695087
34.4895812665994,49.5618331873486
34.5944479370885,49.5819617923766
34.4894086124611,49.5808918631758
34.533528650949,49.5997707189692
34.5983533736956,49.558052471139
34.5132417897049,49.5789812753172
34.5861329137904,49.5711388740952
34.5405971113689,49.5560587165148
34.522496051515,49.5656004170557
34.5859706189005,49.5713681446383
34.551056499064,49.5393152236222
34.5069986160658,49.5741980624194
34.5101927176234,49.5465057772218
34.4911558723402,49.5666703462565
34.5847793053466,49.5809705344406
34.4879963016102,49.5816088955604
34.5848621793329,49.5810919129634
34.5005586167092,49.5998044352256
34.5649344386963,49.5809255794321
34.5025752170439,49.5999010884937
34.5435805748778,49.5556541214389
34.5803628124902,49.5695856785537
34.5803628124902,49.5694620522805
34.4949853411265,49.5617972233419
34.5310838683514,49.5581199036517
34.5043190238402,49.5621591111598
34.6029563330213,49.564355163322
34.5667714787273,49.6149070703102
34.5121644278822,49.599705534207
34.5556560053069,49.5756680911953
34.5165084060005,49.5629188508024
34.5174131136849,49.5767065518903
34.5219608236864,49.5655374800439
34.5992062851386,49.5871428570991
34.5991786604764,49.5869562938141
34.5282765120635,49.5924947508536
34.4922539526594,49.5755152441667
34.599244269049,49.5864325679658
34.4890115079431,49.580813191911
34.535673015346,49.556715059638
34.5532802843646,49.5549415845551
34.5950971166483,49.5828519015437
34.5298545708871,49.6051653199818
34.4762523671266,49.5877677317164
34.491349244975,49.5666815850086
34.4841702859067,49.534343199689
34.6002767407957,49.583849902731
34.4906240975944,49.587158591352
34.6006047836584,49.5737889718426
34.6123590773903,49.5835172356686
34.5797723353374,49.572411100834
34.5354934550423,49.5727078038897
34.5436496365331,49.6325002128623
34.5329761577066,49.5984625282237
34.5803869840695,49.5694148495217
34.5846204635394,49.5810469579549
34.4254264419091,49.5734046065205
34.5299547102873,49.6063139204473
34.5421958886891,49.5559305947408
34.5195436657509,49.5803658895771
34.5095090072359,49.600238251057
34.4642977945943,49.5642158027958
34.5154310441779,49.5791723341031
34.5726244540139,49.5552023236041
34.4968120219092,49.5618197008461
34.5836018041237,49.5764795290976
34.5508665795119,49.5391556333422
34.5191776389778,49.5821326214087
34.5831287317849,49.5651621057235
34.5994652663459,49.5862235271765
34.4879928485275,49.5627592605225
34.5442850037619,49.63259461838
34.4922574057422,49.5755646946759
34.5077790127707,49.5573152090006
34.5941855027983,49.5793858703931
34.5811950054365,49.5643753930758
34.5866474231224,49.5794061001469
34.5999832287607,49.5850389627042
34.5994652663459,49.587158591352
34.5122887388617,49.5618826378579
34.4924611376253,49.5773111967537
34.4208027640869,49.5742992111884
34.5896723236245,49.5812245302383
34.5861363668732,49.5710984145877
34.5850382865539,49.5809210839313
34.6206015859503,49.6332801822587
34.5606767876471,49.5880914077771
34.599537781084,49.5870686813352
34.4999508741425,49.5666838327591
34.5262150216528,49.5997707189692
34.5423098404203,49.5560339912602
34.4880239262724,49.5871653346033
34.5423340119997,49.5559238514895
34.5136561596367,49.5618489216016
34.5997346068016,49.585203048485
34.5007692547578,49.5998246649794
34.5335977126043,49.5997235162104
34.5148371139423,49.5750274823251
34.4922366872456,49.5759153437418
34.5092811037735,49.5598169552202
34.4920018776176,49.5888691294231
34.4972194856754,49.5618466738512
34.5995723119117,49.5859830178814
34.6094066916263,49.5819842698808
34.4922401403284,49.5754523071548
34.4764802705891,49.5702802334341
34.6012988532941,49.5714535591543
34.4525435008624,49.5672120541082
34.5070089753141,49.5741418686589
34.5138219076094,49.5618983721109
34.5723723789721,49.5795297264201
34.4971953140961,49.561792727841
34.5166568885594,49.5628559137906
34.4249015733289,49.5734945165374
34.5351377875175,49.5989143260585
34.4846537174938,49.5871428570991
34.5997553252982,49.5845916603702
34.5252067214855,49.5607520193957
34.574371713893,49.5848389129166
34.5100753128094,49.5464540789621
34.483679948154,49.5340869561409
34.5087907660208,49.5921598360407
34.5375583985357,49.5847332686468
34.586139819956,49.5701161476533
34.4969535983025,49.5618736468562
34.5446821082798,49.5833981048962
34.544709732942,49.5946503435082
34.5997242475533,49.5847669849031
34.4973783274826,49.5624041159558
34.5091326212146,49.5604216000837
34.5103170286029,49.5463866464494
34.5840714233797,49.5570791952063
34.5860189620592,49.5735035075391
34.5988609768621,49.5867674827786
34.5845686672979,49.5569465779315
34.5157038377163,49.5758591499812
34.5166810601388,49.5627322875174
34.5449272771561,49.5924790166006
34.5729697622904,49.5904133339629
34.4922504995767,49.5758636454821
34.5305555466884,49.6030973895936
34.5187943467909,49.657054638471
34.5091326212146,49.5605047668493
34.5034868308938,49.5922497460576
34.4854617388608,49.6031490878533
34.5479936146514,49.583535217672
34.5365708168649,49.5565037710983
34.4893602693024,49.56279972003
34.5271956971581,49.5959585342537
34.4920018776176,49.58879944916
34.5041187450398,49.5740070036336
34.5200823466623,49.6008608779239
34.4455786329255,49.5693406737577
34.4601161113659,49.5653216960034
34.4897815453997,49.566454562216
34.5810327105466,49.5568319426599
34.5330832032723,49.550987791563
34.5402379907613,49.5657802370895
34.5466538185386,49.583434068903
34.500869394158,49.6130639149643
34.5448374970043,49.5947110327696
34.4968120219092,49.5618758946067
34.5756251829367,49.5753938656439
34.5271611663304,49.6031962906122
34.5135422079054,49.5618017188427
34.6120793776863,49.6115691609337
34.5013321072485,49.5997999397247
34.6008534056175,49.574211548922
34.5299408979562,49.6049135719345
34.4868567842978,49.6045719138704
34.5987677436274,49.5870372128292
34.5861743507836,49.5731438674716
34.513269414367,49.5788396670406
34.4611762077748,49.5650609569545
34.4892255990746,49.562730039767
34.5166637947249,49.5654857817842
34.6010640436661,49.5741396209085
34.4924542314598,49.5956393536938
34.5861743507836,49.5734585525306
34.5998381992846,49.5581446289063
34.5844339970701,49.580828926164
34.5520751584796,49.5821888151692
34.5374858837977,49.5846568451325
34.5303725333018,49.60243879872
34.489791904648,49.5667242922667
34.5229104214468,49.5656183990591
34.5464362743244,49.59311512997
34.579630758944,49.5825192344813
34.4866806770768,49.6045764093712
34.6001420705679,49.5828563970445
34.5775761746989,49.5651351327184
34.4738593807705,49.5689338309314
34.5339084900532,49.6223965747159
34.5630973986654,49.5541818449125
34.5146713659696,49.5921013945298
34.568156164916,49.5806446106294
34.5303449086397,49.6031917951113
34.5022955173399,49.599907831745
34.5481006602171,49.5834745284106
34.5943754223504,49.5816853190747
34.5861778038664,49.5730831782102
34.5141119665616,49.5728381734142
34.5574308898481,49.5858931078645
34.5519335820863,49.5822337701777
34.5150650174048,49.5618421783503
34.6165476667842,49.6085684141205
34.6194620686378,49.6200117115183
34.5695753819324,49.5905774197437
34.608308611307,49.5954100831508
34.4845190472659,49.5628649047923
34.5990370840831,49.5872440058681
34.6001731483128,49.5834542986568
34.5807081207667,49.5568251994087
34.5513327456852,49.5551303955906
34.5076339832946,49.5573084657494
34.5235078047651,49.5656745928196
34.4822538249721,49.6095214602994
34.5247785392226,49.5513159631246
34.5467539579388,49.5833801228928
34.5164738751729,49.5627277920165
34.5099579079954,49.5722043077952
34.530576265185,49.600424814342
34.5036525788666,49.5667197967658
34.5133039451946,49.5921868090458
34.525507139686,49.5855132380432
34.5754041856397,49.5787092975162
34.4958727833971,49.561723047578
34.5795064479645,49.5825147389804
34.5939610524186,49.581921332869
34.5541504612214,49.5862010496723
34.5835396486339,49.5558968784844
34.5146851783006,49.5749218380553
34.4906033790978,49.5643933750792
34.5418851112402,49.5930252199532
34.4628958429917,49.5644181003338
34.5595372703347,49.5783496574487
34.5403277709132,49.5559463289937
34.5089012646693,49.5589830398137
34.5252067214855,49.5600956762725
34.509229307532,49.5620287416353
34.5312634286552,49.6007439949019
34.5288635361335,49.6024904969797
34.5365362860373,49.5844163358373
34.5814850643888,49.6337589530986
34.5065393560581,49.5628671525427
34.510506948155,49.546645137748
34.5303863456329,49.6022702174384
34.5305486405229,49.6033693673947
34.5002512923431,49.5666770895078
34.4544841333763,49.5666231434977
34.5607976455439,49.587994754509
34.500869394158,49.6131111177231
34.5221438370729,49.5655464710456
34.5945031864127,49.5820674366465
34.6001938668093,49.5840342182656
34.5121368032201,49.5619388316185
34.6012643224665,49.5704533102166
34.5989473039312,49.5874530466573
34.5203033439592,49.5654857817842
34.5095055541532,49.5610869342086
34.5089116239176,49.5590527200768
34.5155139181642,49.5763221865681
34.5213289095404,49.5895794185564
34.5910673690616,49.5622287914229
34.5600828574116,49.5830407125791
34.5798034130823,49.5651688489747
34.5007658016751,49.5999100794954
34.5404969719687,49.555750774707
34.5413671488255,49.5558744009802
34.5992166443869,49.5868394107921
34.5849795841469,49.5809907641944
34.4329679746678,49.562181588664
34.5795893219508,49.5724043575828
34.4856136745024,49.6031423446021
34.5996310143187,49.5858459051056
34.5216707647341,49.5836925602015
34.4851993045706,49.5892557424956
34.5089012646693,49.5619905298782
34.5404140979823,49.5560654597661
34.5794477455575,49.5644046138313
34.492260858825,49.5757332759576
34.5455453789711,49.5929937514472
34.5794304801436,49.5644630553422
34.5021194101189,49.5660589581418
34.5280106246906,49.5626895802594
34.5351481467658,49.5672502658654
34.5157418216267,49.5756838254483
34.5155657144057,49.5757580012122
34.4882621889831,49.5628514182898
34.5131209318081,49.5921306152852
34.5854561095685,49.5793004558771
34.5614606374348,49.5789363203088
34.5898829616732,49.559565207173
34.5435598563812,49.5558406847239
34.5993962046906,49.5860796711495
34.6213301864137,49.6302524624404
34.5339050369704,49.5708376755387
34.5051374044555,49.5486815996302
34.5303690802191,49.6024635239747
34.5166672478077,49.562916603052
34.5951143820621,49.5829058475538
34.5350031172896,49.5988918485543
34.5350134765379,49.5572882359956
34.5774933007125,49.5689922724423
34.5039391847361,49.561606164556
34.5844167316562,49.5810919129634
34.5752695154119,49.5659870301283
34.4952546815822,49.5618893811092
34.5560254851627,49.5906560910085
34.6005702528307,49.5735911698055
34.5104102618376,49.5464383447091
34.4974059521448,49.5616691015678
34.5994169231872,49.5868259242896
34.497005394544,49.5617545160839
34.4164346143892,49.5990626775863
34.5040186056397,49.5740924181496
34.5835327424684,49.6130774014668
34.5898000876868,49.5812987060022
34.5157280092956,49.5757467624601
34.5372925111628,49.5845961558711
34.5126685779659,49.5655622052985
34.6008326871209,49.5737417690838
34.6001144459058,49.5836790736989
34.5088978115865,49.5591134093382
34.5791887643501,49.5932117832382
34.5121920525443,49.5470789535794
34.5418091434194,49.5783946124571
34.6015543814187,49.5718176947227
34.5862744901838,49.5740407198899
34.5397062160155,49.5900424551433
34.5942890952813,49.5813234312568
34.5144261970933,49.5742070534211
34.5424237921516,49.5560294957593
34.5363394603197,49.5760299790133
34.6259642234843,49.613963015133
34.4922504995767,49.5751061535899
34.5584115653533,49.5841038985287
34.5102686854442,49.5491963344768
34.4897711861514,49.5665399767321
34.4897711861514,49.5665174992278
34.5335528225284,49.6216255963212
34.5369195782242,49.5890129854501
34.4922539526594,49.5756118974348
34.5851004420437,49.5811705842281
34.5809774612223,49.575346662885
34.5801210966966,49.5725324793568
34.4897746392342,49.5665085082262
34.5362842109954,49.5891635847284
34.5381454226058,49.5959428000008
34.5151824222188,49.5618286918478
34.5125546262346,49.5617365340805
34.4918050519,49.5813728817661
34.6241996981914,49.6173099155112
34.5989852878416,49.5873496501379
34.5903387685982,49.5647395286441
34.5859740719832,49.5710264865741
34.5859706189005,49.5714153473971
34.5376930687636,49.5663781387017
34.5300203188598,49.6027287585244
34.6252563415174,49.6115534266808
34.5143640416035,49.5753556538867
34.5069571790726,49.559160612097
34.5908636371784,49.5616691015678
34.5144676340864,49.5753106988783
34.5178447490306,49.5680841812719
34.4897884515653,49.5666748417574
34.5403519424926,49.5557957297154
34.49763730869,49.5616915790721
34.5135318486571,49.5681583570358
34.5357282646703,49.5745756844903
34.5420853900406,49.5559598154962
34.5000751851221,49.5623097104381
34.5367089401755,49.5891343639729
34.6014093519426,49.5724515603416
34.5105104012378,49.5464765564663
34.5149959557495,49.5619320883672
34.4922539526594,49.575362397138
34.5747135690867,49.6237924277279
34.6009086549417,49.5848254264141
34.5933636691003,49.5826518517561
34.5861674446181,49.5729842771916
34.4377194165524,49.6111106198477
34.5421855294408,49.5560429822619
34.5764401104692,49.5856368643164
34.6002663815474,49.5839420604983
34.5151099074807,49.5619230973655
34.5763572364828,49.5857110400803
34.5465640383867,49.5928791161757
34.5861639915353,49.5729303311815
34.4628647652468,49.564600168118
34.6006772983964,49.5851513502253
34.5939645055014,49.5817392650849
34.5145401488245,49.5733169442541
34.5792958099158,49.5846006513719
34.5426068055381,49.5560047705047
34.5498755447583,49.5414438432717
34.5992960652905,49.5581378856551
34.5094019616702,49.5602979738105
34.5863090210114,49.5767222861432
34.5088080314347,49.5514418371483
34.5145505080728,49.5750229868243
34.5396509666913,49.614985741575
34.5851453321197,49.5810851697121
34.5191569204812,49.5799433124978
34.5336840396734,49.5687989659061
34.6001178989885,49.5825619417393
34.5199269579378,49.5998156739777
34.6261023467949,49.6367035061512
34.5183696176108,49.5653351825059
34.5091153558007,49.5575444795437
34.594278736033,49.5812537509937
34.5851729567818,49.5810267282011
34.5120263045716,49.5729617996874
34.5404624411411,49.5561531220325
34.5164600628418,49.5626603595039
34.4712281317036,49.6269437738194
34.5129551838354,49.5963676248305
34.5195160410888,49.5797972087204
34.6119136297136,49.5981096314075
34.4965530407018,49.5714175951476
34.5375825701151,49.5759940150065
34.5909119803371,49.5629885310655
34.601316118708,49.5729685429387
34.5429106768214,49.5860369638915
34.5859671658177,49.5715659466754
34.5759532257993,49.5858166843502
34.5270713861785,49.6033648718938
34.6016959578121,49.5706556077545
34.5009039249857,49.5998044352256
34.5036663911976,49.5669288375551
34.5145090710796,49.5749600498125
34.5194746040956,49.5996358539439
34.4855377066816,49.6031333536004
34.4970295661234,49.5623951249541
34.4996331905282,49.6066398442585
34.6010674967489,49.5715502124225
34.5026649971958,49.5922205253021
34.5314153642969,49.5987097807701
34.50513049829,49.5913371593863
34.5988816953587,49.5875519476759
34.5724345344618,49.5846793226367
34.4923092019837,49.5928498954202
34.6074315282847,49.581217786987
34.5055448682218,49.5999010884937
34.5374030098113,49.5758456634787
34.5434700762293,49.5558451802247
34.5941716904673,49.5819910131321
34.5146989906317,49.5754972621633
34.4871537494156,49.5967722199064
34.4948506708987,49.5729213401798
34.5339637393774,49.6224685027294
34.5189359231843,49.577030227951
34.5253759225409,49.5600642077666
34.4941427889319,49.5981500909151
34.5962608055401,49.5682482670527
34.5367780018308,49.5885049938547
34.5193468400333,49.5798601457322
34.6007947032105,49.584915336431
34.4897746392342,49.5666119047456
34.5156796661369,49.5759895195057
34.5828006889222,49.5825731804914
34.6007877970449,49.5728628986688
34.4959314858041,49.5994065834009
34.5184076015212,49.5661511159091
34.6001593359817,49.5841398625354
34.5193986362748,49.5653801375144
34.5641195111638,49.5989615288174
34.4550435327842,49.5661331339057
34.5332040611691,49.662739199288
34.5405176904653,49.5932994455046
34.5092776506907,49.5618444261007
34.5379416907226,49.5741351254076
34.5314464420417,49.5752117978597
34.5296370266729,49.5659600571232
34.5078342620949,49.5715075051644
34.5159006634339,49.5753129466287
34.5491262257983,49.5919979980103
34.5990543494969,49.5871496003503
34.5438119314231,49.5558204549701
34.5351101628554,49.5945199739837
34.5298649301354,49.6049967387001
34.5419748913921,49.5931038912179
34.5363118356576,49.5565442306059
34.514885457101,49.561936583868
34.4494771633671,49.5845961558711
34.4210306675493,49.5883858630824
34.5992166443869,49.5852052962354
34.5430280816354,49.5558968784844
34.4600263312141,49.6268651025547
34.5330832032723,49.5674570589042
34.53220612025,49.5963766158322
34.5763123464069,49.5853109405052
34.5147335214593,49.5751241355932
34.5279968123595,49.5625637062357
34.5190153440879,49.5799950107575
34.5814263619818,49.5727550066486
34.5850106618918,49.5811908139819
34.5170850708223,49.5920991467793
34.6261265183742,49.6138641141145
34.5141395912238,49.5749780318158
34.5146299289764,49.5773044535025
34.6259918481464,49.613861866364
34.5903353155154,49.5648519161652
34.5741783412581,49.5788239327877
34.6001040866575,49.5835329699215
34.6005184565893,49.5850412104546
34.5102997631891,49.6729417384529
34.6008499525347,49.5726740876334
34.5191672797295,49.5940097346379
34.5002581985086,49.5646248933726
34.5487084027838,49.6309942200797
34.601388633446,49.5714513114039
34.5798483031582,49.5725212406047
34.5280417024355,49.5648766414199
34.5807944478358,49.582065188896
34.5756735260954,49.5688124524086
34.5365052082924,49.5890669314602
34.5195954619924,49.5799612945011
34.5847965707604,49.5811773274794
34.5987504782136,49.5875586909271
34.529077627265,49.5659600571232
34.6014784135979,49.5693923720174
34.5256625284104,49.6125109683605
34.5813262225816,49.5663399269445
34.5502588369452,49.5860279728898
34.5576415278967,49.5860729278983
34.5070504123073,49.5986333572558
34.5407214223484,49.5560452300123
34.4907656739877,49.6106790517666
34.5429210360697,49.5558991262349
34.559091822658,49.5889298186845
34.5189566416809,49.5820022518842
34.5266224854191,49.5949268168101
34.4965426814535,49.5715007619132
34.5839885493934,49.5716468656906
34.5290741741822,49.5591403823432
34.4965012444603,49.5998314082306
34.5757564000817,49.5674278381487
34.5588017637058,49.5896828150758
34.5424963068896,49.555894630734
34.5413015402529,49.5923980975854
34.5639295916117,49.589619878064
34.5310666029376,49.6031513356037
34.5484287030798,49.6171300954775
34.4964287297223,49.5917979482228
34.4983555499051,49.6002360033066
34.6001282582368,49.5842432590548
34.4968085688264,49.6625144242458
34.6260540036361,49.614079898155
34.6005115504237,49.5738136970973
34.5861847100319,49.5723773845777
34.4974232175586,49.5617769935881
34.5058487395051,49.574195814669
34.528152201084,49.5626154044955
34.5906944361229,49.557519754289
34.4897746392342,49.5666029137439
34.5847620399327,49.5799995062583
34.5616298384903,49.6589607308288
34.5530938178953,49.588714034644
34.5121402563028,49.5735394715458
34.4373257651172,49.5709568063111
34.6014300704392,49.5696328813126
34.5365673637822,49.5787070497657
34.5861363668732,49.5710107523212
34.5711154568456,49.5796083976849
34.6056221129159,49.6495853638191
34.4232855305949,49.5738047060956
34.5101858114579,49.5721166455288
34.5009315496478,49.5998673722374
34.6003112716234,49.583721780957
34.5844443563184,49.5809075974288
34.4985661879538,49.6001753140452
34.585977525066,49.5712984643752
34.5146402882247,49.5772550029932
34.6006358614033,49.5834520509063
34.5115117952396,49.5979815096334
34.599700075974,49.5840207317631
34.6000004941745,49.5844815205996
34.4874196367885,49.5359975439995
34.5365708168649,49.5787744822784
34.618343269822,49.6235339364294
34.5157141969646,49.5757962129694
34.5859844312315,49.5792667396208
34.5571891740545,49.5804063490847
34.5000510135427,49.5997684712188
34.5365673637822,49.5643866318279
34.4911317007608,49.5663421746949
34.515120266729,49.575389370143
34.5235078047651,49.5657038135751
34.5035489863836,49.5618039665932
34.5165084060005,49.5932792157508
34.4429335715275,49.6153970799022
34.5821894932728,49.5757827264669
34.5340120825361,49.6223268944529
34.5239325339452,49.5591201525894
34.5562948256184,49.5904200772142
34.5936778996319,49.5819303238707
34.5861329137904,49.5712265363617
34.5990508964141,49.5868573927955
34.5884257607464,49.5573781460125
34.6005460812514,49.5838364162285
34.4922401403284,49.5759940150065
34.6122451256591,49.5984625282237
34.487250435733,49.589923324371
34.5758496333164,49.5859020988662
34.5848449139191,49.5859560448763
34.5206382929874,49.599705534207
34.6001835075611,49.5830114918236
34.6001006335747,49.582325927945
34.5314706136211,49.5967767154073
34.5069468198243,49.5592213013584
34.4523397689793,49.567189576604
34.5039219193222,49.5623748952003
34.5506766599598,49.5855851660567
34.5942994545296,49.5813841205182
34.5855631551342,49.5683269383175
34.514605757397,49.575432077401
34.5189359231843,49.5771044037149
34.5175685024094,49.5614510697769
34.5240982819179,49.550657372251
34.5119986799095,49.5684505645907
34.6015854591636,49.5715097529149
34.5641989320674,49.592512732857
34.5232660889715,49.5841128895304
34.575825461737,49.5856660850719
34.504146369702,49.6765448823792
34.5201652206486,49.5514800489054
34.5123163635239,49.6410034527083
34.5196472582339,49.5797455104606
34.5255554828447,49.5740339766386
34.5758876172268,49.5855716795542
34.4649607864852,49.564499019349
34.5418229557504,49.590035711892
34.5205692313321,49.5514216073945
34.5990129125037,49.5864100904615
34.5194746040956,49.5800219837625
34.5935190578247,49.5825192344813
34.5419576259783,49.5560429822619
34.5144918056658,49.5755085009154
34.5144434625071,49.5751039058395
34.5407386877622,49.5747375225207
34.5185111940042,49.5653172005026
34.5515813676442,49.590973023818
34.5120021329922,49.5444198648303
34.5585496886639,49.5981635774176
34.5355348920355,49.5567060686363
34.4918879258863,49.5862505001816
34.5126616718004,49.5675896761791
34.5492090997847,49.5890197287014
34.5208869149465,49.6642024848126
34.514429650176,49.5741486119102
34.5998934486088,49.5847197821443
34.585977525066,49.5714895231611
34.6002422099681,49.5831036495909
34.5850279273056,49.581244759992
34.5490398987292,49.5553057201235
34.5774794883814,49.5726920696368
34.5230761694195,49.5656296378112
34.5065393560581,49.5658881291097
34.5987711967102,49.5868776225493
34.4871675617466,49.589907590118
34.5300824743496,49.6034345521569
34.4999336087287,49.566614152496
34.4161065715265,49.5753354241329
34.5326170370991,49.5692844799972
34.5337185705011,49.5996695702002
34.5939368808392,49.5819932608825
34.5540399625729,49.5548988772971
34.5386530257722,49.5962012912993
34.5443160815068,49.6168513744251
34.5861363668732,49.5709613018119
34.5004826488883,49.5660544626409
34.508949607828,49.5595607116721
34.5356661091805,49.5745037564768
34.5759670381304,49.58576273834
34.6006634860654,49.5832587443701
34.5368919535621,49.5884622865967
34.6012263385561,49.570743270021
34.5408906234039,49.5746880720114
34.5800485819586,49.5724942675996
34.599655185898,49.5849288229335
34.5425653685449,49.578079927398
34.5558839087694,49.5906201270017
34.5822585549281,49.5832857173751
34.5367780018308,49.576326682069
34.5280106246906,49.5510372420723
34.583833160669,49.5652924752479
34.5183903361074,49.5754073521464
34.6001455236506,49.5831958073582
34.5185698964112,49.5653868807656
34.4920882046867,49.5758613977316
34.5559357050108,49.5808064486598
34.57052152661,49.6355211894293
34.4873747467125,49.5968149271645
34.4521878333376,49.5672345316124
34.4922574057422,49.5752994601262
34.6019860167644,49.5689068579263
34.5200650812484,49.5936388558183
34.5994928910081,49.5861448559118
34.5422545910961,49.5781765806662
34.5813676595748,49.6337724396011
34.5852247530232,49.5811975572332
34.5367262055894,49.5787632435263
34.6009086549417,49.5740766838966
34.5044364286542,49.5728718896705
34.6012954002114,49.5718851272353
34.4940461026144,49.5981141269083
34.491173137754,49.5667242922667
34.5406489076104,49.5560497255131
34.5821825871073,49.5757018074517
34.5247060244845,49.5657150523272
34.4819154228611,49.5908966003036
34.5858566671692,49.5701993144189
34.5366018946098,49.5751893203555
34.6017546602191,49.5691136509651
34.5469404244081,49.5840679345219
34.5526034801427,49.5819595446262
34.6000557434987,49.5848501516688
34.6018237218744,49.5845039981038
34.4918810197208,49.5863246759455
34.4211031822874,49.5742295309253
34.5426068055381,49.5558991262349
34.5184973816731,49.5754006088951
34.4662280678599,49.5814448097796
34.5091878705388,49.5588998730481
34.5339775517085,49.5989795108207
34.4291039750538,49.5731079034648
34.5861052891283,49.5738271835998
34.4990703380375,49.5999190704971
34.5337772729081,49.5980421988948
34.5355141735389,49.5727909706553
34.5763088933241,49.5858009500972
34.6046276250796,49.5948166770394
34.5134248030914,49.6062150194288
34.5192397944676,49.5799185872431
34.5308766833855,49.6337364755944
34.6028596467039,49.5644203480842
34.5615089805935,49.5897996980977
34.5764988128762,49.5855289722962
34.5841163134557,49.5715974151813
34.5049751095655,49.5421721144084
34.5146748190523,49.5753534061363
34.5822965388386,49.5792712351216
34.5586291095675,49.5839982542589
34.5709945989488,49.5797028032026
34.5104206210859,49.5619410793689
34.5757322285024,49.5857537473384
34.6012366978044,49.5840611912707
34.5950556796551,49.5742048056707
34.5461911054481,49.5933039410055
34.5449134648251,49.5714063563954
34.4924093413839,49.6621368021749
34.5984880439235,49.5876373621919
34.5094399455806,49.5602440278004
34.5436530896159,49.5558474279752
34.5859568065694,49.5715299826687
34.5145194303279,49.5734810300348
34.6010398720868,49.5743082021901
34.4648192100918,49.6297399753442
34.4867566448976,49.6048618736748
34.5861329137904,49.5709140990531
34.5546925952155,49.5789565500626
34.5138460791887,49.5921396062869
34.5796342120268,49.5826091444981
34.6009431857693,49.5845556963635
34.5149717841701,49.5754095998968
34.5305589997711,49.6004967423555
34.5860086028109,49.5770032549459
34.5424306983171,49.5557193062011
34.5991372234833,49.5853806207683
34.516971119091,49.5715187439165
34.5351032566898,49.572799961657
34.6006013305756,49.5836161366871
34.4853581463778,49.6030209660793
34.5166948724698,49.5625974224921
34.5253586571271,49.5608778934193
34.5176133924853,49.5681718435384
34.6007152823069,49.5743014589388
34.5340915034397,49.6224100612185
34.5086630019585,49.6271910263658
34.5432007357737,49.5558923829836
34.4973990459792,49.5618309395982
34.5240913757524,49.5842769753112
34.551923222838,49.5846411108795
34.5149510656735,49.5475846974243
34.5320507315256,49.5907999470355
34.4684138692501,49.5759153437418
34.6011020275765,49.5739485621226
34.5590400264165,49.5902604869342
34.5358249509877,49.5685786863647
34.505261715435,49.591202294361
34.4361379046461,49.5972397519942
34.5859913373971,49.571174838102
34.5761086145237,49.586124626158
34.601388633446,49.5725347271072
34.585052098885,49.5811121427172
34.5004032279847,49.5665107559766
34.5206348399046,49.5795477084235
34.5237357082276,49.5604058658307
34.5763088933241,49.5857447563367
34.546633100042,49.584223029301
34.5296957290799,49.613216761993
34.5113840311773,49.5725976641191
34.528283418229,49.5592325401105
34.5630835863343,49.581590913557
34.5390950203661,49.5887702284045
34.5167017786354,49.5629975220672
34.5640297310119,49.5712804823718
34.5254380780307,49.5854008505221
34.5619475221046,49.5869832668191
34.5819339651482,49.5767447636474
34.4909176096294,49.5971678239807
34.5147922238663,49.5753601493875
34.5141154196444,49.5619028676117
34.5272474933995,49.596423818591
34.5851522382852,49.5812874672501
34.4290038356536,49.5731438674716
34.5561187183974,49.5906763207623
34.5050787020485,49.5583716516989
34.5173889421056,49.5807457593984
34.5775071130436,49.5726111506216
34.53536569098,49.6131987799896
34.5697963792294,49.5795544516748
34.599758778381,49.5838971054899
34.6109018764635,49.6044078280896
34.5194193547714,49.5798309249767
34.586139819956,49.5712804823718
34.6019929229299,49.5691136509651
34.5238151291312,49.5590145083196
34.5666471677478,49.5821730809163
34.5339810047912,49.5708309322874
34.5091291681318,49.5605654561107
34.5154759342538,49.5494076230164
34.5640711680051,49.5990244658292
34.5999590571813,49.5846478541308
34.5379589561365,49.5663556611975
34.5906529991298,49.5630065130689
34.4925025746185,49.5753871223926
34.4898022638963,49.5668703960441
34.5419196420679,49.5923913543342
34.5341571120122,49.6224572639773
34.5429003175731,49.6617501891023
34.5574343429308,49.584627624377
34.5175685024094,49.5706488645033
34.5271611663304,49.585720031082
34.5245264641808,49.5669985178181
34.509229307532,49.559938333743
34.5340362541155,49.6225449262438
34.5911536961307,49.5619275928664
34.4879859423619,49.5594797926569
34.4889631647844,49.6050259594556
34.5849070694089,49.555894630734
34.5995412341668,49.5868821180501
34.5149614249218,49.5750949148378
34.5301273644255,49.6005619271177
34.4956414268519,49.5992290111176
34.4953789925617,49.5620489713891
34.5859878843143,49.5710804325843
34.5940473794877,49.5819865176313
34.5628522297891,49.5816785758235
34.4316765217137,49.5903548924519
34.5199787541793,49.5655667007994
34.5303690802191,49.6025376997386
34.5209421642707,49.6642024848126
34.4977961504972,49.5616870835712
34.5155588082402,49.5758141949728
34.5863055679287,49.597259981748
34.496829287323,49.599865124487
34.5161182076481,49.5721121500279
34.5759704912131,49.5858863646132
34.4302124146214,49.5583581651964
34.5189048454394,49.580024231513
34.5389638032211,49.5983591317043
34.5342020020882,49.5988896008039
34.485472098109,49.6030209660793
34.5845652142151,49.5811863184811
34.5859533534867,49.5737664943384
34.4875266823542,49.5627322875174
34.4904928804493,49.5950953980917
34.4962940594944,49.5998111784768
34.5988506176138,49.5876598396961
34.5380418301228,49.6642811560774
34.5195022287577,49.6032389978702
34.57576675933,49.5671176485905
34.5765575152832,49.5854547965322
34.5143985724311,49.5476701119403
34.4907484085739,49.5871698301041
34.5006069598679,49.562757012772
34.5236666465723,49.557881642107
34.4492803376495,49.6003618773302
34.5156278698955,49.5753174421295
34.6003699740304,49.585906594367
34.5758565394819,49.5860414593923
34.4279679108242,49.572901110426
34.5844685278977,49.5761918170436
34.576560968366,49.585405346023
34.5041221981226,49.5607183031394
34.5106588837967,49.546543988979
34.5989956470899,49.5865202302322
34.5094710233255,49.6228753455558
34.5142984330309,49.5752837258732
34.5149407064252,49.5752927168749
34.5167708402907,49.5721503617851
34.4918706604725,49.5861201306571
34.60166833315,49.5695272370427
34.4918810197208,49.5863808697061
34.5849208817399,49.5807884666564
34.5342296267503,49.6225449262438
34.5387358997586,49.6150666605902
34.5336391495975,49.5923666290795
34.5522581718662,49.5821303736583
34.5335562756111,49.5905819152446
34.5982946712886,49.5609857854396
34.5137597521196,49.5727280336435
34.4871502963328,49.596626116129
34.5290603618512,49.5998876019912
34.4871572024984,49.5900132343878
34.5189531885981,49.5798354204775
34.4456856784912,49.6094517800363
34.5332662166589,49.5975544370533
34.6010605905834,49.5709073558018
34.547382419002,49.5829508025623
34.5761120676065,49.5856525985694
34.4920295022797,49.6417025030895
34.5848034769259,49.6485266733704
34.5658702241256,49.5764525560926
34.5861743507836,49.5737282825813
34.5921792617119,49.5791835728552
34.6006911107275,49.5746251349996
34.5649033609514,49.6017532348413
34.5339464739636,49.5980062348881
34.5433457652498,49.5558541712264
34.5208040409601,49.5609565646841
34.5990750679935,49.5868259242896
34.5664399827819,49.5824158379618
34.5760740836961,49.5857514995879
34.520952523519,49.5560632120157
34.585977525066,49.5712220408609
34.5339948171223,49.5708691440446
34.5862848494321,49.5771088992158
34.4971124401097,49.5610689522052
34.5763814080622,49.58576273834
34.4901855560832,49.5871653346033
34.5074647822391,49.5633301891296
34.6007463600517,49.5850412104546
34.505203013028,49.6000831562779
34.5144918056658,49.5736518590669
34.5071091147143,49.5577108130749
34.5122473018686,49.5438759092282
34.5563915119358,49.5807322728959
34.5678281220534,49.6075119714222
34.4855238943505,49.5897412565868
34.5307938093992,49.5582345389232
34.4646361967053,49.5638539149779
34.5033866914937,49.5657128045768
34.5044329755714,49.5729190924294
34.5317019701663,49.6087594729064
34.4757654824567,49.5471913411005
34.5307592785715,49.5661578591603
34.6204047602327,49.6272584588785
34.6011779953974,49.570828684537
34.5858255894243,49.5684483168402
34.5837053966067,49.5570904339585
34.5465536791384,49.588857890671
34.5988886015242,49.5872552446202
34.5307869032336,49.6337364755944
34.5099371894988,49.5549775485619
34.51396003092,49.56189387661
34.5427069449383,49.5890894089644
34.5848656324157,49.5800107450104
34.5041118388743,49.5608194519084
34.4899507464552,49.5667445220205
34.5790092040463,49.5652947229983
34.5106001813897,49.5466788540043
34.5090635595593,49.5593674051358
34.6012436039699,49.5716086539334
34.5143398700241,49.5750477120789
34.4340004464145,49.5932927022534
34.4989978232994,49.6260334348986
34.583612163372,49.5780462111417
34.5445888750452,49.5648564116661
34.5790333756257,49.584398353834
34.5077479350258,49.5620916786471
34.5910431974822,49.5605025190989
34.5750485181149,49.58736088889
34.5763572364828,49.5811548499752
34.5281211233391,49.5625232467282
34.504674691365,49.5727954661562
34.5473962313331,49.5838543982319
34.5807391985116,49.5644608075918
34.5834913054752,49.5779495578736
34.585918822659,49.5756546046928
34.5801314559449,49.5645529653591
34.4920674861901,49.5756815776979
34.4965530407018,49.5618219485965
34.4911455130919,49.5662972196865
34.4962042793425,49.5399715667454
34.5194331671024,49.5654385790253
34.530003053446,49.6082492335606
34.5476793841198,49.5836543484443
34.5197819284617,49.5801703352904
34.5070124283969,49.5740901703992
34.6000591965815,49.5839308217462
34.5561877800527,49.5906943027657
34.5201099713244,49.5996088809389
34.5583597691118,49.5907797172817
34.4897815453997,49.566454562216
34.6020861561645,49.5688888759229
34.5197991938755,49.579880375486
34.5342468921641,49.5877452542121
34.5811708338572,49.5722380240516
34.5861674446181,49.5733304307566
34.5046332543718,49.5832047983599
34.5418056903366,49.592928566685
34.5174027544366,49.5710040090699
34.4857345323992,49.6030614255869
34.5939575993358,49.5817370173344
34.509111902718,49.5509203590504
34.6003181777889,49.5763424163219
34.5299167263769,49.6060981364068
34.5307351069922,49.5686258891236
34.4926752287568,49.5293666802549
34.4196632467744,49.5744588014684
34.584641182036,49.5909505463137
34.53670203401,49.615747728968
34.5871722917027,49.5789250815567
34.5996759043946,49.5841443580363
34.5213737996163,49.5633256936288
34.5313290372277,49.6192632106278
34.4853892241227,49.6031356013508
34.5119848675784,49.5656790883205
34.4957519255003,49.562037732637
34.5802350484279,49.5646720961315
34.6031531587389,49.5951740693565
34.5797308983442,49.5826024012469
34.4763628657751,49.5878036957231
34.4974473891379,49.5618107098444
34.551923222838,49.5821528511625
34.5794650109713,49.5775764313035
34.5935535886523,49.5749937660688
34.5050338119726,49.5582794939316
34.5993513146147,49.5855064947919
34.5860120558937,49.5707410222706
34.5301100990117,49.6076490841979
34.5848863509123,49.5811638409769
34.523362775289,49.5603384333181
34.6007083761413,49.5735844265543
34.495050949699,49.5618556648529
34.6032705635529,49.5641079107756
34.5478140543477,49.5942749691877
34.5993720331113,49.5872642356219
34.5869098574125,49.5793251811318
34.495858971066,49.5620309893858
34.5992062851386,49.586194306421
34.5367503771687,49.5884420568429
34.4969950352957,49.5624670529676
34.5380590955366,49.5899053423676
34.5654903850215,49.5928229224152
34.5326239432646,49.5986018887499
34.5576242624829,49.5803164390678
34.5145021649141,49.5753444151346
34.6012746817148,49.5730854259606
34.4927650089086,49.5295015452802
34.5631422887413,49.6608173726772
34.6015025851773,49.5720087535085
34.5779698261341,49.572453808092
34.5305693590194,49.6030367003322
34.5241984213181,49.5594820404073
34.5531974103782,49.5893186795075
34.4877511327339,49.5806221331252
34.4542424175827,49.5979702708813
34.57127084557,49.5796983077018
34.5039633563154,49.5741441164093
34.4844258140313,49.5904942529781
34.5791922174329,49.5775809268044
34.4875750255129,49.5900829146509
34.504146369702,49.5607744968999
34.5124441275862,49.561765754836
34.5341053157708,49.5989368035627
34.5271404478338,49.5596281441848
34.5145194303279,49.5752050546084
34.5257005123208,49.6124682611025
34.5538880269312,49.5548606655399
34.5096056935534,49.5579423313684
34.626188673864,49.6140079701415
34.5364983021269,49.6197374859669
34.514826754694,49.5751870726051
34.4869051274565,49.6047719636579
34.5074578760736,49.5632739953691
34.5960467144086,49.568196568793
34.5869271228264,49.5793836226427
34.5071298332109,49.5587178052639
34.5510461398157,49.5882150340503
34.510096031306,49.5578344393481
34.5606388037367,49.6218661056164
34.5956875938011,49.584468034097
34.5554591795893,49.5952594838725
34.585404313327,49.5792082981098
34.5861052891283,49.577834922602
34.6004735665133,49.5582075659181
34.5045641927165,49.5437275577003
34.5016290723663,49.5999235659979
34.5370853261969,49.5889792691938
34.5461254968756,49.5919440520002
34.5139289531751,49.5788396670406
34.5045538334682,49.5379148751093
34.5826004101219,49.5656835838213
34.5587154366366,49.5902919554401
34.6018893304469,49.5690776869584
34.500986798972,49.6251365824802
34.535555610532,49.5672030631065
34.5572513295443,49.5846770748863
34.5836777719445,49.6071343493513
34.6046000004174,49.60084064817
34.5589191685198,49.5903683789545
34.5346681682614,49.5721773347902
34.5871930101993,49.5788688877961
34.5802005176002,49.5771336244704
34.5319367797944,49.6198633599905
34.4718704050979,49.6137000283337
34.5603660101983,49.5965024898558
34.5405591274585,49.6425701347524
34.5999245263537,49.5851850664816
34.4961524831011,49.561808462094
34.6005840651618,49.5740811793975
34.5805458258767,49.577115642467
34.5046885036961,49.572714547141
34.5298891017147,49.6047921934117
34.6034294053601,49.5951650783548
34.5433975614913,49.6230371835862
34.5929769238306,49.5577085653245
34.5156451353093,49.5720694427699
34.5240948288351,49.5505607189829
34.5155070119987,49.5762300288008
34.6006427675688,49.5746116484971
34.510845350266,49.5570342401979
34.594454843254,49.5920541917709
34.5496407351303,49.6404482583541
34.4960903276113,49.5997931964734
34.5799795203033,49.5725077541022
34.4582514466729,49.5606598616284
34.5184732100938,49.5658723948568
34.5047126752754,49.565894872361
34.5280555147665,49.5592752473685
34.5142500898722,49.5789318248079
34.4920743923557,49.5757894697181
34.5174165667677,49.5812087959853
34.5020227238015,49.5622490211767
34.5829871553915,49.5653306870051
34.6009052018589,49.5740789316471
34.4451504506626,49.6012474909964
34.4903582102215,49.5639932755041
34.5535841556479,49.5816403640663
34.5796791021027,49.6262627054416
34.5418402211643,49.5944413027189
34.5251134882508,49.5606666048797
34.5212011454781,49.5536693578163
34.5196507113166,49.5798196862246
34.5838953161587,49.5732495117414
34.5087044389517,49.5860886621512
34.4988079037473,49.5411224149614
34.6009328265211,49.5733933677684
34.5006863807715,49.6130526762122
34.57592905422,49.5854975037903
34.5476172286301,49.5837375152099
34.4913319795612,49.5665444722329
34.484415454783,49.5826226310007
34.5085214255652,49.592395849835
34.5162735963725,49.5582345389232
34.4956414268519,49.5398928954806
34.492436966046,49.5775382195464
34.5013424664968,49.562282737433
34.5628591359546,49.5991368533503
34.5056519137875,49.5724088530836
34.4693876385899,49.6007597291549
34.5240430325937,49.566886130297
34.5013804504072,49.6747781505476
34.5273614451308,49.5595719504242
34.4924231537149,49.596066426274
34.5148509262733,49.5754612981565
34.4943810516426,49.5630627068294
34.5341881897571,49.638769188789
34.5500067619034,49.5789498068113
34.6001006335747,49.5822135404239
34.5293607800517,49.5659780391266
34.5852247530232,49.5809345704338
34.6120517530242,49.5979073338695
34.512872309849,49.6634045334128
34.500237480012,49.5541706061604
34.492274671156,49.5752522573673
34.5751037674391,49.5872777221244
34.6177838704141,49.6107262545255
34.5193261215367,49.6001258635359
34.46065824536,49.5650901777099
34.5152894677845,49.5750679418327
34.5860258682247,49.5728516599167
34.496535775288,49.5715614511746
34.4371807356411,49.6131673114837
34.5850659112161,49.580871633422
34.5994445478494,49.5853379135103
34.5366778624307,49.578814941786
34.5230968879161,49.5667467697709
34.5193261215367,49.5752320276135
34.5859878843143,49.5685067583512
34.5987539312964,49.588122876283
34.5839747370623,49.5575399840428
34.6003768801959,49.578958797813
34.5303310963087,49.5993301598865
34.4922366872456,49.5760502087671
34.5479176468306,49.5835801726804
34.549499158737,49.5887724761549
34.5467850356837,49.5841488535371
34.5301100990117,49.6024365509696
34.5984914970062,49.5702128009214
34.4927132126672,49.5383509386912
34.5153170924466,49.5618062143436
34.5354071279732,49.5672098063578
34.4941151642697,49.5625524674836
34.601785737964,49.5688034614069
34.5995170625874,49.5865921582457
34.5091291681318,49.5606306408729
34.5029377907342,49.561765754836
34.5802868446693,49.564541726607
34.5894513263276,49.5639887800032
34.5863228333425,49.5732585027431
34.5772688503328,49.606770213783
34.5789125177289,49.5653082095009
34.5230485447574,49.5574208532705
34.5984258884337,49.5693856287662
34.5378346451569,49.5668996167996
34.5861743507836,49.5728516599167
34.5764919067107,49.5854705307852
34.5403346770787,49.5641191495277
34.5771307270222,49.5708354277883
34.5070227876452,49.5739732873772
34.4959245796386,49.5631683510992
34.5618059457113,49.5871023975915
34.5119019935921,49.565591426054
34.4923471858941,49.5625659539862
34.555845924859,49.5906246225026
34.5144331032588,49.5740542063924
34.5358249509877,49.5562857393074
34.5471165316291,49.5954123309012
34.5089185300831,49.5528197081569
34.4749229302621,49.5477532787059
34.542416885986,49.5559013739853
34.4646534621191,49.5807300251454
34.6000315719194,49.5839218307445
34.4954756788791,49.5618152053453
34.5023783913263,49.542729556513
34.543739416685,49.5856503508189
34.4938976200556,49.5901548426644
34.5597444553006,49.5828159375369
34.5777281103405,49.6263481199576
34.5244159655323,49.5842702320599
34.4276743987891,49.5654003672682
34.5304036110467,49.6016655725749
34.5783185874933,49.5647395286441
34.6010260597557,49.5747465135224
34.5186942073907,49.5612734974936
34.5911744146273,49.5618129575948
34.5994514540149,49.6089370451897
34.4857448916475,49.6029647723187
34.5193433869506,49.5802714840594
34.5226479871566,49.5656049125566
34.5381765003507,49.5852322692405
34.5755561212814,49.5684190960848
34.5865541898877,49.5692327817375
34.5283248552222,49.599865124487
34.5175305184989,49.5681763390392
34.444484005689,49.6150689083406
34.5754939657916,49.5786036532463
34.5303794394674,49.5971633284798
34.6012677755493,49.5719840282539
34.5177825935408,49.5614151057702
34.4520738816063,49.581244759992
34.5150132211633,49.5751623473504
34.5455522851366,49.554456070464
34.4613695804096,49.5892355127419
34.5420577653785,49.5864617887212
34.6010053412591,49.5844388133415
34.5138253606921,49.5615522185459
34.5779111237271,49.5740047558832
34.5086630019585,49.6272427246255
34.490586113684,49.5639797890015
34.4820017499303,49.646308143704
34.6012056200595,49.570455557967
34.5338532407289,49.5975521893028
34.5190257033362,49.6000988905308
34.5743682608102,49.5897142835817
34.5280831394287,49.6028006865379
34.5446717490315,49.5947829607831
34.5203620463662,49.5996448449456
34.4398568747839,49.6062240104305
34.4964874321293,49.6737711583586
34.4974784668828,49.5426598762499
34.5760430059512,49.5858076933485
34.5154034195157,49.5618039665932
34.5051235921244,49.5914180784015
34.5109593019972,49.5618309395982
34.5808704156566,49.5702847289349
34.5630214308445,49.6234530174142
34.5044502409853,49.572799961657
34.5356868276771,49.5672143018586
34.4916393039273,49.5626536162526
34.487367840547,49.5900402073929
34.4893291915575,49.6041178682852
34.4903133201455,49.5905729242429
34.5766024053591,49.5857852158443
34.6072554210637,49.5811863184811
34.5527933996947,49.5942996944424
34.5089116239176,49.5589088640498
34.4968810835645,49.6000629265241
34.444380413206,49.6058980866193
34.5197646630479,49.5561778472872
34.4956621453484,49.5736069040585
34.5218503250379,49.5607250463906
34.5234456492753,49.5604845370955
34.4275535408924,49.5653891285161
34.4845812027557,49.5661331339057
34.5110594413974,49.5620040163807
34.5175477839128,49.5720424697648
34.5041325573709,49.5608891321714
34.4987146705127,49.6001595797922
34.4928651483088,49.6625661225055
34.5205623251666,49.5756366226894
34.5300997397634,49.6096001315641
34.4514281551293,49.6148733540539
34.5871757447854,49.5790194870744
34.5863642703357,49.6238531169893
34.5600241550046,49.6506148335123
34.5992200974696,49.5850929087143
34.535027288869,49.5725886731174
34.5762018477584,49.5858346663535
34.5556490991413,49.6598530877463
34.5796998205993,49.5835554474257
34.5783738368176,49.5651216462159
34.5756459014332,49.5858953556149
34.54194726673,49.5899772703811
34.465081644382,49.5637100589509
34.5305659059367,49.6003416475764
34.5942683767847,49.5824045992097
34.5792371075088,49.5653913762665
34.5995515934151,49.5857020490786
34.4336585912208,49.5717120504528
34.439135180486,49.6067499840292
34.510741757783,49.5467372955152
34.6063714318759,49.5639977710049
34.5756251829367,49.585965035878
34.5126478594693,49.565852165103
34.5995515934151,49.5845309711088
34.4991842897687,49.6759941835258
34.5282903243946,49.5625569629845
34.5338152568185,49.5878643849845
34.4920778454384,49.5847692326536
34.4844672510244,49.5807569981505
34.4852476477293,49.6105172137363
34.5091567927939,49.5508416877856
34.5849243348227,49.5812470077425
34.4489004985453,49.6097394920903
34.5843718415803,49.581202052734
34.5937814921148,49.5819910131321
34.5365604576166,49.5667108057641
34.5329278145479,49.590440306968
34.4871468432501,49.5965339583617
34.6014818666807,49.5718176947227
34.5117155271228,49.5978533878594
34.5998692770294,49.5843331690717
34.5255554828447,49.6124705088529
34.5079516669089,49.5714692934073
34.504674691365,49.5728763851714
34.5078342620949,49.5523072210607
34.5204759980975,49.5796218841874
34.5850348334712,49.5801478577862
34.5811984585193,49.5789048518029
34.519968394931,49.6007822066591
34.6027767727175,49.5645035148498
34.557534482331,49.5859920088831
34.4295908597237,49.6038548814858
34.563587736418,49.5814335710275
34.5335044793697,49.5905302169849
34.5270368553509,49.5963024400683
34.5482042527001,49.5834655374089
34.5221265716591,49.5674705454067
34.6004735665133,49.5746161439979
34.5420094222198,49.5558294459718
34.5087355166966,49.5594618106535
34.518925563936,49.5573624117595
34.5501103543864,49.592310435319
34.5801003782,49.5646608573794
34.5606388037367,49.5713119508777
34.5860086028109,49.5706668465066
34.486898221291,49.6047112743965
34.5473444350916,49.5554450806496
34.5852247530232,49.5801051505281
34.4869016743737,49.589950297376
34.4549019563908,49.5662028141688
34.5797205390959,49.5825372164846
34.5356799215116,49.6151543228566
34.5141879343825,49.5617882323402
34.4866392400836,49.5896378600674
34.5116637308813,49.6652724140134
34.4912249339955,49.5968801119267
34.5615055275107,49.5788801265482
34.5006725684404,49.6131246042257
34.5907462323644,49.5616106600569
34.590649546047,49.5630739455815
34.53012045826,49.6077929402249
34.585228206106,49.581100903965
34.5250444265955,49.56674227427
34.5191085773225,49.5798017042212
34.5230140139297,49.5573376865049
34.5319816698703,49.5971678239807
34.5998451054501,49.5844545475945
34.5463050571794,49.5842342680532
34.5046850506133,49.5725819298661
34.585169503699,49.5592819906198
34.5355763290286,49.5810964084642
34.5046988629444,49.5726493623788
34.5954735026696,49.5854592920331
34.5146471943902,49.5771763317284
34.5092707445252,49.6007394994011
34.5426862264417,49.5558923829836
34.4995226918797,49.5623187014398
34.5078273559294,49.5520397387605
34.576060271365,49.5856166345626
34.582451927563,49.5828833700496
34.5241086411662,49.5506933362578
34.5675864062598,49.575016243573
34.5120021329922,49.5443299548134
34.5180795586586,49.5613701507617
34.5449825264804,49.5947739697814
34.5366778624307,49.5967385036501
34.5063736080854,49.5518059727166
34.5846308227877,49.5721863257918
34.5334457769627,49.5851153862185
34.5145608673211,49.5742003101699
34.5349340556344,49.5975544370533
34.510976567411,49.5570297446971
34.5798034130823,49.5826788247612
34.585331798589,49.5810671877087
34.5316260023455,49.608768463908
34.4921227355144,49.5907032937673
34.6123832489697,49.5963159265708
34.600052290416,49.5867450052744
34.6042857698858,49.6303603544607
34.5988057275378,49.5880127365123
34.4893775347162,49.5616578628157
34.4425468262578,49.5700217421356
34.484532859597,49.5849782734428
34.513034604739,49.5762075512966
34.5845065118081,49.5722020600448
34.5157452747095,49.5583918814527
34.4996297374454,49.6065746594963
34.5135422079054,49.5996763134515
34.5769166358907,49.6218773443685
34.5221127593281,49.5675896761791
34.5397511060915,49.5901346129106
34.5465364137246,49.6025579294924
34.5565020105843,49.5905504467387
34.4964045581429,49.5617972233419
34.4963251372393,49.5998831064903
34.4340626019043,49.5716356269385
34.6003665209476,49.5918743717371
34.5821894932728,49.5758613977316
34.5492712552745,49.570253260429
34.5202239230556,49.5795454606731
34.5196576174822,49.5802242813005
34.575473247295,49.5754702891582
34.5386046826135,49.5958011917242
34.5410874491215,49.5783698872025
34.5342883291573,49.5988513890467
34.474556903489,49.6266156022578
34.563308036714,49.5827237797696
34.4963044187427,49.5435207646615
34.5804698580559,49.5568544201642
34.5189290170188,49.56136115976
34.4883105321418,49.5964215708406
34.5750001749562,49.5874238259018
34.5256003729207,49.6125851441244
34.582172227859,49.5756478614415
34.4737350697909,49.5864370634666
34.4909037972983,49.5843848673314
34.5294712787002,49.5652587589916
34.5139496716717,49.5920586872717
34.5244988395186,49.5602058160432
34.513165821884,49.6057834513478
34.5560151259144,49.5905774197437
34.5861674446181,49.5732629982439
34.5942994545296,49.5793116946292
34.600815421707,49.5739440666218
34.5818994343206,49.6341792824275
34.5298718363009,49.6052619732499
34.5865438306395,49.5702285351744
34.4315418514859,49.6051653199818
34.5188737676945,49.5574747992806
34.5203378747869,49.6041942917995
34.5915024574899,49.5816785758235
34.5173302396986,49.5767672411517
34.6015474752532,49.5720312310127
34.4911662315885,49.5667827337776
34.5232799013026,49.5605901813653
34.4640733442146,49.6054350500324
34.4935419525308,49.5624940259727
34.5757702124128,49.5856053958105
34.5201341429037,49.5997459937146
34.6009086549417,49.5722694925575
34.5996724513118,49.5857402608358
34.5059695974019,49.5741755849152
34.5328276751477,49.5985659247431
34.4741528928055,49.5747757342779
34.576619670773,49.5858593916082
34.5369575621346,49.5744295807129
34.4271598894572,49.5947852085335
34.5767992310767,49.5855649363029
34.4301053690557,49.5875339656725
34.5797067267648,49.5906628342598
34.5344264524679,49.556326198815
34.5194366201852,49.5802602453073
34.5428105374212,49.5560025227543
34.4858761087925,49.5897907070961
34.4989114962303,49.5411943429749
34.4912939956508,49.6065274567374
34.5233696814545,49.5723594025743
34.5144123847622,49.5789228338062
34.5432490789324,49.5558564189768
34.5227032364809,49.5648541639156
34.5047851900135,49.599907831745
34.5349927580414,49.5950729205875
34.5613777634484,49.5789340725583
34.5994721725115,49.5858908601141
34.5653280901315,49.5759602987502
34.5381039856126,49.6155386881788
34.6009362796038,49.5739440666218
34.5299892411149,49.6064690152265
34.6013679149494,49.5694395747763
34.6009259203555,49.5838094432234
34.5112942510254,49.5784822747235
34.5642161974812,49.5712827301222
34.5556905361345,49.5905729242429
34.5855838736308,49.5734091020214
34.4576126263613,49.5594977746603
34.5812813325057,49.6337567053482
34.5365673637822,49.5786216352497
34.599361673863,49.5861426081613
34.5307558254887,49.5962844580649
34.4796571067329,49.5720671950195
34.5861052891283,49.6501000986657
34.5859809781488,49.5709500630598
34.5726140947656,49.5666343822498
34.600066102747,49.5843466555743
34.5212184108919,49.600008980514
34.6001593359817,49.5864033472103
34.5412911810046,49.5785452117354
34.4950164188714,49.5617590115847
34.482402307531,49.5910292175785
34.5047195814409,49.5729617996874
34.5763088933241,49.5854637875339
34.5799622548894,49.6262087594315
34.5937227897078,49.582022481638
34.4451815284075,49.5639707979999
34.5767025447593,49.5852142872371
34.5175823147404,49.5810469579549
34.5117155271228,49.5777157918297
34.4495911150983,49.5846433586299
34.5470371107255,49.5839712812538
34.5095193664842,49.6229832375761
34.5915715191452,49.5818876166127
34.4925889016876,49.5293599370036
34.5128930283456,49.6634652226742
34.5201341429037,49.5719503119975
34.5103446532651,49.554759516771
34.4844120017002,49.5822809729365
34.5004066810675,49.5666051614943
34.4910315613606,49.6499135353807
34.5203033439592,49.5794780281604
34.5861812569491,49.5727684931511
34.5796549305234,49.5643641543237
34.5763572364828,49.5852682332472
34.4299637926623,49.5919957502599
34.5065324498925,49.5585222509772
34.4873471220504,49.5899300676222
34.511829478854,49.5976803110769
34.5168744327736,49.5627030667619
34.4679718746562,49.5827260275201
34.5200788935795,49.5800399657659
34.5089185300831,49.55507420183
34.5987470251308,49.5878823669879
34.5409251542316,49.5613858850147
34.4685761641401,49.5634852839087
34.5891267365476,49.5638404284754
34.5641229642466,49.5812043004845
34.5855286243066,49.5785317252328
34.4906137383461,49.5972060357379
34.5667680256445,49.5990739163384
34.4586692696874,49.5656813360709
34.4866703178285,49.6045224633611
34.5172024756363,49.5767807276542
34.5238703784554,49.560327194566
34.5867544686881,49.5552675083663
34.5392745806699,49.5951538396027
34.5478865690857,49.5941603339162
34.4956448799346,49.5620422281379
34.5347165114202,49.5745060042272
34.5970653738243,49.5866348655037
34.4910902637676,49.5922025432987
34.5111319561355,49.5618961243605
34.5984845908407,49.5881858132948
34.5258351825487,49.5855312200466
34.5297509784041,49.607718764461
34.4897884515653,49.5666793372582
34.5099371894988,49.5548831430442
34.5245471826773,49.5567105641372
34.5557216138794,49.5953066866314
34.526902185123,49.6032951916307
34.5837917236758,49.5764345740892
34.5358387633188,49.5566768478808
34.5095435380636,49.5608554159151
34.5072299726111,49.5589830398137
34.6013713680322,49.5715974151813
34.5852420184371,49.5815706838032
34.487941052286,49.5961406020379
34.4747537292066,49.6264267912224
34.5206693707323,49.6643013858312
34.5009798928065,49.5622849851834
34.5685739879306,49.5694665477814
34.6033637967876,49.5640382305125
34.5994687194287,49.5846321198778
34.5413429772461,49.5620871831463
34.5943754223504,49.5825372164846
34.4672985235171,49.626925791816
34.6003147247061,49.5839105919924
34.5653004654694,49.5756411181903
34.5506352229666,49.5855784228054
34.5298752893837,49.6109375430652
34.4906551753393,49.5645934248667
34.5358007794084,49.5745015087264
34.5295576057693,49.6064869972298
34.5763227056552,49.5719885237547
34.5424824945586,49.5560092660055
34.601609630743,49.569720543579
34.5757356815851,49.5673109551268
34.5298442116388,49.6085953871256
34.5464604459038,49.5929150801825
34.5261217884182,49.5605025190989
34.5806286998631,49.5725864253669
34.5393643608218,49.5906560910085
34.5986641511445,49.5877542452138
34.5120435699854,49.5441771077847
34.5239636116901,49.5942592349348
34.5032830990107,49.5482567748004
34.5183937891902,49.5662522646781
34.4833553583741,49.562916603052
34.548867244591,49.5954190741525
34.5645373341784,49.58107393096
34.5004964612194,49.5627547650216
34.5274650376137,49.5595292431662
34.5346405435993,49.555564211422
34.4429577431068,49.5889230754332
34.5150581112392,49.5506124172426
34.585390500996,49.5797387672094
34.5351412406002,49.5974060855254
34.5098301439331,49.5998965929929
34.5047195814409,49.5730112501967
34.5167742933734,49.5932702247491
34.4905584890218,49.5638269419728
34.5405971113689,49.5747532567736
34.5813227694988,49.5667265400171
34.5072403318594,49.5590796930818
34.5606733345644,49.5744430672154
34.5369195782242,49.5888039446608
34.600625502155,49.5734293317751
34.5444127678242,49.563044724826
34.5375445862047,49.5741216389051
34.427764178941,49.5653576600102
34.5366260661892,49.5666905760103
34.5805043888835,49.5864055949607
34.6057464238954,49.6049585269429
34.4653440786721,49.567003013319
34.4962042793425,49.5620175028832
34.5953595509384,49.5852255259892
34.5599516402665,49.5830856675876
34.4570808516155,49.6165928831266
34.600521909672,49.58554920205
34.5113080633565,49.5598911309841
34.5820755415416,49.5863988517094
34.5114082027567,49.5508574220386
34.487133030919,49.5789677888147
34.5099302833333,49.5547819942752
34.6183743475669,49.6234260444092
34.5844478094011,49.5982220189286
34.5770720246152,49.5853356657599
34.6004701134305,49.5856660850719
34.5800244103792,49.5568184561574
34.558459908512,49.5906336135043
34.5078204497639,49.5715592034241
34.5338187099013,49.5735012597886
34.6021483116543,49.6274899771719
34.4487036728277,49.6105082227346
34.5080379939781,49.5735799310534
34.5185181001697,49.5764592993439
34.5996966228912,49.5581895839148
34.5366502377685,49.5843713808289
34.5382904520819,49.609647334323
34.5417953310883,49.5927060393932
34.5365535514511,49.5564206043327
34.5836881311928,49.5765739346154
34.4494909756982,49.5517520267065
34.5036594850321,49.5657285388298
34.5382352027577,49.5879138354938
34.5006000537023,49.5622962239355
34.5470509230566,49.5840139885118
34.5033279890867,49.5758726364837
34.5408491864107,49.6224302909723
34.5126616718004,49.565777989339
34.5416503016122,49.5742857246859
34.556595243819,49.5903279194469
34.5075856401359,49.638236471939
34.6081117855894,49.609087644468
34.5853939540787,49.579086919587
34.5335700879422,49.5922767190627
34.6103079462279,49.6049787566967
34.5002340269293,49.5541009258973
34.6093100053088,49.6124794998546
34.5637880152184,49.5813571475131
34.5736154887674,49.5815796748049
34.5176859072234,49.5680864290223
34.5381523287713,49.5850524492067
34.5239601586073,49.5842702320599
34.5500792766415,49.5414865505297
34.5340535195293,49.5988199205408
34.548998461736,49.5897075403305
34.5280209839389,49.5625097602256
34.5460771537169,49.5553461796311
34.5027340588511,49.5618354350991
34.5156313229782,49.5585874357394
34.5224546145218,49.571116396591
34.509919924085,49.550801228278
34.5751417513496,49.5872057941109
34.5800071449654,49.5645776906138
34.5787329574251,49.5843106915675
34.5401758352716,49.5558654099785
34.4959694697145,49.5620287416353
34.6007290946379,49.5744767834717
34.5910811813926,49.5613094615003
34.5102203422855,49.6694352477948
34.5192225290538,49.579736519459
34.492509480784,49.5293621847541
34.5184732100938,49.5659555616224
34.4608861488225,49.5585784447377
34.4724021798437,49.6130481807113
34.5627037472302,49.5991435966015
34.5200374565863,49.6009620266928
34.6005391750858,49.5824450587173
34.5757494939162,49.5860279728898
34.5528659144328,49.5942187754272
34.4924266067977,49.596066426274
34.5857116376931,49.5788216850373
34.5009937051375,49.6130661627147
34.5398408862434,49.5789205860558
34.4585794895355,49.5656026648061
34.4965219629569,49.5624220979592
34.5778627805683,49.5724425693399
34.5422580441788,49.5926925528907
34.5227792043017,49.5647934746543
34.5463119633449,49.5932005444861
34.5037458121012,49.5753151943791
34.6092823806467,49.5833823706433
34.5078066374328,49.5526668611282
34.5209421642707,49.5948661275487
34.5929216745063,49.6294792362953
34.548646247294,49.5832475056179
34.5778558744028,49.581388616019
34.5240568449247,49.5661331339057
34.5520475338175,49.5869383118107
34.5187908937082,49.5800759297727
34.4802199592235,49.58720129861
34.490247711573,49.5639932755041
34.534557669613,49.5569870374391
34.5236631934895,49.5657038135751
34.540507331217,49.5560519732635
34.4440316518467,49.6065431909904
34.4875957440095,49.6051226127237
34.5378380982397,49.5741665939135
34.4864044304556,49.56493058743
34.5146748190523,49.5752769826219
34.5816024692028,49.5645619563608
34.5696617090016,49.5870754245864
34.4948368585676,49.6265301877418
34.5851073482092,49.5814088457728
34.5762260193378,49.5855424587987
34.5619475221046,49.5797904654691
34.4918672073898,49.5861808199185
34.4854410203642,49.5906066404992
34.5772792095811,49.5729145969285
34.4222288872688,49.601879108865
34.5562464824597,49.6589315100733
34.5517712871963,49.5870619380839
34.590604655971,49.581937067122
34.4546671467628,49.6086133691289
34.5286667104159,49.5646069113692
34.4879168807066,49.5900536938954
34.5205519659183,49.5995751646825
34.565497291187,49.5768481601668
34.5163150333657,49.5932792157508
34.5815334075475,49.5645439743574
34.5090911842214,49.5998403992323
34.5298303993077,49.6065993847509
34.5987090412204,49.5871540958512
34.601036419004,49.5729483131849
34.6003009123751,49.5831396135977
34.5509356411672,49.5392477911095
34.5995170625874,49.5852480034934
34.5985881833236,49.587259740121
34.5473893251676,49.5899862613828
34.5763917673105,49.585203048485
34.5372476210869,49.596455287097
34.5436910735263,49.5899547928769
34.539170988187,49.5987075330197
34.5051201390417,49.6065544297425
34.5961468538088,49.5579221016146
34.5194228078541,49.5571803439753
34.4834106076984,49.5858683826099
34.5242709360561,49.5603316900668
34.5104206210859,49.5619410793689
34.5574895922551,49.5953921011474
34.547368606671,49.6368091504211
34.5436047464572,49.5587964765287
34.5305693590194,49.6025646727436
34.493376204558,49.5995436961766
34.5410183874662,49.6223988224664
34.519277778378,49.5996268629422
34.5440605533821,49.5816785758235
34.5397234814293,49.5949313123109
34.5009246434823,49.5999460435021
34.5971171700658,49.5866191312508
34.4520220853649,49.5699003636128
34.5119261651714,49.5445232613497
34.6167755702467,49.5897277700842
34.5442435667687,49.5560587165148
34.5757046038402,49.569390124267
34.4855308005161,49.585203048485
34.5200754404967,49.5801568487879
34.5730077462008,49.5958618809856
34.6084778123625,49.5954482949079
34.5155829798195,49.5766683401331
34.5800071449654,49.5646653528802
34.5766403892695,49.585331170259
34.5036387665355,49.5722537583045
34.4920778454384,49.5755646946759
34.5212805663817,49.5671109053392
34.5431765641943,49.5859335673721
34.5147715053697,49.5465215114747
34.5146437413074,49.5750432165781
34.5933464036864,49.5819662878775
34.5376516317704,49.5662949719361
34.4850542750945,49.650133814922
34.4845432188453,49.5850929087143
34.5425481031311,49.596194548048
34.5195436657509,49.5802669885585
34.5714158750462,49.6051945407372
34.5595579888313,49.5832205326129
34.4945985958568,49.6425611437507
34.5048922355792,49.5911101365937
34.5589398870164,49.5897007970792
34.5416848324398,49.578426080963
34.4736107588114,49.5807008043899
34.4870812346775,49.5784800269731
34.537568757784,49.5901458516627
34.4971366116891,49.5619770433756
34.5187667221288,49.5755197396675
34.5948692131858,49.6449055474407
34.4977754320006,49.5616331375611
34.5362807579127,49.6196408326987
34.57951335413,49.582555198488
34.519146561233,49.5996246151918
34.5804871234697,49.5725437181089
34.5761604107652,49.5859470538746
34.4837041197334,49.6406325738887
34.5758461802336,49.5699992646313
34.5053722140835,49.574600409745
34.6004355826029,49.6306705440189
34.5200374565863,49.5633571621347
34.5211251776573,49.6000112282644
34.5755284966192,49.5864707797229
34.4879272399549,49.587158591352
34.510727945452,49.5996920477045
34.5773137404087,49.5766054031213
34.4326813687983,49.613978749386
34.5845168710564,49.580599655621
34.5297337129903,49.6069747590714
34.5769822444633,49.5852682332472
34.5527208849567,49.5844500520937
34.5739366254646,49.5654835340338
34.504909500993,49.5582412821745
34.4495980212639,49.5798106952229
34.5674862668596,49.589577170806
34.5741679820098,49.609833897608
34.5857876055139,49.5757400192088
34.5490191802326,49.5906178792513
34.5202998908764,49.5796893167001
34.5761845823446,49.5860324683907
34.5303656271363,49.602582654747
34.4920122368659,49.5861493514126
34.5906909830402,49.5575175065386
34.5363878034784,49.5620647056421
34.5087769536898,49.592353142577
34.4875853847612,49.5628401795376
34.4868705966289,49.604655080636
34.4900094488622,49.5627682515241
34.5813296756644,49.5666523642532
34.5995723119117,49.5843444078238
34.6010467782523,49.5733236875053
34.5211838800643,49.5662545124285
34.5181520733966,49.5613207002524
34.5047092221926,49.5923733723308
34.5128412321041,49.5483916398258
34.526094163756,49.5618444261007
34.4967084294262,49.6625009377432
34.5310873214342,49.6030254615801
34.485295990888,49.5897030448296
34.5109247711696,49.5603092125626
34.4967533195022,49.5619186018647
34.4880480978517,49.6059183163731
34.5189152046877,49.5771516064738
34.4871054062569,49.5792599963695
34.5086491896275,49.5923801155821
34.5418989235713,49.5827642392772
34.5167570279596,49.5629458238075
34.4457098500705,49.5661196474032
34.519909692524,49.5798331727271
34.5570130668335,49.5900177298887
34.4455510082633,49.5661713456629
34.5279968123595,49.6028051820388
34.5339084900532,49.5989120783081
34.5327586134924,49.5758613977316
34.5861294607077,49.5708579052925
34.5807875416703,49.5670389773257
34.4600919397866,49.6069837500731
34.5194746040956,49.5796735824471
34.5360666667813,49.5618421783503
34.5185422717491,49.5651441237201
34.4342974115323,49.5882734755613
34.5369748275484,49.6368518576791
34.5794270270609,49.5645619563608
34.5192984968746,49.5800714342718
34.5515226652372,49.5911820646072
34.6002214914715,49.5837240287074
34.601564740667,49.5699857781288
34.6107464877391,49.6043336523257
34.546854097339,49.5833621408895
34.5144192909277,49.5742744859338
34.4921814379214,49.5907954515346
34.584993396478,49.5816044000595
34.5197370383858,49.6697656671068
34.5074647822391,49.5634358333994
34.5524239198389,49.5846321198778
34.5111526746321,49.5467620207699
34.5324443829608,49.5962844580649
34.4928824137227,49.5972802115018
34.5536290457239,49.5839038487411
34.601257416301,49.5731910702304
34.5705111673617,49.56818083454
34.5175236123334,49.5998538857348
34.5303828925501,49.602310676946
34.5414051327359,49.5897075403305
34.4929480222952,49.5294700767743
34.4940909926904,49.5996291106927
34.4894707679509,49.5617163043267
34.5013079356692,49.5422103261656
34.5475861508852,49.5366538871227
34.5463154164277,49.5887904581583
34.5158246956131,49.5584975257226
34.48822075199,49.5965362061121
34.5275962547588,49.5628221975343
34.4646638213674,49.5707994637815
34.5240292202626,49.5594977746603
34.4299914173244,49.5547617645214
34.5990854272418,49.5855064947919
34.5807461046771,49.5671940721048
34.4974715607173,49.5427093267592
34.5728074674004,49.5963676248305
34.4894431432888,49.5665399767321
34.5021677532776,49.6080469360226
34.5195367595854,49.5798668889834
34.5613121548759,49.5789902663189
34.5416295831156,49.5945581857409
34.5100027980713,49.5578951286095
34.54403292872,49.5849085931797
34.5422614972616,49.5920204755146
34.5177549688787,49.5517317969527
34.5198233654549,49.6706805015285
34.5052996993455,49.5914248216528
34.4971469709374,49.5617252953284
34.4640042825593,49.5645754428633
34.4927235719155,49.5733776335154
34.5195298534199,49.5800804252735
34.5410598244594,49.5615477230451
34.5561774208044,49.5707230402672
34.490717330829,49.5662814854335
34.59958267116,49.5867472530248
34.5036698442804,49.5668681482937
34.4329783339161,49.5600417302624
34.4290487257296,49.5819662878775
34.4786660719793,49.5852524989943
34.5777488288371,49.5813436610106
34.5297268068248,49.6070624213378
34.4445288957649,49.6085616708692
34.5759221480544,49.5859470538746
34.5821687747762,49.5833306723836
34.5248337885468,49.6386927652746
34.4955447405344,49.5620422281379
34.5098439562641,49.549879650605
34.5620131306772,49.5820404636414
34.5861294607077,49.5713569058862
34.5120228514888,49.5736136473097
34.536643331603,49.5922924533156
34.5244297778633,49.6029670200692
34.5238565661244,49.6011643242308
34.5915577068142,49.5810761787104
34.5200443627518,49.5798084474725
34.5499756841585,49.5877519974634
34.5096091466361,49.5578861376078
34.4930895986886,49.5905324647353
34.5765126252072,49.5858616393586
34.520600309077,49.5796151409362
34.5069744444865,49.5744745357213
34.5563984181013,49.5904515457201
34.4873712936298,49.5968801119267
34.5774898476297,49.5727415201461
34.5180174031688,49.5998628767365
34.5432007357737,49.5695519622974
34.5459908266478,49.5920137322633
34.6018996896952,49.5689832814407
34.5433595775809,49.5933893555215
34.5838711445794,49.5765784301162
34.6011607299835,49.5710534595792
34.4883174383074,49.5965384538626
34.4875957440095,49.5899885091332
34.5557803162864,49.5755826766793
34.5462118239447,49.5550157603191
34.4836454173264,49.5348422002826
34.522803375881,49.5649103576762
34.5099475487471,49.5920204755146
34.4879375992032,49.5592640086164
34.5202239230556,49.6027489882782
34.5202204699728,49.5560160092568
34.5859947904798,49.5546943320087
34.4904548965389,49.5638314374737
34.5061698762022,49.5995684214313
34.5445577973003,49.5834363166534
34.5067638064378,49.5339318613618
34.5370335299554,49.5528062216543
34.4848919802045,49.5370292614431
34.6004597541823,49.5840611912707
34.5435149663053,49.5587987242791
34.5005793352058,49.5659982688804
34.541843674247,49.5942592349348
34.5760982552755,49.6468925588137
34.5409596850592,49.5660994176494
34.5043121176747,49.5661421249074
34.4920916577695,49.5627165532644
34.514605757397,49.5753534061363
34.4326986342122,49.5855312200466
34.5709255372935,49.5837667359654
34.4974784668828,49.5619725478748
34.5849968495608,49.5813324222585
34.519498775675,49.6025084789831
34.5154068725985,49.5753376718833
34.4923230143147,49.5449705636836
34.4875922909267,49.6050124729531
34.5762087539239,49.5854143370246
34.5179448884307,49.5615544662963
34.5393229238286,49.58773401546
34.5297647907352,49.6127649641582
34.5936364626387,49.5577310428287
34.6056531906608,49.5732225387363
34.4507099139142,49.5616106600569
34.4565663422836,49.5651508669713
34.5754594349639,49.6229540168206
34.5939058030944,49.5824900137258
34.5413809611565,49.5684280870865
34.5460011858961,49.5932814635012
34.4920847516039,49.5753017078766
34.5779629199685,49.5725729388644
34.5052893400972,49.5912787178753
34.5405763928723,49.5997437459642
34.4798366670366,49.5573354387544
34.5785637563696,49.5651621057235
34.465330266341,49.5639415772444
34.4542493237483,49.5666905760103
34.4653060947617,49.5666658507557
34.4529509646286,49.5672704956192
34.4891427250882,49.5587784945253
34.4952788531615,49.5620422281379
34.4367421941299,49.5907235235211
34.5999521510158,49.585980770131
34.6000488373332,49.5837959567209
34.4572604119193,49.5661084086511
34.511991773744,49.5445030315959
34.601785737964,49.5701611026617
34.5047299406892,49.5725010108509
34.5087458759449,49.5509765528109
34.4985696410365,49.6735958338257
34.5572064394684,49.5900267208904
34.4923540920596,49.5935422025502
34.599772590712,49.5837712314662
34.5271369947511,49.567189576604
34.5019847398911,49.5627502695208
34.538259374337,49.5764188398363
34.5122576611168,49.5623861339524
34.51888067386,49.5575557182958
34.5934879800798,49.5819438103733
34.5605973667435,49.5881610880402
34.5459148588269,49.5933646302669
34.4933865638063,49.6053563787676
34.5169365882634,49.5714288338997
34.5200996120761,49.5793813748923
34.5213220033749,49.5655015160372
34.5151617037222,49.5507315480149
34.5003134478329,49.5537570200828
34.5987988213723,49.5877564929643
34.5999728695124,49.5835487041745
34.5290534556856,49.6044280578434
34.5809601958085,49.5752792303724
34.5588017637058,49.5891163819695
34.5518541611827,49.5882262728024
34.4917636149068,49.5296026940492
34.5115325137362,49.578367639452
34.5205312474217,49.6043111748214
34.4333857976824,49.591202294361
34.4451228260005,49.6150689083406
34.4874783391955,49.5899637838785
34.5368401573206,49.5761963125445
34.6181706156837,49.5967047873938
34.45573760242,49.6107442365289
34.5136734250505,49.5567015731355
34.5094088678358,49.5505517279812
34.545296757012,49.5868888613014
34.5405591274585,49.5639460727452
34.5520302684037,49.5862235271765
34.5159524596754,49.5582817416821
34.5577934635384,49.5914742721621
34.5654178702834,49.5540851916444
34.5080207285642,49.5737575033367
34.4962457163357,49.5995931466859
34.6122934688178,49.6132662125022
34.5581180533183,49.591074172587
34.5813193164161,49.556874649918
34.5464190089106,49.5843129393179
34.5154862935021,49.6103441369538
34.600977716597,49.5845556963635
34.575708056923,49.5694777865335
34.5527070726256,49.5885207281077
34.5893408276791,49.5541031736478
34.4802337715546,49.5630042653184
34.6016027245775,49.5704960174746
34.6011883546457,49.5733281830062
34.5193399338678,49.602539947489
34.4868257065529,49.6490661334716
34.5219642767692,49.5675087571639
34.5363463664852,49.6197981752282
34.5783565714037,49.5671985676057
34.5998105746224,49.5862505001816
34.5015082144695,49.6747691595459
34.6108811579669,49.5977589823416
34.5583804876084,49.5926093861251
34.5340120825361,49.5669648015618
34.5764780943796,49.5851760754799
34.4970226599578,49.5608216996588
34.586492034398,49.5681313840308
34.4978065097455,49.5617859845898
34.5423961674894,49.5934208240274
34.6068963004561,49.6023646229561
34.5151513444739,49.575288221374
34.5810292574638,49.6337522098473
34.4901268536762,49.5640000187553
34.5734393815464,49.5658881291097
34.4960834214458,49.5620264938849
34.527064480013,49.5948391545436
34.5134213500086,49.5594887836586
34.4944777379601,49.6425229319935
34.5915991438074,49.580988516444
34.5128274197731,49.6574075352872
34.6015336629222,49.5706488645033
34.4763421472785,49.5884510478446
34.4783000452062,49.5852120394867
34.5759843035442,49.5816830713243
34.6004148641063,49.5857829680938
34.5944790148333,49.582555198488
34.51454705499,49.5742677426825
34.5588328414506,49.5799455602482
34.5154966527504,49.5618017188427
34.5319091551322,49.5870776723368
34.5339292085498,49.6222482231881
34.4628716714124,49.564600168118
34.5288082868093,49.5643079605631
34.4731307803071,49.5663713954504
34.5132521489532,49.6058104243528
34.6126180585977,49.6301108541639
34.5577658388763,49.5897277700842
34.4846709829076,49.6266448230133
34.5114530928326,49.5476161659302
34.5146126635626,49.575548960423
34.6006496737343,49.5843421600734
34.4873609343815,49.5967407514005
34.5120332107371,49.5465102727226
34.518397242273,49.5611993217297
34.4643254192564,49.5642427758009
34.4960765152802,49.6059610236311
34.5992960652905,49.5876710784482
34.5716714031708,49.5673424236327
34.5177894997063,49.5614083625189
34.5074164390804,49.5574905335336
34.5316847047525,49.6005304586118
34.5037389059357,49.5657195478281
34.5464500866555,49.6026028845008
34.5197439445513,49.5797477582111
34.5749034886388,49.5872709788731
34.491335432644,49.5666456210019
34.576281268662,49.5858908601141
34.6011123868248,49.5745194907298
34.5777142980095,49.5817977065958
34.5852143937749,49.6103688622084
34.6219103043182,49.6301558091723
34.5441537866168,49.5854008505221
34.5004066810675,49.5627188010149
34.6002836469612,49.5753062033774
34.544840950087,49.5833621408895
34.5346509028476,49.5668299365365
34.5214704859338,49.5655554620473
34.5641989320674,49.5905819152446
34.5211458961539,49.5573961280158
34.59208948156,49.5834228301509
34.5346681682614,49.5976645768239
34.5356488437667,49.5736069040585
34.4967498664194,49.5999123272458
34.511197564708,49.5982782126891
34.5117535110332,49.5608936276723
34.5516228046374,49.5875407089237
34.6006669391481,49.5737282825813
34.5445612503831,49.5814515530309
34.5119330713369,49.5782282789259
34.5953871756005,49.5853379135103
34.5992857060422,49.5863201804447
34.6012988532941,49.5702083054206
34.4939045262211,49.5902470004317
34.5929216745063,49.5825147389804
34.593543229404,49.581937067122
34.5557595977898,49.5702172964223
34.5208454779533,49.5750994103386
34.4562037685932,49.6068309030444
34.4912180278299,49.5969880039469
34.529840758556,49.5996583314481
34.5364844897958,49.5641169017773
34.4858795618753,49.5896895583271
34.4876924303269,49.590008738887
34.5151133605635,49.5506708587535
34.4520324446132,49.5699722916263
34.5299650695356,49.6055564285552
34.5183592583625,49.5756546046928
34.6007360008035,49.5726268848745
34.5447131860247,49.5816291253142
34.5087493290277,49.5510260033202
34.5545993619808,49.5945469469888
34.5539191046761,49.5912629836224
34.4608170871672,49.5654273402732
34.5087596882759,49.550902377047
34.5986676042272,49.5872529968698
34.488469373949,49.5962395030565
34.5366847685962,49.5785586982379
34.5118191196057,49.5782934636881
34.416862796652,49.5944480459702
34.5183316337004,49.6689699634574
34.5550240911609,49.5951246188472
34.586139819956,49.5705229904796
34.5884188545808,49.5787407660221
34.4896365159236,49.5824450587173
34.5005068204677,49.6131178609744
34.5437290574367,49.5828451582924
34.599817480788,49.5846815703871
34.5091878705388,49.5588998730481
34.5349823987931,49.6103733577093
34.523304072882,49.6231360846047
34.6123141873144,49.6115129671732
34.524419418615,49.5602327890482
34.5568749435229,49.6014048335259
34.5341260342674,49.6225718992488
34.600345802451,49.5667085580137
34.4978410405731,49.6427252295315
34.5342330798331,49.6225988722539
34.5990336310003,49.5862460046807
34.5332454981623,49.598554685991
34.5020399892153,49.5627053145123
34.507730669612,49.5586323907479
34.4944017701392,49.5391533855918
34.4941496950974,49.5664208459597
34.6017960972123,49.5699453186212
34.4277607258583,49.565404862769
34.5372061840937,49.5754657936574
34.5113322349358,49.5784148422109
34.518352352197,49.5666770895078
34.5089323424142,49.5573197045015
34.5861260076249,49.5780462111417
34.527109370089,49.5959855072588
34.4995641288729,49.6742184606925
34.501839710415,49.5622625076792
34.5159973497513,49.575463545907
34.4999854049702,49.5999550345038
34.518058840162,49.5803681373275
34.5760188343719,49.5643866318279
34.6122554849074,49.5962664760615
34.59042854875,49.5645394788566
34.6071967186567,49.5958101827259
34.546515695228,49.5578906331086
34.5773931613123,49.6212637085033
34.6005909713273,49.5837105422049
34.5767474348353,49.5725864253669
34.5621512539878,49.5867967035341
34.6155842566928,49.6311111031016
34.5005620697919,49.6130481807113
34.5154068725985,49.6058890956176
34.6003043654578,49.5834992536652
34.4586727227702,49.5656813360709
34.5425688216277,49.5935489458015
34.4924266067977,49.5292138332262
34.5978319581981,49.5614151057702
34.5803697186557,49.5643281903169
34.541477647474,49.561435335524
34.5863400987563,49.5684977673495
34.5581560372287,49.5895074905429
34.5264670966947,49.6036503361974
34.5441123496236,49.5947919517848
34.5437739475126,49.5837554972133
34.5527623219498,49.5843084438171
34.4899196687103,49.6709839478354
34.5940819103154,49.5826046489973
34.4924093413839,49.5799837720054
34.5419058297368,49.5783698872025
34.5263048018047,49.5657914758416
34.5098888463401,49.6229585123214
34.5764988128762,49.5675986671808
34.5674344706182,49.5702217919231
34.524419418615,49.556773501149
34.6198902509007,49.6310391750881
34.5013493726623,49.6251455734819
34.4999267025632,49.6610309089673
34.5845099648909,49.5806873178874
34.5034315815696,49.5729190924294
34.4408168317926,49.609460771038
34.5824795522251,49.5830631900834
34.5058003963464,49.5450514826988
34.5244746679393,49.5657982190928
34.6009155611072,49.572053708517
34.5796480243578,49.564541726607
34.6114267450438,49.5980421988948
34.5759981158753,49.5856953058274
34.5183040090383,49.5517565222073
34.5823448819973,49.5831643388523
34.5758358209853,49.5855312200466
34.5995170625874,49.5865921582457
34.5025579516301,49.5641618567857
34.5175546900783,49.5718986137378
34.5199200517723,49.6008473914213
34.570859928721,49.5681695957879
34.5925314761539,49.5818966076144
34.5183178213694,49.5800871685248
34.6002387568853,49.582555198488
34.5242743891389,49.5595247476654
34.4983762684017,49.6645306563742
34.4694118101692,49.6429455090728
34.5867441094398,49.5589852875641
34.5045089433923,49.572772988652
34.459100905033,49.5629413283066
34.6104875065317,49.6194228009078
34.5272198687374,49.5946750687628
34.4926924941706,49.6260289393977
34.5157590870405,49.5756208884365
34.5169227759323,49.5813728817661
34.5558113940313,49.6598058849874
34.5036422196183,49.5666546120036
34.5472684672708,49.5861875631698
34.5145850389004,49.5738406701023
34.5934776208315,49.5820472068927
34.4552507177501,49.5610195016959
34.565673398408,49.5982310099302
34.592044591484,49.5837150377057
34.4258615303375,49.5655464710456
34.4839838194373,49.5993189211344
34.5093052753528,49.5469238588003
34.5819028874034,49.5839105919924
34.5076823264533,49.552255522801
34.472015434574,49.6263818362139
34.599655185898,49.5839465559992
34.5648688301238,49.5949717718185
34.576398673476,49.5853086927548
34.4972022202616,49.5623906294533
34.5846480882015,49.580685070137
34.5182487597141,49.5610622089539
34.5520820646451,49.5645125058515
34.4996918929352,49.5555934321775
34.4814837875155,49.5887162823944
34.5180761055758,49.6698016311135
34.6007567193,49.5879745247552
34.5455833628815,49.5809548001876
34.6073279358018,49.6245836358764
34.53295543921,49.5979747663821
34.5054274634078,49.6001843050469
34.5750657835287,49.5806356196277
34.4971538771029,49.5618691513554
34.520893821112,49.5536266505583
34.5869512944057,49.5795139921672
34.51005114123,49.5721054067767
34.5652797469728,49.5758726364837
34.5106485245484,49.5467035792589
34.5464915236487,49.5834722806601
34.5092914630218,49.5597068154495
34.4919915183693,49.6634112766641
34.5308766833855,49.5686596053799
34.5417677064262,49.5900559416458
34.5227515796396,49.5647103078887
34.4928547890605,49.5294003965112
34.5084178330822,49.673816113367
34.6010053412591,49.584441061092
34.4341247573941,49.5883588900773
34.4912214809127,49.5967474946518
34.602006735261,49.5690147499466
34.600508097341,49.5839555470008
34.519160373564,49.5673873786411
34.4857863286407,49.5897817160944
34.4940633680283,49.5632874818716
34.5070331468935,49.5587695035236
34.5098197846848,49.5732360252389
34.5170712584912,49.5654745430321
34.5405211435481,49.5638763924821
34.6131153025158,49.5992717183756
34.4871157655052,49.5785519549866
34.5776210647748,49.5707814817782
34.5251376598302,49.5934410537812
34.5156554945576,49.5582615119283
34.5714089688806,49.5963698725809
34.4965426814535,49.5713748878895
34.5082693505233,49.6602486918205
34.5237564267242,49.5578501736011
34.4637038643587,49.6253501187703
34.6013644618667,49.5730314799505
34.5547236729603,49.5945402037375
34.5782322604242,49.5659915256291
34.4439556840259,49.5774640437824
34.5403830202375,49.5748364235392
34.4277883505204,49.5654745430321
34.5180415747482,49.5615027680366
34.5194366201852,49.5801029027777
34.5904561734122,49.5599293427413
34.5339050369704,49.5409987886882
34.4864493205315,49.5900154821382
34.4782896859579,49.5897569908397
34.5423823551584,49.6624986899928
34.6009535450176,49.5716828296973
34.6013679149494,49.5726516101292
34.4758518095259,49.5875856639322
34.5811950054365,49.6337522098473
34.5359181842224,49.5982220189286
34.5773724428157,49.5727392723956
34.5433941084085,49.5911933033593
34.5320541846084,49.6004045845882
34.6010536844178,49.5843039483162
34.5938263821908,49.5824945092266
34.5742715744928,49.6269392783186
34.5213289095404,49.5567937309028
34.5191638266468,49.5800107450104
34.4451331852488,49.5976353560684
34.5044951310612,49.5998111784768
34.5174959876713,49.5575579660462
34.4521394901789,49.5699677961254
34.5767577940836,49.5811908139819
34.4875784785957,49.6050529324607
34.4864078835384,49.5897547430893
34.5384492938891,49.6204769958556
34.5535634371513,49.5911505961013
34.5886640234571,49.5574815425319
34.4996608151903,49.592395849835
34.5730181054491,49.5975184730465
34.5406868915208,49.5782552519309
34.4839285701131,49.5892085397368
34.5100062511541,49.5995077321699
34.4575642832026,49.563982036752
34.4539799832926,49.5667040625129
34.5436979796918,49.5795544516748
34.5461669338688,49.5548179582819
34.5390397710419,49.6276315854485
34.5344713425438,49.5555237519144
34.4920778454384,49.5879430562493
34.5444542048173,49.5928116836631
34.5206382929874,49.5942165276767
34.5639019669496,49.5812559987442
34.5159110226822,49.558196327166
34.545061947384,49.5713726401391
34.5436323711193,49.5680751902702
34.5898656962594,49.5575242497899
34.5749380194664,49.5872035463605
34.4561692377656,49.5599900320027
34.5299547102873,49.5997302594616
34.5799967857171,49.6268538638025
34.507848074426,49.6251433257315
34.528504415526,49.5998763632391
34.5181209956518,49.5801546010374
34.4838008060508,49.590067180398
34.4969225205577,49.6005057333572
34.5183765237764,49.6690666167256
34.4459619251124,49.5661331339057
34.5193917301093,49.5664051117068
34.5404900658032,49.5782462609292
34.5528693675156,49.5856908103265
34.486970736029,49.5899795181315
34.5201168774899,49.5797567492128
34.4445185365166,49.597388103522
34.5155449959091,49.5760861727738
34.5188530491979,49.5574073667679
34.4421013785811,49.6079929900125
34.5749656441285,49.587131618347
34.4328194921089,49.5846838181375
34.5602037153083,49.626653814015
34.5348580878135,49.5990604298359
34.5797205390959,49.5824900137258
34.5056898976979,49.5720986635254
34.4273118250988,49.565420597022
34.4975233569588,49.5425384977272
34.5473858720848,49.5810379669532
34.4888768377153,49.6050664189632
34.5054654473182,49.5999617777551
34.5263462387979,49.5534558215263
34.4900094488622,49.5640000187553
34.4968085688264,49.561765754836
34.5216638585686,49.5576860878203
34.5237495205586,49.5594977746603
34.506936460576,49.5593022203736
34.4252641470192,49.5664815352211
34.485178586074,49.6500731256606
34.579851756241,49.5568251994087
34.5053860264146,49.5997797099709
34.5376965218463,49.5741261344059
34.4537210020852,49.5660499671401
34.4899024032965,49.5922272685534
34.5650449373448,49.5949920015723
34.6010778559972,49.5940142301388
34.4968569119851,49.6630403978445
34.6008050624587,49.5743464139473
34.4747744477032,49.6000134760148
34.5860189620592,49.5731236377178
34.543166204946,49.5589043685489
34.4796916375605,49.5861650856656
34.5528175712741,49.5943446494508
34.4440178395157,49.5595045179116
34.5292606406515,49.5977207705845
34.5293642331345,49.5918451509817
34.6011779953974,49.572267244807
34.5120470230682,49.5442647700512
34.504895688662,49.558499773473
34.5017913672563,49.6305356789936
34.5282143565737,49.5626266432476
34.50887709309,49.5595539684208
34.5409147949833,49.5617792413385
34.4976234963589,49.5617522683334
34.60675127098,49.6121603192947
34.4868118942219,49.5791363700963
34.5002651046741,49.5665894272413
34.4202226461823,49.5916743219496
34.6010467782523,49.5733236875053
34.5238565661244,49.6012429954956
34.5297855092318,49.5586953277597
34.5781252148585,49.5724403215895
34.5485392017283,49.5415292577877
34.5423927144067,49.596252989559
34.5521165954728,49.592081164776
34.5363360072369,49.5675896761791
34.5380349239573,49.566326440442
34.5531559733851,49.5892107874872
34.4938941669728,49.562570449487
34.6009569981004,49.571520991667
34.5189117516049,49.557620903058
34.5042879460953,49.5730000114446
34.5562084985493,49.5843219303196
34.5838815038277,49.5765222363557
34.4562279401726,49.5598461759757
34.538259374337,49.6203578650833
34.601036419004,49.57318882248
34.4964252766395,49.5411291582126
34.6002836469612,49.5833509021374
34.5169262290151,49.5715681944258
34.5374271813907,49.6155791476864
34.4873643874642,49.6034974891687
34.6252908723451,49.6114365436588
34.5190982180742,49.5801590965383
34.6074798714434,49.5811031517155
34.6164613397151,49.5833576453886
34.5764159388898,49.5855716795542
34.5985191216683,49.6088786036787
34.5801694398553,49.5773314265075
34.5091153558007,49.5575444795437
34.6080910670928,49.5969745174444
34.6168480849848,49.5935062385434
34.510330840934,49.5546920842583
34.5043052115091,49.5658993678618
34.5175132530851,49.5806985566395
34.6102078068277,49.583535217672
34.5511117483882,49.5859875133822
34.5269090912886,49.6032097771147
34.5576242624829,49.6589607308288
34.5768993704769,49.5684955195991
34.5049889218966,49.5725909208678
34.474204689047,49.6116680619523
34.4546740529284,49.5666298867489
34.5005689759575,49.6127447344044
34.509229307532,49.5507293002645
34.4767116271343,49.6260311871481
34.5122680203651,49.5438152199668
34.5157314623784,49.5759265824939
34.4870259853533,49.5787025542649
34.5363981627267,49.5755624469255
34.5155933390678,49.5950774160883
34.51979228771,49.5796825734488
34.576913182808,49.5858908601141
34.5004446649779,49.5996403494448
34.5185111940042,49.5613117092508
34.6273143788454,49.6273528643962
34.4272151387814,49.565420597022
34.4948713893953,49.5630941753353
34.4449881557726,49.5818673868589
34.6171208785232,49.6089168154359
34.5036594850321,49.5667759905264
34.5407525000933,49.5918946014909
34.4926096201842,49.6416170885735
34.5846031981255,49.5817392650849
34.5218123411275,49.6044550308484
34.5457214861921,49.5547235527642
34.5761604107652,49.5852390124917
34.4746259651443,49.5885387101111
34.5147922238663,49.605934050626
34.5089288893314,49.5593808916384
34.5395888112015,49.5949875060715
34.6002940062095,49.5734855255357
34.5274063352067,49.5661173996528
34.5338705061427,49.5980534376469
34.5801521744415,49.5771538542242
34.5007174585163,49.5627255442661
34.547883116003,49.5815886658066
34.536878141231,49.5802422633039
34.5383491544889,49.6093910907749
34.4921192824316,49.6635416461886
34.50513049829,49.5582233001711
34.5982256096333,49.5869855145695
34.5178689206099,49.6635461416894
34.5114427335843,49.6011306079745
34.5794063085643,49.5825327209838
34.5557734101209,49.5547617645214
34.4802165061408,49.5630042653184
34.5509736250776,49.592827417916
34.5998658239467,49.5831396135977
34.4973748743999,49.5619725478748
34.6108673456358,49.61160287719
34.5042361498538,49.5735147462912
34.5064841067338,49.675989688025
34.5950453204068,49.5815279765452
34.5418022372539,49.5923081875686
34.5614675436003,49.5873339158849
34.5794166678126,49.564499019349
34.5860500398041,49.5707972160311
34.4306889400429,49.5923329128232
34.536936843638,49.5817033010781
34.5261010699216,49.5604171045828
34.5780837778653,49.5670816845837
34.492450778377,49.6618400991192
34.543563309464,49.5795656904269
34.5120435699854,49.59956167818
34.4963216841566,49.5617724980872
34.4562417525037,49.5610689522052
34.4894327840405,49.5665894272413
34.5424997599724,49.5692754889955
34.623132695617,49.6203331398287
34.5144607279209,49.5739822783789
34.5988886015242,49.5885769218682
34.5333629029763,49.5734855255357
34.5827143618531,49.5657959713424
34.6004217702718,49.5834722806601
34.4586381919425,49.5791790773543
34.5851833160301,49.580828926164
34.5816646246926,49.5790554510811
34.5103619186789,49.5548134627811
34.5611602192342,49.5879812680064
34.6018064564606,49.5846388631291
34.5531041771436,49.5890939044653
34.4951579952648,49.6638608267485
34.5759981158753,49.5853873640196
34.5940888164809,49.5824675362216
34.570963521204,49.5791790773543
34.5147784115353,49.5754500594044
34.5594405840173,49.5888241744146
34.5846446351187,49.5808603946699
34.4801888814787,49.624767951411
34.5773758958985,49.5724717900954
34.5491987405364,49.5953786146449
34.5060593775537,49.5825035002283
34.5299823349494,49.5963518905775
34.5483803599211,49.593232012992
34.5791300619431,49.6359302800061
34.5061629700367,49.5694418225267
34.5848241954225,49.5909213255583
34.5318297342287,49.5757287804567
34.5956703283872,49.5844995026029
34.4252019915294,49.5666973192616
34.5637362189769,49.5816201343125
34.5202757192971,49.5517407879544
34.5277481904005,49.5635594596726
34.487133030919,49.5782574996814
34.5383249829095,49.6094787530414
34.5096816613742,49.5462720111779
34.5252585177269,49.5611790919759
34.5628625890374,49.5992852048781
34.4987146705127,49.626035682649
34.536936843638,49.5667040625129
34.4319527683349,49.5892377604923
34.51604569291,49.5585110122251
34.609057930267,49.5723211908172
34.5798275846616,49.5787947120322
34.4913906819682,49.5815864180562
34.5382766397508,49.5640000187553
34.5814263619818,49.5728943671747
34.4522499888274,49.5674413246512
34.546384478083,49.5580434801373
34.5756459014332,49.5699318321187
34.5076201709635,49.5747689910266
34.5820064798863,49.6342287329367
34.4868671435461,49.6005034856068
34.6217341970972,49.6342826789469
34.5567886164538,49.5901211264081
34.5421613578614,49.561936583868
34.4982277858428,49.6008653734247
34.519146561233,49.5756815776979
34.5852627369337,49.5761940647941
34.5852316591888,49.5814065980224
34.5137183151264,49.5920586872717
34.5456075344608,49.5929487964388
34.5933360444381,49.5818044498471
34.4918292234793,49.6050259594556
34.5341674712605,49.5914945019158
34.6001835075611,49.5838341684781
34.5847689460983,49.5800691865214
34.5071298332109,49.5586436295
34.5362703986644,49.568974290439
34.4149359764692,49.5906673297606
34.5193399338678,49.580354650825
34.5191500143157,49.6050192162043
34.5404969719687,49.5748229370367
34.5178482021133,49.5517093194485
34.5943270791917,49.5834835194122
34.5275375523518,49.5659735436258
34.5103032162719,49.5726223893737
34.6124350452111,49.6113983319017
34.4955412874517,49.5991638263553
34.5791507804397,49.5691361284693
34.601844440371,49.6052642210003
34.5543093030285,49.5942367574306
34.5375031492115,49.5663399269445
34.48955709502,49.583519483419
34.5341294873501,49.5672300361116
34.5152134999637,49.5921800657945
34.5631526479896,49.5814785260359
34.5459390304063,49.5813391655098
34.5306625922541,49.6113825976487
34.6269207274101,49.615950026506
34.6010398720868,49.5726313803754
34.4972712819169,49.5618062143436
34.5865231121429,49.571419842898
34.6014680543496,49.569262002493
34.5891025649683,49.5592842383702
34.5077410288603,49.5585244987276
34.5848483670019,49.570929833306
34.4930170839505,49.5625434764819
34.4870639692637,49.589891855865
34.5284664316156,49.5625209989777
34.5115774038122,49.6235047156739
34.5185353655836,49.5753691403892
34.5303034716465,49.6034974891687
34.4849541356943,49.5897749728431
34.6081117855894,49.5971430987261
34.5340258948672,49.5672345316124
34.6011710892318,49.5724021098323
34.6013989926943,49.5723144475659
34.6034328584429,49.5639730457503
34.5194469794335,49.5723009610634
34.5368332511551,49.6149632640708
34.4672052902824,49.5637752437131
34.5347544953306,49.5721323797817
34.5768890112286,49.5859672836284
34.4244112355762,49.5658926246106
34.5356108598563,49.5964485438457
34.4924300598804,49.6415946110693
34.5992995183732,49.5894378102798
34.5745374618657,49.5558002252163
34.5160698644894,49.5583604129468
34.4997920323353,49.5666905760103
34.4529026214699,49.5666051614943
34.5807115738494,49.6337746873515
34.4392491322173,49.6067499840292
34.5517333032859,49.6474949559267
34.4911662315885,49.528962085179
34.5860224151419,49.5727639976503
34.4912283870782,49.5969363056872
34.4498535493885,49.58357792493
34.5052893400972,49.5913551413897
34.6015371160049,49.5716221404359
34.4972574695859,49.5619680523739
34.4548294416528,49.5609745466875
34.5245161049325,49.5604530685896
34.5991303173177,49.5866573430079
34.4623122720045,49.6090988832201
34.5074475168253,49.5634650541549
34.489836794724,49.5670254908232
34.537686162598,49.5562745005553
34.5200547220001,49.5996560836977
34.5408906234039,49.5560609642652
34.4236619166162,49.5737350258325
34.5850175680573,49.5813931115199
34.4276674926236,49.5654857817842
34.4887525267358,49.6291667989867
34.577735016506,49.6319360275064
34.457191350264,49.6073321513885
34.6145586911116,49.6170649107152
34.4899162156276,49.5957764664695
34.512005586075,49.5450762079535
34.509008310235,49.5682460193023
34.59867105731,49.5888961024281
34.550541989732,49.60531591926
34.5199304110206,49.6009462924399
34.534571481944,49.5558744009802
34.547441121409,49.5828541492941
